P -268.9160, 418.8865, -272.7244,  127, 64, 0,  2,  Prince_Room
P 271.9170, 1114.9214, -388.6501,  127, 64, 0,  2,  Queen's_Room
P 98.2358, 964.5870, -303.3846,  0, 127, 0,  3,  Lower_South_Green
P 98.5008, 799.6776, -303.3836,  0, 0, 255,  3,  Lower_North_Blue
P 244.4842, 799.9162, -303.3681,  255, 0, 0,  3,  Lower_North_Red
P 244.4323, 964.5181, -303.3798,  0, 0, 255,  3,  Lower_South_Blue
P 276.2326, 853.6127, -273.8923,  0, 0, 255,  3,  Upper_East_Blue
P 284.4315, 920.7704, -273.4543,  255, 0, 0,  3,  Upper_East_Red
P 335.8731, 706.2772, -275.0515,  255, 0, 0,  3,  Upper_North_Red
P 4.3185, 708.3277, -273.5182,  0, 0, 255,  3,  Upper_North_Blue
P 14.9556, 866.8776, -275.0514,  255, 0, 0,  3,  Upper_West_Red
P 15.2502, 898.1357, -273.5049,  0, 127, 0,  3,  Upper_West_Green
P 6.5928, 1059.6946, -272.7050,  0, 127, 0,  3,  Upper_South_Green
P 338.2175, 1056.1515, -273.5222,  0, 0, 255,  3,  Upper_South_Blue
P 1305.4518, -1094.4391, -450.9922,  127, 0, 0,  2,  3
P 1152.3782, -868.4726, -456.6806,  127, 0, 0,  2,  2
P 1150.5619, -799.8111, -456.6804,  127, 0, 0,  2,  1
P 1421.1399, -938.9412, -452.8555,  127, 0, 0,  3,  NE
P 1421.1404, -730.3132, -452.8819,  127, 0, 0,  3,  SE
P 1200.2401, -735.2419, -455.7173,  127, 0, 0,  3,  SW
P 1193.9358, -938.9413, -452.8491,  127, 0, 0,  3,  NW
