L 338.9381, 583.1092, -10.7732,  397.5668, 582.7693, -6.5364,  255, 0, 255
P 224.8413, 96.4093, -43.4559,  0, 0, 0,  2,  1.2.3.4_activate_here
P 324.0014, 516.0707, -36.7371,  0, 0, 0,  2,  Kill_2,1_>_3,4_here
P 230.1573, 142.3682, -43.5208,  127, 0, 0,  3,  5.The_Star
P 44.7789, -22.4294, -44.7853,  240, 0, 0,  2,  4.Choreographer_(Snare)
P 390.3285, -245.9088, 13.8642,  240, 240, 0,  2,  3.Stage_Manager_(Mez)_cant_cast_bene/disc
P 179.7028, 540.1565, -46.4064,  0, 0, 240,  2,  1.Production_Manager_(Root)_cant_cast_detri/agro
P 524.8979, 500.9813, -12.1054,  0, 127, 0,  2,  2.Head_of_Wardrobe_(Stun)_Cant_Melee
P -1089.9983, -349.5784, 9.9880,  255, 0, 255,  2,  Raid_2
P 274.0521, 292.1333, -46.3637,  0, 0, 0,  2,  blow_up
P 472.2156, 507.4843, -18.1864,  240, 240, 0,  2,  Yellow_tank_here
P 526.9116, 420.2508, -28.1417,  240, 240, 0,  3,  X
P 186.4794, -83.1454, -34.1491,  127, 0, 0,  2,  The_Star_tank_spot
P 473.8877, 408.5971, 27.6350,  0, 0, 0,  2,  Pillar_for_Snarer
P 358.3404, 510.2653, 14.7248,  0, 0, 0,  2,  Pillar_for_Healers
P 369.9712, 32.8638, -38.6273,  240, 0, 0,  2,  Kite_Red_Here
