P -180.6454, -508.2360, 4.8134,  255, 0, 255,  2,  to_2nd_Floor
P -674.4742, -683.3910, 56.7881,  255, 0, 255,  2,  to_3rd_Floor
P -657.6566, -1191.1299, 77.4735,  255, 0, 255,  2,  to_4th_Floor
P -673.0000, -709.0000, 66.3612,  255, 0, 255,  2,  to_2nd_Floor
P 95.3035, -1188.0237, 182.0617,  255, 0, 255,  2,  to_3rd_Floor
P -85.2366, -1007.4899, 115.0335,  255, 0, 255,  2,  to_4th_Floor
P -221.4277, -508.9209, 4.3007,  255, 0, 255,  2,  to_8th_Floor
P -100.8483, -1188.0485, 189.1833,  255, 0, 255,  2,  to_5th_Floor
P 153.4854, -146.7181, 213.9790,  255, 0, 255,  2,  to_4th_Floor
P 95.5044, -607.0182, 214.2035,  255, 0, 255,  2,  to_6th_Floor
P 321.6702, -714.7974, 9.7142,  255, 0, 255,  2,  to_5th_Floor
P 379.7025, -551.6778, 20.9264,  255, 0, 255,  2,  to_8th_Floor
P -47.3264, -253.2063, 351.3295,  255, 0, 255,  2,  1st_Floor
P -54.3368, -235.6513, 351.3297,  255, 0, 255,  2,  2nd_Floor
P -48.1336, -219.5965, 351.1053,  255, 0, 255,  2,  3rd_Floor
P -16.4408, -221.3260, 351.3297,  255, 0, 255,  2,  6th_Floor
P -11.0771, -235.1937, 351.3297,  255, 0, 255,  2,  5th_Floor
P -17.9415, -251.1444, 351.3296,  255, 0, 255,  2,  4th_Floor
P -0.3547, -848.6113, 303.0139,  255, 0, 255,  2,  to_?
P 394.4515, -1337.6432, 45.4533,  255, 0, 255,  2,  to_7th_Floor
P 600.0594, -535.4470, 379.1131,  255, 0, 255,  2,  to_?
