P -1952.9375, 584.3868, 30.7335,  127, 0, 0,  2,  RAID_SPOT
P 322.1734, 1726.5931, 1.6297,  127, 0, 0,  2,  RAID_SPOT
P 1313.8853, 1199.5706, -0.7191,  127, 0, 0,  2,  RAID_SPOT_2
P 2447.3430, 833.2391, 8.8582,  127, 0, 0,  2,  RAID_SPOT
P -1335.1222, -1490.5829, -7.4790,  127, 0, 0,  2,  RAID_SPOT
P 727.8790, 2264.1174, 9.5304,  127, 64, 0,  2,  Glarelord_Cluster
P -2067.2095, -1841.9142, 1.6200,  127, 0, 0,  3,  Darkness_(raid)
P 2723.4441, 1024.4119, 14.7051,  127, 0, 0,  3,  Ulrich_the_Ageless_(raid)
P 674.5938, 2356.9282, 8.7007,  127, 0, 0,  3,  Monarch_Widow_(raid)
P -2179.7019, 950.1426, 33.3290,  127, 0, 0,  3,  Glimpse
