P 1354.8827, 1194.6658, -101.6942,  0, 0, 240,  2,  Rowain_McKay_(T1_Raid)
P 1184.8478, 1165.8086, -110.6986,  0, 0, 240,  2,  a_worrisome_shade_(T2_Raid)
P 1204.7190, 1308.0824, -110.4689,  0, 0, 240,  2,  a_worried_escaped_slave_(T2_Raid)
P -543.0442, -718.9209, -128.4406,  0, 0, 0,  3,  1-91%
P -54.3121, -924.2266, -125.9084,  0, 0, 0,  3,  2
P -39.2394, -710.7686, -123.5540,  0, 0, 0,  3,  3-60%
P -645.3913, -1186.4218, -121.4764,  0, 0, 0,  3,  4-50%
P -265.6627, -1042.7887, -124.7202,  0, 0, 0,  3,  5-40%
P -174.7863, -262.8669, -92.1852,  0, 0, 0,  3,  Run_South_Here
P -727.8315, -791.8751, -121.1735,  127, 0, 0,  2,  Eom_Sentien_02
P 10.4321, -682.2715, -121.7270,  127, 0, 0,  2,  EoM_Sentien_03
P -634.6754, -678.5171, -121.1774,  127, 0, 0,  2,  EoM_Sentien_00
P -634.7950, -787.2881, -121.1751,  127, 0, 0,  2,  EoM_Sentien_01
P -383.6719, -1010.2462, -121.3893,  127, 0, 0,  2,  Pli_Liako_00
P -385.5632, -1091.6753, -121.3880,  127, 0, 0,  2,  Pli_Liako_01
P -253.7657, -998.9789, -121.2711,  127, 0, 0,  2,  Pli_Liako_02
P -59.4849, -999.7021, -127.3022,  127, 0, 0,  2,  Pli_Senshali_01
P -65.6836, -884.6602, -122.9279,  127, 0, 0,  2,  Pli_Senshali_00
P -258.9281, -1093.3832, -121.2699,  127, 0, 0,  2,  Pli_Liako_03
P 13.4846, -759.4073, -121.6714,  127, 0, 0,  2,  Eom_Sentien_04
P -598.5829, -1091.3811, -123.2614,  127, 0, 0,  2,  Eom_Sentien_05
P -597.0540, -1254.8540, -122.7857,  127, 0, 0,  2,  Eom_Sentien_06
P -714.1471, -1266.3529, -122.1764,  127, 0, 0,  2,  Eom_Sentien_07
P 142.1660, -1011.3630, -107.8965,  127, 0, 0,  2,  Pli_Senshali02
