L 303.9538, 365.3466, -192.4306,  304.0361, 293.9060, -193.9306,  255, 0, 255
L -302.6004, 530.1912, -191.1958,  -302.7026, 439.2264, -190.9140,  255, 0, 255
L 130.5077, 295.0124, -193.2438,  130.4212, 326.3466, -191.0016,  255, 0, 255
L -431.1515, 468.3505, -192.4306,  -431.3487, 410.4042, -193.9306,  255, 0, 255
P 199.7917, 474.5701, -194.3623,  127, 0, 0,  3,  Bravo_+_Wild-Eyed
P 210.2788, 319.8076, -194.3633,  127, 0, 0,  3,  Charlie_+_Impassioned
P 650.1044, -174.0436, -194.3633,  127, 0, 0,  3,  Delta_+_Outraged
P -339.8673, 429.5522, -194.3633,  127, 0, 0,  3,  Alpha_+_Riled_Up
P -1039.2555, -120.6666, -352.6653,  127, 0, 0,  2,  Kylim
P -1133.7411, 79.5389, -351.6603,  127, 0, 0,  2,  Hargil
P -796.4061, -91.6317, -359.8389,  127, 0, 0,  2,  Girplik
