L -1248.8239, -1276.4756, -0.2053,  -1239.3737, -1276.4684, -0.2063,  0, 0, 0
L -1239.3737, -1276.4684, -0.2063,  -1234.1067, -1281.7322, -0.2063,  0, 0, 0
L -1234.1067, -1281.7322, -0.2063,  -1234.0973, -1302.1923, -0.2063,  0, 0, 0
L -1234.0973, -1302.1923, -0.2063,  -1239.3661, -1307.4650, -0.2063,  0, 0, 0
L -1239.3661, -1307.4650, -0.2063,  -1259.8311, -1307.4644, -0.2063,  0, 0, 0
L -1259.8311, -1307.4644, -0.2063,  -1267.1769, -1300.1154, -0.2053,  0, 0, 0
L -1150.1752, -1276.4745, -0.2062,  -1159.6592, -1276.4701, -0.2063,  0, 0, 0
L -1159.6592, -1276.4701, -0.2063,  -1164.9274, -1281.7399, -0.2063,  0, 0, 0
L -1164.9264, -1302.1957, -0.2063,  -1159.6570, -1307.4639, -0.2063,  0, 0, 0
L -1159.6570, -1307.4639, -0.2063,  -1139.2006, -1307.4646, -0.2063,  0, 0, 0
L -1164.9264, -1302.1957, -0.2063,  -1164.9274, -1281.7399, -0.2063,  0, 0, 0
L -1139.2006, -1307.4646, -0.2063,  -1131.8550, -1300.1166, -0.2063,  0, 0, 0
L -1123.1852, -1678.6941, -0.2063,  -1123.2223, -1713.7948, -0.2063,  0, 0, 0
L -1123.2223, -1713.7948, -0.2063,  -1134.2455, -1713.7737, -0.2063,  0, 0, 0
L -1134.2455, -1713.7737, -0.2063,  -1139.1906, -1708.8169, -0.2063,  0, 0, 0
L -1139.1906, -1708.8169, -0.2063,  -1159.6664, -1708.8163, -0.2063,  0, 0, 0
L -1159.6664, -1708.8163, -0.2063,  -1164.9268, -1714.0929, -0.2063,  0, 0, 0
L -1164.9268, -1714.0929, -0.2066,  -1164.9247, -1734.5226, -0.2066,  0, 0, 0
L -1164.9258, -1721.6449, -0.2066,  -1234.1056, -1721.6454, -0.2066,  127, 127, 0
L -1234.1073, -1734.5414, -0.2066,  -1234.1049, -1714.0790, -0.2066,  0, 0, 0
L -1234.1049, -1714.0790, -0.2063,  -1239.3755, -1708.8168, -0.2063,  0, 0, 0
L -1239.3755, -1708.8168, -0.2063,  -1259.8285, -1708.8163, -0.2063,  0, 0, 0
L -1259.8285, -1708.8163, -0.2063,  -1264.7699, -1713.7576, -0.2063,  0, 0, 0
L -1264.7699, -1713.7576, -0.2063,  -1275.7260, -1713.7941, -0.2063,  0, 0, 0
L -1275.6459, -1678.6897, -0.2063,  -1275.7260, -1713.7941, -0.2063,  0, 0, 0
L -1234.1073, -1734.5414, -0.2066,  -1238.8550, -1739.2953, -0.2056,  0, 0, 0
L -1160.2190, -1739.3295, -0.2065,  -1164.9247, -1734.5226, -0.2066,  0, 0, 0
L -1164.9258, -1726.9795, -0.2066,  -1234.1056, -1726.9799, -0.2066,  127, 127, 0
L -1659.8389, -1878.8278, -60.2063,  -1659.8396, -1899.5691, -60.2073,  0, 0, 0
L -1659.8396, -1899.5691, -60.2063,  -1656.8617, -1902.6266, -60.2063,  0, 0, 0
L -1656.8617, -1902.6266, -60.2063,  -1656.8622, -1915.9036, -60.2063,  0, 0, 0
L -1656.8622, -1915.9036, -60.2063,  -1691.4253, -1927.4939, -60.2063,  0, 0, 0
L -1691.4253, -1927.4939, -60.2063,  -1691.6786, -1945.6730, -60.2063,  0, 0, 0
L -1659.8405, -1798.3401, -60.2063,  -1659.8400, -1779.0060, -60.2063,  0, 0, 0
L -1659.8400, -1779.0060, -60.2063,  -1656.8617, -1775.9109, -60.2063,  0, 0, 0
L -1656.8617, -1775.9109, -60.2063,  -1656.9109, -1762.5121, -60.2063,  0, 0, 0
L -1656.9109, -1762.5121, -60.2063,  -1691.4247, -1751.0630, -60.2063,  0, 0, 0
L -1691.4247, -1751.0630, -60.2063,  -1691.6780, -1732.8572, -60.2063,  0, 0, 0
L -1568.6930, -1288.9728, -0.2063,  -1549.0381, -1288.9723, -0.2063,  0, 0, 0
L -1549.0381, -1288.9723, -0.2063,  -1547.0176, -1291.0015, -0.2053,  0, 0, 0
L -1547.0176, -1291.0015, -0.2063,  -1442.9164, -1290.4928, -0.2063,  0, 0, 0
L -1648.8986, -1288.9728, -0.2063,  -1669.4762, -1288.9728, -0.2054,  0, 0, 0
L -1669.4762, -1288.9728, -0.2063,  -1671.4413, -1290.6563, -0.2063,  0, 0, 0
L -1671.4413, -1290.6563, -0.2063,  -1719.2837, -1290.7505, -0.2063,  0, 0, 0
L -1719.2837, -1290.7505, -0.2063,  -1746.9612, -1283.5602, -0.2063,  0, 0, 0
L -1763.3184, -1264.6012, -0.2063,  -1746.9612, -1283.5602, -0.2063,  0, 0, 0
L -1763.3184, -1264.6012, -0.2063,  -1768.6338, -1196.5667, -0.2063,  0, 0, 0
L -1628.2544, -1070.1896, -30.2063,  -1621.6027, -1064.6592, -30.2063,  0, 0, 0
L -1621.8683, -1063.9667, -30.2063,  -1621.8683, -1044.4644, -30.2063,  0, 0, 0
L -1621.8683, -1044.4644, -30.2065,  -1627.1233, -1039.2013, -30.2064,  0, 0, 0
L -1627.1233, -1039.2013, -30.2064,  -1644.8611, -1039.1940, -30.2081,  0, 0, 0
L -1652.3322, -1043.9268, -30.2066,  -1645.3108, -1038.6022, -30.2083,  0, 0, 0
L -1622.3245, -965.2898, -30.2065,  -1627.1205, -970.0178, -30.2065,  0, 0, 0
L -1627.1205, -970.0178, -30.2065,  -1647.4302, -970.0259, -30.2052,  0, 0, 0
L -1647.4302, -970.0259, -30.2055,  -1652.4805, -965.2684, -30.2063,  0, 0, 0
L -2308.4180, -1514.3888, -39.8398,  -2303.4490, -1519.3467, -40.2063,  0, 127, 127
L -2229.7361, -1514.2731, -40.2063,  -2234.7417, -1519.3583, -40.2063,  0, 127, 127
L -2229.7571, -1946.7439, -56.7247,  -2234.5049, -1951.4900, -58.6161,  0, 0, 0
L -2234.5049, -1951.4900, -60.2064,  -2234.5081, -1971.9412, -60.2064,  0, 0, 0
L -2234.5081, -1971.9412, -60.2064,  -2229.7649, -1976.6846, -60.2064,  0, 0, 0
L -2308.3997, -1946.6952, -56.6407,  -2303.6851, -1951.4717, -58.9228,  0, 0, 0
L -2303.6851, -1951.4717, -60.2064,  -2303.6709, -1971.9722, -60.2064,  0, 0, 0
L -2303.6709, -1971.9722, -60.2064,  -2308.9539, -1977.2146, -60.2064,  0, 0, 0
L -2308.9539, -1977.2146, -60.2050,  -2329.4043, -1977.2151, -63.5944,  0, 0, 0
L -2329.4043, -1977.2151, -64.2814,  -2331.6851, -1974.9375, -64.7323,  0, 0, 0
L -2493.5293, -1800.5779, -155.2054,  -2494.4954, -1799.6050, -155.2063,  0, 0, 0
L -2494.4954, -1799.6050, -155.2063,  -2494.4954, -1779.1514, -155.2064,  0, 0, 0
L -2493.5293, -1800.5779, -153.6952,  -2493.7146, -1974.8622, -118.7707,  0, 0, 0
L -2494.4954, -1779.1514, -155.2065,  -2489.2283, -1773.8853, -155.2065,  0, 0, 0
L -2489.2283, -1773.8853, -155.2065,  -2468.7720, -1773.8782, -155.2065,  0, 0, 0
L -2468.7720, -1773.8782, -154.5462,  -2463.5042, -1779.1563, -154.5667,  0, 0, 0
L -2463.5042, -1779.1563, -154.6230,  -2463.5042, -1799.6342, -155.1566,  0, 0, 0
L -2463.5042, -1799.6342, -157.2063,  -2468.4822, -1804.5879, -157.2060,  0, 0, 0
L -2468.4822, -1804.5879, -157.2060,  -2468.4336, -1909.0757, -165.2063,  0, 0, 0
L -2468.4336, -1909.0757, -165.2063,  -2408.7100, -1963.7234, -165.2062,  0, 0, 0
L -2470.1851, -1773.8849, -154.6126,  -2470.4197, -1704.7079, -154.5647,  0, 127, 127
L -2468.6824, -1704.7078, -154.5647,  -2489.2217, -1704.7095, -154.9749,  0, 0, 0
L -2489.2217, -1704.7095, -155.0000,  -2494.1702, -1699.7671, -155.2066,  0, 0, 0
L -2494.4966, -1698.8860, -155.2066,  -2494.4954, -1680.0597, -155.2067,  0, 0, 0
L -2578.3240, -1679.9191, -155.2066,  -2494.4954, -1680.0597, -155.2066,  0, 0, 0
L -2468.6824, -1704.7078, -154.5665,  -2463.5037, -1699.4396, -154.5951,  0, 0, 0
L -2463.5037, -1699.4396, -154.6030,  -2463.5044, -1678.9413, -155.1795,  0, 0, 0
L -2463.5044, -1678.9413, -157.2063,  -2468.4822, -1674.0060, -157.2062,  0, 0, 0
L -2468.4822, -1674.0060, -157.2062,  -2468.4224, -1569.5071, -165.2063,  0, 0, 0
L -2468.4224, -1569.5071, -165.2063,  -2408.8306, -1514.9185, -165.2063,  0, 0, 0
L -2408.8306, -1514.9185, -165.2063,  -2110.1858, -1514.8849, -205.1864,  0, 0, 0
L -2408.4385, -1963.7206, -165.2063,  -2114.6189, -1963.7228, -205.1656,  0, 0, 0
L -1150.1752, -1276.4745, 0.1062,  -1150.1747, -1200.1753, 0.1062,  0, 0, 0
L -1150.1747, -1200.1753, 0.1062,  -1248.8556, -1200.1747, 0.1062,  0, 0, 0
L -1248.8556, -1200.1747, 0.1062,  -1248.8239, -1276.4756, 0.1062,  0, 0, 0
L -1267.1769, -1300.1154, 0.1062,  -1369.1869, -1300.1293, 0.1062,  0, 0, 0
L -1369.1869, -1300.1293, 0.1062,  -1388.7920, -1320.3152, 0.1062,  0, 0, 0
L -1388.7920, -1320.3152, 0.1062,  -1388.7902, -1429.7001, 0.1062,  0, 0, 0
L -1388.7902, -1429.7001, 0.1062,  -1413.7931, -1454.6991, 0.1062,  0, 0, 0
L -1413.7931, -1454.6991, 0.1062,  -1413.7931, -1524.1045, 0.1062,  0, 0, 0
L -1413.7931, -1524.1045, 0.1062,  -1388.7902, -1549.1028, 0.1062,  0, 0, 0
L -1388.5138, -1659.8163, 0.1062,  -1369.1974, -1678.6719, 0.1062,  0, 0, 0
L -1369.1974, -1678.6719, 0.1062,  -1275.6459, -1678.6897, 0.1062,  0, 0, 0
L -1123.1852, -1678.6941, 0.1062,  -1029.8456, -1678.6847, 0.1062,  0, 0, 0
L -1029.8456, -1678.6847, 0.1062,  -1010.2380, -1659.4220, 0.1062,  0, 0, 0
L -1010.2380, -1659.4220, 0.1062,  -1010.2408, -1549.1078, 0.1062,  0, 0, 0
L -1010.2408, -1549.1078, 0.1062,  -985.2581, -1524.1283, 0.1062,  0, 0, 0
L -985.2581, -1524.1283, 0.1062,  -985.2786, -1454.6327, 0.1062,  0, 0, 0
L -985.2786, -1454.6327, 0.1062,  -1010.2386, -1429.7039, 0.1062,  0, 0, 0
L -1010.2386, -1429.7039, 0.1062,  -1010.2605, -1319.7123, 0.1062,  0, 0, 0
L -1010.2605, -1319.7123, 0.1062,  -1029.8744, -1300.1122, 0.1062,  0, 0, 0
L -1029.8744, -1300.1122, 0.1062,  -1131.8550, -1300.1166, 0.1062,  0, 0, 0
L -1234.6272, -1383.7931, 0.1062,  -1260.1730, -1394.1189, 0.1062,  127, 127, 127
L -1260.1730, -1394.1189, 0.1062,  -1295.7206, -1429.1260, 0.1062,  127, 127, 127
L -1295.7206, -1429.1260, 0.1062,  -1305.8467, -1454.2107, 0.1062,  127, 127, 127
L -1305.8467, -1454.2107, 0.1062,  -1305.1132, -1524.7273, 0.1062,  127, 127, 127
L -1305.1132, -1524.7273, 0.1062,  -1295.3517, -1549.6929, 0.1062,  127, 127, 127
L -1295.3517, -1549.6929, 0.1062,  -1259.7592, -1584.9646, 0.1062,  127, 127, 127
L -1259.7592, -1584.9646, 0.1062,  -1234.6067, -1595.1908, 0.1062,  127, 127, 127
L -1234.6067, -1595.1908, 0.1062,  -1164.2234, -1595.1890, 0.1062,  127, 127, 127
L -1164.2234, -1595.1890, 0.1062,  -1138.7349, -1584.5839, 0.1062,  127, 127, 127
L -1138.7349, -1584.5839, 0.1062,  -1104.3467, -1549.7476, 0.1062,  127, 127, 127
L -1104.3467, -1549.7476, 0.1062,  -1093.9163, -1523.7594, 0.1062,  127, 127, 127
L -1093.9163, -1523.7594, 0.1062,  -1093.9148, -1454.6310, 0.1062,  127, 127, 127
L -1093.9148, -1454.6310, 0.1062,  -1104.1150, -1428.9712, 0.1062,  127, 127, 127
L -1104.1150, -1428.9712, 0.1062,  -1139.6598, -1393.9867, 0.1062,  127, 127, 127
L -1139.6598, -1393.9867, 0.1062,  -1164.9474, -1383.7073, 0.1062,  127, 127, 127
L -1164.9474, -1383.7073, 0.1062,  -1234.6272, -1383.7931, 0.1062,  127, 127, 127
L -1388.7902, -1549.1028, 0.1062,  -1388.7931, -1659.5160, 0.1062,  0, 0, 0
L -1211.8511, -1501.7277, 55.2203,  -1250.4220, -1554.8173, 1.1550,  0, 127, 127
L -1264.9535, -1540.4130, 2.4197,  -1211.8512, -1501.7278, 55.2400,  0, 127, 127
L -1270.1255, -1524.6338, 0.1062,  -1270.2096, -1454.5188, 0.1062,  0, 127, 127
L -1270.2096, -1454.5188, 0.1062,  -1264.8816, -1438.4933, 0.1062,  0, 127, 127
L -1264.8816, -1438.4933, 0.8026,  -1211.9623, -1476.9955, 54.9855,  0, 127, 127
L -1211.9623, -1476.9955, 54.9855,  -1249.9175, -1423.8650, 4.1048,  0, 127, 127
L -1249.9175, -1423.8650, 0.1062,  -1234.6122, -1418.7935, 0.1062,  0, 127, 127
L -1234.6122, -1418.7935, 0.1062,  -1164.4286, -1418.7925, 0.1062,  0, 127, 127
L -1164.4286, -1418.7925, 0.1062,  -1148.7643, -1423.9872, 0.1062,  0, 127, 127
L -1148.7643, -1423.9872, 1.9006,  -1187.2117, -1477.8667, 55.1897,  0, 127, 127
L -1187.2117, -1477.8667, 55.1897,  -1134.1609, -1438.5199, 1.8350,  0, 127, 127
L -1134.1609, -1438.5199, 0.1062,  -1128.9186, -1454.2345, 0.1062,  0, 127, 127
L -1128.9186, -1454.2345, 0.1062,  -1128.9163, -1524.5564, 0.1062,  0, 127, 127
L -1128.9163, -1524.5564, 0.1062,  -1134.8788, -1540.5967, 0.1062,  0, 127, 127
L -1134.8788, -1540.5967, 2.2334,  -1187.2079, -1501.7278, 55.1878,  0, 127, 127
L -1187.2079, -1501.7278, 55.1878,  -1149.3770, -1554.8949, 3.3546,  0, 127, 127
L -1149.3770, -1554.8949, 0.1062,  -1164.3676, -1559.9966, 0.1062,  0, 127, 127
L -1164.3676, -1559.9966, 0.1062,  -1234.3241, -1560.1204, 0.1062,  0, 127, 127
L -1234.3241, -1560.1204, 0.1062,  -1250.4220, -1554.8173, 0.1062,  0, 127, 127
L -1264.9535, -1540.4130, 0.1062,  -1270.1255, -1524.6338, 0.1062,  0, 127, 127
L -1298.6742, -1524.5033, 0.1062,  -1288.6011, -1549.3340, 0.1062,  0, 127, 127
L -1288.6011, -1549.3340, 0.1062,  -1259.9500, -1578.8384, 0.1062,  0, 127, 127
L -1259.9500, -1578.8384, 0.1062,  -1234.2267, -1588.7310, 0.1062,  0, 127, 127
L -1234.2267, -1588.7310, 0.1062,  -1164.7461, -1588.6984, 0.1062,  0, 127, 127
L -1164.7461, -1588.6984, 0.1062,  -1138.6006, -1577.5337, 0.1062,  0, 127, 127
L -1138.6006, -1577.5337, 0.1062,  -1110.9800, -1548.9817, 0.1062,  0, 127, 127
L -1110.9800, -1548.9817, 0.1062,  -1100.4579, -1524.8738, 0.1062,  0, 127, 127
L -1100.4579, -1524.8738, 0.1062,  -1100.4806, -1454.5905, 0.1062,  0, 127, 127
L -1100.4806, -1454.5905, 0.1062,  -1110.1476, -1430.3257, 0.1062,  0, 127, 127
L -1110.1476, -1430.3257, 0.1062,  -1141.8577, -1399.2112, 0.1062,  0, 127, 127
L -1141.8577, -1399.2112, 0.1062,  -1164.6991, -1390.8268, 0.1062,  0, 127, 127
L -1164.6991, -1390.8268, 0.1062,  -1234.2251, -1390.8390, 0.1062,  0, 127, 127
L -1234.2251, -1390.8390, 0.1062,  -1258.8611, -1399.9690, 0.1062,  0, 127, 127
L -1258.8611, -1399.9690, 0.1062,  -1288.4048, -1429.3213, 0.1062,  0, 127, 127
L -1288.4048, -1429.3213, 0.1062,  -1298.7660, -1454.5243, 0.1062,  0, 127, 127
L -1298.7660, -1454.5243, 0.1062,  -1298.6742, -1524.5033, 0.1062,  0, 127, 127
L -1238.8550, -1739.2953, 0.1062,  -1238.8539, -1804.9275, 0.1062,  0, 0, 0
L -1238.8539, -1804.9275, 0.1062,  -1310.1150, -1804.9290, 0.1062,  0, 0, 0
L -1310.1150, -1804.9290, 0.1062,  -1310.1132, -1694.9563, 0.1062,  0, 0, 0
L -1310.1132, -1694.9563, 0.1062,  -1570.1930, -1694.9601, 0.1062,  0, 0, 0
L -1570.1930, -1694.9601, 0.1062,  -1570.1819, -1669.6486, 0.1062,  0, 0, 0
L -1570.1819, -1669.6486, 0.1062,  -1575.2880, -1664.5978, 0.1062,  0, 0, 0
L -1575.2428, -1656.1421, 0.1046,  -1643.6989, -1656.1421, 0.1046,  127, 127, 0
L -1643.6989, -1644.7400, 0.1046,  -1643.6989, -1664.4507, 0.1062,  0, 0, 0
L -1643.6989, -1664.4507, 0.1062,  -1648.6980, -1670.4063, 0.1062,  0, 0, 0
L -1648.6980, -1670.4063, 0.1062,  -1648.6995, -1773.6332, 0.1062,  0, 0, 0
L -1648.6995, -1773.6332, 0.1062,  -1388.7903, -1773.6338, 0.1062,  0, 0, 0
L -1388.7903, -1773.6338, 0.1062,  -1388.7925, -1878.9213, 0.1062,  0, 0, 0
L -1388.7925, -1878.9213, 0.1062,  -1383.7981, -1883.9894, 0.1062,  0, 0, 0
L -1315.1115, -1883.9800, 0.1062,  -1309.4917, -1878.3595, 0.1062,  0, 0, 0
L -1309.4917, -1878.3595, 0.1062,  -1304.1044, -1883.6049, 0.1062,  0, 0, 0
L -1304.1044, -1883.6049, 0.1062,  -1088.9148, -1883.6021, 0.1062,  0, 0, 0
L -1088.9148, -1883.6021, 0.1062,  -1088.9131, -1959.8632, 0.1062,  0, 0, 0
L -1088.9131, -1959.8632, 0.1062,  -1099.8263, -1959.8628, 0.1062,  0, 0, 0
L -1099.8263, -1959.8628, 0.1062,  -1110.2107, -1949.4822, 0.1062,  0, 0, 0
L -1110.2107, -1949.4822, 0.1062,  -1110.2063, -1904.8938, 0.1062,  0, 0, 0
L -1110.2063, -1904.8938, 0.1062,  -1293.8240, -1904.8938, 0.1062,  0, 0, 0
L -1293.8240, -1904.8938, 0.1062,  -1293.8241, -2163.4805, 0.1062,  0, 0, 0
L -1293.8241, -2163.4805, 0.1062,  -1110.2063, -2163.4805, 0.1062,  0, 0, 0
L -1110.2063, -2163.4805, 0.1062,  -1110.2112, -2048.9253, 0.1062,  0, 0, 0
L -1110.2112, -2048.9253, 0.1062,  -1099.8285, -2038.5403, 0.1062,  0, 0, 0
L -1099.8285, -2038.5403, 0.1062,  -1010.2377, -2038.5431, 0.1062,  0, 0, 0
L -1010.2377, -2038.5431, 0.1062,  -1010.2382, -1804.9253, 0.1062,  0, 0, 0
L -1010.2382, -1804.9253, 0.1062,  -1160.1720, -1804.9297, 0.1062,  0, 0, 0
L -1160.1720, -1804.9297, 0.1062,  -1160.2190, -1739.3295, 0.1062,  0, 0, 0
L -1315.1115, -1883.9800, 0.1062,  -1315.1149, -1903.5962, 0.1062,  0, 0, 0
L -1315.1149, -1903.5962, 0.1062,  -1315.1149, -1950.1703, -19.8937,  0, 0, 0
L -1315.1149, -1950.1703, -19.8937,  -1315.1128, -2013.8920, -19.8937,  0, 0, 0
L -1315.1128, -2013.8920, -19.8937,  -1339.7754, -2038.5425, -19.8937,  0, 0, 0
L -1339.7754, -2038.5425, -19.8937,  -1405.1183, -2038.5403, -19.9096,  0, 0, 0
L -1405.1183, -2038.5403, -19.9096,  -1454.2157, -2038.5414, -39.1801,  0, 0, 0
L -1454.2157, -2038.5414, -39.1801,  -1519.7400, -2038.5425, -39.8626,  0, 0, 0
L -1519.7400, -2038.5425, -39.8626,  -1543.7306, -2013.8727, -39.8626,  0, 0, 0
L -1543.7306, -2013.8727, -39.8626,  -1543.7278, -1949.7267, -39.9080,  0, 0, 0
L -1543.7278, -1949.7267, -39.9080,  -1543.7289, -1894.3340, -59.8626,  0, 0, 0
L -1543.7289, -1894.3340, -59.8626,  -1564.9977, -1873.6104, -59.8626,  0, 0, 0
L -1564.9977, -1873.6104, -59.8626,  -1604.1122, -1873.6044, -59.8626,  0, 0, 0
L -1604.1122, -1873.6044, -59.8626,  -1629.1521, -1878.5293, -59.8626,  0, 0, 0
L -1629.1521, -1878.5293, -59.8626,  -1634.7228, -1873.6061, -59.8626,  0, 0, 0
L -1634.7228, -1873.6061, -59.8626,  -1654.4800, -1873.6044, -59.8626,  0, 0, 0
L -1654.4800, -1873.6044, -59.8626,  -1659.8389, -1878.8278, -59.8626,  0, 0, 0
L -1691.6786, -1945.6730, -59.8626,  -1734.6819, -1988.6542, -59.8626,  0, 0, 0
L -1734.6819, -1988.6542, -59.8626,  -1803.4810, -2008.1663, -56.8626,  0, 0, 0
L -1803.2372, -2008.5436, -59.8626,  -1793.5575, -1989.2228, -59.8626,  127, 127, 127
L -1793.5575, -1989.2228, -59.8626,  -1803.6464, -1969.3727, -59.8626,  127, 127, 127
L -1803.6464, -1969.3727, -59.8626,  -1818.8296, -1953.7505, -59.8626,  127, 127, 127
L -1818.8296, -1953.7505, -59.8626,  -1839.5907, -1943.5894, -59.8626,  127, 127, 127
L -1839.5907, -1943.5894, -59.8626,  -1869.5088, -1943.5718, -59.8626,  127, 127, 127
L -1869.5088, -1943.5718, -59.8626,  -1889.4579, -1953.5984, -59.8626,  127, 127, 127
L -1889.4579, -1953.5984, -59.8626,  -1904.5359, -1968.5868, -59.8626,  127, 127, 127
L -1904.5359, -1968.5868, -59.8626,  -1914.9209, -1989.1188, -59.8626,  127, 127, 127
L -1914.9209, -1989.1188, -59.8626,  -1905.2941, -2008.5413, -59.8626,  127, 127, 127
L -1905.4988, -2008.1283, -59.8626,  -1969.6327, -1988.1646, -59.8626,  0, 0, 0
L -1969.6327, -1988.1646, -59.8626,  -1998.8130, -1968.6818, -59.8626,  0, 0, 0
L -1998.8130, -1968.6818, -59.8626,  -2023.4629, -1944.3090, -59.8626,  0, 0, 0
L -2023.4629, -1944.3090, -59.8626,  -2018.6421, -1909.9926, -59.8626,  0, 0, 0
L -2018.6421, -1909.9926, -59.8626,  -2018.6261, -1768.6366, -59.8626,  0, 0, 0
L -2018.6261, -1768.6366, -59.8626,  -2023.4998, -1734.5376, -59.8626,  0, 0, 0
L -2023.4998, -1734.5376, -59.8626,  -1998.7582, -1709.7997, -59.8626,  0, 0, 0
L -1998.7582, -1709.7997, -59.8626,  -1968.9528, -1689.9087, -59.8626,  0, 0, 0
L -1968.9528, -1689.9087, -59.8626,  -1904.1548, -1669.9883, -59.8626,  0, 0, 0
L -1905.4972, -1670.4009, -59.8626,  -1914.9551, -1689.3390, -59.8626,  127, 127, 127
L -1914.9551, -1689.3390, -59.8626,  -1904.7770, -1709.6991, -59.8626,  127, 127, 127
L -1904.7770, -1709.6991, -59.8626,  -1889.7609, -1724.7134, -59.8626,  127, 127, 127
L -1889.7609, -1724.7134, -59.8626,  -1869.2382, -1735.3987, -59.8626,  127, 127, 127
L -1869.2382, -1735.3987, -59.8626,  -1839.2847, -1734.9612, -59.8626,  127, 127, 127
L -1839.2847, -1734.9612, -59.8626,  -1818.5441, -1724.6653, -59.8626,  127, 127, 127
L -1818.5441, -1724.6653, -59.8626,  -1804.4490, -1709.9905, -59.8626,  127, 127, 127
L -1804.4490, -1709.9905, -59.8626,  -1793.6166, -1689.4174, -59.8626,  127, 127, 127
L -1793.6166, -1689.4174, -59.8626,  -1803.5088, -1670.3639, -59.8087,  127, 127, 127
L -1804.3667, -1669.9883, -59.8087,  -1734.6469, -1689.8875, -59.8626,  0, 0, 0
L -1734.6469, -1689.8875, -59.8626,  -1691.6780, -1732.8572, -59.8626,  0, 0, 0
L -1659.7516, -1799.7826, -59.8626,  -1654.6071, -1804.9286, -59.8626,  0, 0, 0
L -1654.6071, -1804.9286, -59.8626,  -1634.7670, -1804.9264, -59.8626,  0, 0, 0
L -1634.7670, -1804.9264, -59.8626,  -1629.1536, -1800.2400, -59.8626,  0, 0, 0
L -1629.1536, -1800.2400, -59.8626,  -1604.4137, -1804.9247, -59.8626,  0, 0, 0
L -1604.4137, -1804.9247, -59.8626,  -1499.6465, -1804.9517, -59.8626,  0, 0, 0
L -1499.6465, -1804.9517, -59.8626,  -1475.5038, -1829.5757, -59.8626,  0, 0, 0
L -1475.5038, -1829.5757, -59.8626,  -1475.5248, -1894.7139, -59.8783,  0, 0, 0
L -1475.5248, -1894.7139, -59.8783,  -1474.9800, -1949.5149, -39.8626,  0, 0, 0
L -1474.9800, -1949.5149, -39.8626,  -1454.3075, -1970.8700, -39.3462,  0, 0, 0
L -1454.3075, -1970.8700, -39.3462,  -1404.1663, -1969.8628, -19.8937,  0, 0, 0
L -1383.7903, -1949.4894, -19.8937,  -1404.1663, -1969.8628, -19.8937,  0, 0, 0
L -1383.7903, -1949.4894, -17.7742,  -1383.7902, -1904.9373, -0.1782,  0, 0, 0
L -1383.7902, -1904.9373, -0.1782,  -1383.7981, -1883.9894, 0.6400,  0, 0, 0
L -1804.3667, -1669.9883, -56.8626,  -1809.5453, -1669.9889, -56.8626,  0, 0, 0
L -1809.5453, -1669.9889, -59.8626,  -1819.3318, -1660.2028, -59.8624,  0, 0, 0
L -1819.3318, -1660.2028, -59.8624,  -1888.9253, -1659.9871, -59.8626,  0, 0, 0
L -1888.9253, -1659.9871, -59.8626,  -1898.6001, -1669.9882, -59.8626,  0, 0, 0
L -1898.6001, -1669.9882, -56.8626,  -1904.1548, -1669.9883, -56.8626,  0, 0, 0
L -1898.5055, -1669.5215, -59.8626,  -1908.3167, -1688.8528, -59.8626,  0, 127, 127
L -1908.3167, -1688.8528, -59.8626,  -1898.4308, -1709.2885, -59.8626,  0, 127, 127
L -1898.4308, -1709.2885, -59.8626,  -1888.6338, -1718.9535, -59.8626,  0, 127, 127
L -1888.6338, -1718.9535, -59.8626,  -1868.4496, -1728.7068, -59.8626,  0, 127, 127
L -1868.4496, -1728.7068, -59.8626,  -1838.8949, -1728.4789, -59.8498,  0, 127, 127
L -1838.8949, -1728.4789, -59.8498,  -1818.8384, -1718.1210, -59.8626,  0, 127, 127
L -1818.8384, -1718.1210, -59.8626,  -1810.1426, -1709.2068, -59.8626,  0, 127, 127
L -1810.1426, -1709.2068, -59.8626,  -1799.9738, -1689.2206, -59.8333,  0, 127, 127
L -1799.9738, -1689.2206, -59.8333,  -1809.7372, -1669.7975, -59.8626,  0, 127, 127
L -2018.6283, -1788.6337, -55.8626,  -1958.5662, -1788.6331, -55.8626,  127, 127, 127
L -1948.5741, -1778.6327, -57.8626,  -2018.5431, -1778.6366, -57.8626,  127, 127, 127
L -2018.6215, -1768.6366, -59.8626,  -1938.5712, -1768.6316, -59.8626,  127, 127, 127
L -1938.5712, -1768.6316, -59.8626,  -1938.5707, -1909.8969, -59.8626,  127, 127, 127
L -1938.5707, -1909.8969, -59.8626,  -2018.6250, -1909.8938, -59.8626,  127, 127, 127
L -2017.4723, -1889.8965, -55.8626,  -1958.5713, -1889.8976, -55.8626,  127, 127, 127
L -1958.5713, -1889.8976, -55.8626,  -1958.5662, -1788.6331, -55.8626,  127, 127, 127
L -1948.5741, -1778.6327, -57.8626,  -1948.5695, -1899.8948, -57.8626,  127, 127, 127
L -1948.5695, -1899.8948, -57.8626,  -2018.6409, -1899.8976, -57.8626,  127, 127, 127
L -1898.9850, -2008.5414, -59.8626,  -1889.2820, -2018.4983, -59.8626,  0, 0, 0
L -1889.2820, -2018.4983, -59.8626,  -1819.2334, -2018.2295, -59.8626,  0, 0, 0
L -1819.2334, -2018.2295, -59.8626,  -1810.5591, -2009.4993, -59.8626,  0, 0, 0
L -1810.2898, -2008.5413, -56.8626,  -1803.2372, -2008.5436, -56.8626,  0, 0, 0
L -1905.2941, -2008.5413, -56.8626,  -1898.9850, -2008.5414, -56.8626,  0, 0, 0
L -1898.9684, -2008.4037, -59.8626,  -1908.4563, -1988.9507, -59.8605,  0, 127, 127
L -1908.4563, -1988.9507, -59.8605,  -1898.3008, -1969.1139, -59.8626,  0, 127, 127
L -1898.3008, -1969.1139, -59.8626,  -1888.7228, -1959.3069, -59.8626,  0, 127, 127
L -1888.7228, -1959.3069, -59.8626,  -1869.3772, -1949.9434, -59.8626,  0, 127, 127
L -1869.3772, -1949.9434, -59.8626,  -1839.2676, -1949.8688, -59.8579,  0, 127, 127
L -1839.2676, -1949.8688, -59.8579,  -1819.4502, -1959.8788, -59.8517,  0, 127, 127
L -1819.4502, -1959.8788, -59.8517,  -1809.4563, -1970.2018, -59.8626,  0, 127, 127
L -1809.4563, -1970.2018, -59.8626,  -1799.5060, -1989.5232, -56.8950,  0, 127, 127
L -1799.5060, -1989.5232, -56.8950,  -1810.5591, -2009.4993, -59.8626,  0, 127, 127
L -1575.1780, -1644.7510, 0.1062,  -1569.6344, -1638.6895, 0.1062,  0, 0, 0
L -1550.4684, -1638.5962, 0.1062,  -1564.7974, -1609.9373, 0.1065,  0, 127, 127
L -1564.7974, -1609.9373, 0.1065,  -1575.1808, -1599.6349, 0.1062,  0, 127, 127
L -1575.1808, -1599.6349, 0.1062,  -1575.1890, -1589.1084, 0.1062,  0, 127, 127
L -1575.1890, -1589.1084, 0.1062,  -1565.1890, -1579.1078, 0.1062,  0, 127, 127
L -1565.1890, -1579.1078, 0.1062,  -1565.3300, -1494.3606, 0.1062,  0, 127, 127
L -1565.3300, -1494.3606, 0.1062,  -1575.1808, -1484.6725, 0.1062,  0, 127, 127
L -1575.1808, -1484.6725, 0.1062,  -1575.1990, -1474.1366, 0.1062,  0, 127, 127
L -1575.1990, -1474.1366, 0.1062,  -1565.1890, -1464.1393, 0.1062,  0, 127, 127
L -1565.1890, -1464.1393, 0.1062,  -1565.6399, -1379.6581, 0.1062,  0, 127, 127
L -1565.6399, -1379.6581, 0.1062,  -1575.1819, -1369.7234, 0.1062,  0, 127, 127
L -1575.1819, -1369.7234, 0.1062,  -1575.1880, -1359.5718, 0.1062,  0, 127, 127
L -1575.1880, -1359.5718, 0.1062,  -1564.2986, -1347.8776, 0.1062,  0, 127, 127
L -1564.2986, -1347.8776, 0.1062,  -1550.4170, -1320.1128, 0.1062,  0, 127, 127
L -1550.4170, -1320.1128, 0.1062,  -1668.3030, -1320.1089, 0.1062,  0, 127, 127
L -1569.7023, -1320.1122, 0.1062,  -1575.1908, -1314.4760, 0.1062,  0, 0, 0
L -1575.1908, -1314.4760, 0.1062,  -1575.1969, -1294.2870, 0.1062,  0, 0, 0
L -1575.1969, -1294.2870, 0.1062,  -1570.4358, -1289.2261, 0.1062,  0, 0, 0
L -1648.8986, -1288.9728, 0.1062,  -1643.7732, -1294.1122, 0.1062,  0, 0, 0
L -1643.7732, -1294.1122, 0.1062,  -1643.6967, -1314.5984, 0.1062,  0, 0, 0
L -1643.6967, -1314.5984, 0.1062,  -1649.4240, -1320.1117, 0.1062,  0, 0, 0
L -1668.3030, -1320.1089, 0.1062,  -1653.8218, -1349.7240, 0.1062,  0, 127, 127
L -1653.8218, -1349.7240, 0.1062,  -1643.6448, -1359.2267, 0.1062,  0, 127, 127
L -1643.6448, -1359.2267, 0.1062,  -1643.7195, -1369.5186, 0.1062,  0, 127, 127
L -1643.7195, -1369.5186, 0.1062,  -1653.6919, -1379.9308, 0.1062,  0, 127, 127
L -1653.6919, -1379.9308, 0.1062,  -1653.6978, -1464.1399, 0.1062,  0, 127, 127
L -1653.6978, -1464.1399, 0.1062,  -1643.6996, -1474.9419, 0.1062,  0, 127, 127
L -1643.6996, -1474.9419, 0.1062,  -1643.6995, -1484.6836, 0.1062,  0, 127, 127
L -1643.6995, -1484.6836, 0.1062,  -1653.6996, -1494.6729, 0.1062,  0, 127, 127
L -1653.6996, -1494.6729, 0.1062,  -1653.6991, -1579.1084, 0.1062,  0, 127, 127
L -1653.6991, -1579.1084, 0.1062,  -1643.7000, -1589.9319, 0.1062,  0, 127, 127
L -1643.7000, -1589.9319, 0.1062,  -1643.7000, -1599.6720, 0.1062,  0, 127, 127
L -1643.7000, -1599.6720, 0.1062,  -1653.7887, -1609.6996, 0.1062,  0, 127, 127
L -1653.7887, -1609.6996, 0.1062,  -1668.3018, -1638.6996, 0.1062,  0, 127, 127
L -1668.3018, -1638.6996, 0.1062,  -1550.4684, -1638.5962, 0.1062,  0, 127, 127
L -1649.8998, -1638.6829, 0.1062,  -1643.6989, -1644.7400, 0.1062,  0, 0, 0
L -1643.6991, -1652.6100, 0.1044,  -1575.2000, -1652.6100, 0.1044,  127, 127, 0
L -1575.1780, -1644.7510, 0.1062,  -1575.2880, -1664.5978, 0.1062,  0, 0, 0
L -1575.1819, -1305.8849, 0.1044,  -1643.6996, -1305.8849, 0.1044,  127, 127, 0
L -1768.6338, -1196.5667, 0.1062,  -1768.6375, -1109.7217, 0.1062,  0, 0, 0
L -1768.6375, -1109.7217, 0.1062,  -1758.7433, -1089.9346, 0.1062,  0, 0, 0
L -1758.7433, -1089.9346, 0.1062,  -1748.9408, -1080.1012, 0.1062,  0, 0, 0
L -1748.9408, -1080.1012, 0.1062,  -1729.1425, -1070.2061, 0.1062,  0, 0, 0
L -1729.1425, -1070.2061, 0.1062,  -1649.1194, -1070.6996, 0.1062,  0, 0, 0
L -1649.1194, -1070.6996, 0.1062,  -1619.8423, -1099.9734, 0.1062,  0, 0, 0
L -1619.8423, -1099.9734, 0.1062,  -1579.7483, -1120.9878, 0.1062,  0, 0, 0
L -1579.7483, -1120.9878, 0.1062,  -1570.1348, -1129.7129, 0.1062,  0, 0, 0
L -1570.1348, -1129.7129, 0.1062,  -1539.7925, -1150.2599, 0.1215,  0, 0, 0
L -1539.7925, -1150.2599, 0.1215,  -1509.9297, -1179.9231, 0.1062,  0, 0, 0
L -1509.9297, -1179.9231, 0.1062,  -1500.1698, -1199.4423, 0.1062,  0, 0, 0
L -1498.9042, -1200.1764, 0.1062,  -1488.2643, -1200.1775, 0.1062,  0, 0, 0
L -1488.2643, -1200.1775, -1.7093,  -1518.6592, -1149.5199, -19.8886,  0, 0, 0
L -1518.6592, -1149.5199, -19.8886,  -1568.6603, -1119.2378, -29.8937,  0, 0, 0
L -1568.6603, -1119.2378, -29.8937,  -1614.3014, -1088.5431, -29.8937,  0, 0, 0
L -1614.3014, -1088.5431, -29.8937,  -1628.6991, -1069.2826, -29.8937,  0, 0, 0
L -1652.3322, -1043.9268, -29.8937,  -1694.4618, -1043.9480, -29.8937,  0, 0, 0
L -1694.4618, -1043.9480, -29.8937,  -1699.4198, -1038.9469, -29.8937,  0, 0, 0
L -1699.4198, -1038.9469, -31.4900,  -1889.8954, -1038.9473, -38.8158,  0, 0, 0
L -1699.4789, -970.2712, -29.8937,  -1694.4037, -965.2690, -29.8937,  0, 0, 0
L -1694.4037, -965.2690, -29.8937,  -1652.4805, -965.2684, -29.8937,  0, 0, 0
L -1622.3245, -965.2898, -29.8937,  -1530.1897, -965.2690, -29.8937,  0, 0, 0
L -1530.1897, -965.2690, -29.8937,  -1530.1990, -1049.8599, -29.8937,  0, 0, 0
L -1530.1990, -1049.8599, -29.8937,  -1519.9961, -1059.8827, -29.8937,  0, 0, 0
L -1519.9961, -1059.8827, -29.8937,  -1489.4661, -1070.4158, -29.8937,  0, 0, 0
L -1489.4661, -1070.4158, -29.8937,  -1439.7654, -1120.2345, -29.7300,  0, 0, 0
L -1439.7654, -1120.2345, -29.7300,  -1420.1193, -1149.6681, -19.6052,  0, 0, 0
L -1420.1193, -1149.6681, -19.6052,  -1400.1603, -1199.4557, 0.8580,  0, 0, 0
L -1400.1603, -1199.4557, 0.8580,  -1390.1183, -1239.4297, 0.1062,  0, 0, 0
L -1390.1183, -1239.4297, 0.1062,  -1399.9806, -1264.1250, 0.1062,  0, 0, 0
L -1399.9806, -1264.1250, 0.1062,  -1409.8351, -1273.9789, 0.1062,  0, 0, 0
L -1409.8351, -1273.9789, 0.1062,  -1442.9164, -1290.4928, 0.1062,  0, 0, 0
L -1643.6991, -1302.3528, 0.1044,  -1575.1908, -1302.2642, 0.1062,  127, 127, 0
L -1699.4789, -970.2712, -30.5370,  -2094.4214, -970.2690, -38.8937,  0, 0, 0
L -2094.4214, -970.2690, -39.8626,  -2099.1558, -965.5356, -39.8624,  0, 0, 0
L -2099.1558, -965.5356, -39.8624,  -2103.8848, -970.2685, -39.8626,  0, 0, 0
L -2124.8335, -1038.9489, -39.8643,  -2103.8877, -1038.9480, -39.8626,  0, 0, 0
L -2103.8877, -1038.9480, -39.8626,  -2099.1558, -1043.6825, -39.8624,  0, 0, 0
L -2099.1558, -1043.6825, -39.8624,  -2094.4192, -1038.9463, -39.8626,  0, 0, 0
L -2094.4192, -1038.9463, -38.8937,  -1968.5741, -1038.9467, -38.8937,  0, 0, 0
L -1968.5741, -1038.9467, -38.8937,  -1968.5735, -1214.7659, -38.8937,  0, 0, 0
L -1968.5735, -1214.7659, -38.8937,  -1973.4899, -1219.6813, -38.8937,  0, 127, 127
L -1973.4899, -1219.6813, -38.8937,  -1973.5746, -1259.2333, -38.8937,  0, 127, 127
L -1889.8976, -1270.1426, -40.8626,  -2128.5120, -1270.1438, -40.8624,  0, 127, 127
L -2128.5120, -1270.1438, -40.8624,  -2128.5098, -1370.8290, -40.8626,  0, 127, 127
L -2128.5098, -1370.8290, -40.8472,  -2409.6753, -1370.8219, -40.8626,  0, 127, 127
L -2409.6753, -1370.8219, -40.8626,  -2409.6746, -1038.9518, -40.8626,  0, 127, 127
L -2409.6746, -1038.9518, -40.8626,  -2133.8965, -1038.9185, -40.8626,  0, 127, 127
L -2133.8965, -1038.9185, -40.8624,  -2129.1553, -1043.6829, -40.8624,  0, 127, 127
L -2129.1553, -1043.6829, -40.8624,  -2124.4690, -1038.9489, -39.8635,  0, 127, 127
L -2103.8848, -970.2685, -39.8661,  -2124.6895, -970.2693, -39.8626,  0, 0, 0
L -2125.1829, -969.5076, -40.8626,  -2129.1558, -965.5356, -40.8624,  0, 127, 127
L -2129.1558, -965.5356, -40.8624,  -2133.8042, -970.2689, -40.8626,  0, 127, 127
L -2124.6895, -970.2693, -40.8588,  -2124.8335, -1038.9489, -40.8626,  0, 127, 127
L -2133.8042, -970.2689, -40.8626,  -2488.3555, -970.2690, -40.8626,  0, 127, 127
L -2488.3555, -970.2690, -40.8626,  -2488.3555, -1448.7620, -40.8626,  0, 127, 127
L -2488.3555, -1448.7620, -40.8626,  -2303.4412, -1448.7621, -40.8626,  0, 127, 127
L -2303.4412, -1448.7621, -40.8626,  -2303.4502, -1469.6714, -40.8626,  0, 127, 127
L -2303.4502, -1469.6714, -40.8626,  -2308.4185, -1474.6730, -40.8626,  0, 127, 127
L -2308.4185, -1474.6730, -40.8626,  -2308.4180, -1514.3888, -40.8626,  0, 127, 127
L -2303.4490, -1528.5967, -40.8626,  -2234.5225, -1528.8949, -40.8626,  0, 127, 127
L -2229.7361, -1514.2731, -40.8626,  -2229.7366, -1474.7311, -40.8476,  0, 127, 127
L -2229.7366, -1474.7311, -40.8476,  -2234.7400, -1469.6653, -40.8626,  0, 127, 127
L -2234.7400, -1469.6653, -40.8626,  -2234.7366, -1448.7626, -40.8626,  0, 127, 127
L -2234.7366, -1448.7626, -40.8626,  -2049.8306, -1448.7527, -40.8626,  0, 127, 127
L -2049.8306, -1448.7527, -40.8626,  -2049.8318, -1348.8252, -40.8626,  0, 127, 127
L -2049.8318, -1348.8252, -40.8626,  -1968.5735, -1348.8219, -40.8626,  0, 127, 127
L -1968.5735, -1348.8219, -40.8626,  -1968.5746, -1518.7620, -40.8626,  0, 127, 127
L -1968.5746, -1518.7620, -40.8626,  -1788.6404, -1518.7516, -40.8902,  0, 127, 127
L -1788.6355, -1518.7516, -40.1120,  -1788.6338, -1440.8196, -40.1120,  0, 127, 127
L -1788.6919, -1440.8180, -40.8885,  -1889.8959, -1440.8158, -40.8753,  0, 127, 127
L -1788.6919, -1440.8180, -40.1126,  -1787.9789, -1359.8058, -40.1858,  0, 0, 0
L -1787.9789, -1359.8058, -40.1858,  -1749.3970, -1320.1128, -40.2984,  0, 0, 0
L -1749.3970, -1320.1128, -40.2984,  -1659.4037, -1320.1670, -61.2926,  0, 0, 0
L -1659.4037, -1320.1670, -61.2926,  -1559.7068, -1320.1122, -61.2316,  0, 0, 240
L -1559.7068, -1320.1122, -61.2316,  -1469.6946, -1320.1121, -40.2946,  0, 0, 0
L -1469.6946, -1320.1121, -40.2946,  -1430.1039, -1359.7128, -40.1259,  0, 0, 0
L -1430.1039, -1359.7128, -40.1259,  -1430.4751, -1599.4972, -40.2738,  0, 0, 0
L -1430.4751, -1599.4972, -40.2738,  -1469.6603, -1638.6868, -40.3269,  0, 0, 0
L -1469.6603, -1638.6868, -40.3269,  -1559.4634, -1638.6940, -61.3519,  0, 0, 0
L -1559.4634, -1638.6940, -61.3519,  -1659.2400, -1638.6991, -61.2561,  0, 0, 240
L -1659.2361, -1638.6991, -61.2561,  -1749.1725, -1638.5706, -40.2984,  0, 0, 0
L -1749.1725, -1638.5706, -40.2984,  -1788.6178, -1599.1260, -40.1118,  0, 0, 0
L -1788.6178, -1599.1260, -40.1118,  -1788.6404, -1518.7516, -40.1120,  0, 0, 0
L -1758.8688, -1359.9662, -61.2488,  -1758.5751, -1599.4247, -61.2284,  0, 0, 240
L -1758.5751, -1599.4247, -61.2284,  -1749.8788, -1608.6526, -61.2372,  0, 0, 240
L -1749.8788, -1608.6526, -61.2372,  -1659.2400, -1638.6991, -61.2379,  0, 0, 240
L -1559.4800, -1638.7001, -61.2304,  -1469.6122, -1608.6393, -61.2603,  0, 0, 240
L -1469.6122, -1608.6393, -61.2603,  -1460.1741, -1599.2316, -61.2492,  0, 0, 240
L -1460.1741, -1599.2316, -61.2492,  -1460.5010, -1359.7355, -61.2483,  0, 0, 240
L -1460.5010, -1359.7355, -61.2483,  -1469.6592, -1350.1250, -61.2700,  0, 0, 240
L -1469.6592, -1350.1250, -61.2700,  -1558.9888, -1320.2759, -61.5474,  0, 0, 240
L -1659.1641, -1320.1128, -61.2353,  -1748.9323, -1350.2000, -61.2458,  0, 0, 240
L -1748.9323, -1350.2000, -61.2458,  -1758.8688, -1359.9662, -61.2531,  0, 0, 240
L -1674.9878, -1484.6731, -61.2456,  -1674.9872, -1474.1410, -61.2481,  64, 64, 64
L -1674.9872, -1474.1410, -61.2329,  -1664.6128, -1463.7621, -61.2453,  64, 64, 64
L -1664.6128, -1463.7621, -61.2327,  -1654.7798, -1463.7605, -61.2389,  64, 64, 64
L -1654.7798, -1463.7605, -61.2265,  -1643.6952, -1474.1387, -59.1441,  64, 64, 64
L -1643.6952, -1474.1387, -58.4082,  -1643.7001, -1484.6708, -61.3843,  64, 64, 64
L -1654.7588, -1495.5010, -61.2492,  -1643.7001, -1484.6708, -61.2338,  64, 64, 64
L -1654.7588, -1495.5010, -61.2451,  -1664.6078, -1495.5088, -61.2503,  64, 64, 64
L -1664.6078, -1495.5088, -61.2349,  -1674.9878, -1484.6731, -61.2533,  64, 64, 64
L -1654.7688, -1380.8147, -61.2454,  -1664.6093, -1380.8140, -61.2565,  64, 64, 64
L -1664.6093, -1380.8140, -61.2434,  -1674.9878, -1369.7029, -61.2364,  64, 64, 64
L -1674.9872, -1359.2012, -61.2505,  -1674.9878, -1369.7029, -61.2417,  64, 64, 64
L -1664.6105, -1348.8245, -61.2477,  -1674.9872, -1359.2012, -61.2520,  64, 64, 64
L -1654.7759, -1348.8241, -61.2293,  -1664.6105, -1348.8245, -61.2563,  64, 64, 64
L -1654.7759, -1348.8241, -61.3612,  -1643.6996, -1359.2001, -61.6022,  64, 64, 64
L -1654.7688, -1380.8147, -61.2308,  -1643.6990, -1369.7039, -61.2541,  64, 64, 64
L -1643.6990, -1369.7039, -61.3507,  -1643.6996, -1359.2001, -61.4832,  64, 64, 64
L -1564.6393, -1380.8140, -61.2415,  -1575.1908, -1369.7051, -61.2359,  64, 64, 64
L -1575.1908, -1369.7051, -61.2486,  -1575.1890, -1359.1962, -61.2385,  64, 64, 64
L -1575.1890, -1359.1962, -60.6955,  -1564.6410, -1348.8241, -61.2432,  64, 64, 64
L -1564.6410, -1348.8241, -61.2501,  -1554.1078, -1348.8241, -61.3391,  64, 64, 64
L -1554.1078, -1348.8241, -61.2528,  -1543.7311, -1359.2007, -61.2713,  64, 64, 64
L -1543.7311, -1359.2007, -61.2415,  -1543.7295, -1369.7029, -61.2533,  64, 64, 64
L -1543.7295, -1369.7029, -61.2239,  -1554.1083, -1380.8158, -61.2473,  64, 64, 64
L -1554.1083, -1380.8158, -61.2438,  -1564.6393, -1380.8140, -61.2449,  64, 64, 64
L -1564.6431, -1463.7616, -61.2593,  -1554.1083, -1463.7616, -61.2560,  64, 64, 64
L -1554.1083, -1463.7616, -61.2353,  -1543.7306, -1474.1366, -61.1966,  64, 64, 64
L -1543.7306, -1474.1366, -61.2389,  -1543.7294, -1484.6709, -61.2083,  64, 64, 64
L -1543.7294, -1484.6709, -61.2327,  -1554.1056, -1495.5010, -61.2438,  64, 64, 64
L -1554.1056, -1495.5010, -61.2364,  -1564.6392, -1495.5077, -61.2614,  64, 64, 64
L -1564.6392, -1495.5077, -61.2663,  -1575.1908, -1484.6747, -61.2109,  64, 64, 64
L -1575.1908, -1484.6747, -61.2327,  -1575.1890, -1474.1399, -61.2505,  64, 64, 64
L -1564.6431, -1463.7616, -61.2370,  -1575.1890, -1474.1399, -61.2449,  64, 64, 64
L -1889.8959, -1440.8158, -40.8472,  -1889.8938, -1270.1426, -40.8624,  0, 127, 127
L -2303.4490, -1519.3467, -39.8626,  -2303.4490, -1534.4103, -39.8626,  0, 127, 127
L -2303.4490, -1534.4103, -39.8626,  -2308.7554, -1540.1919, -39.8626,  0, 0, 0
L -2308.7554, -1540.1919, -39.8626,  -2363.4180, -1540.1897, -39.8624,  0, 0, 0
L -2363.4180, -1540.1897, -39.8624,  -2363.4163, -1564.6426, -39.8626,  0, 0, 0
L -2363.4163, -1564.6426, -39.8626,  -2368.7925, -1570.1880, -39.8626,  0, 0, 0
L -2368.7925, -1570.1880, -39.8626,  -2428.7793, -1570.3318, -39.8626,  0, 0, 0
L -2428.7793, -1570.3318, -39.8626,  -2438.3616, -1579.6172, -39.8626,  0, 0, 0
L -2438.3616, -1579.6172, -39.8626,  -2438.3604, -1899.9098, -39.8626,  0, 0, 0
L -2438.3604, -1899.9098, -39.8626,  -2428.7764, -1908.5929, -39.8626,  0, 0, 0
L -2428.7764, -1908.5929, -39.8626,  -2313.7935, -1908.6049, -39.8626,  0, 0, 0
L -2313.7935, -1908.6049, -39.9279,  -2308.4185, -1913.9734, -41.6692,  0, 0, 0
L -2308.4185, -1913.9734, -43.8631,  -2308.3997, -1946.6952, -59.4281,  0, 0, 0
L -2331.6851, -1974.9375, -59.8626,  -2493.7146, -1974.8622, -103.8230,  0, 0, 0
L -2578.3240, -1679.9191, -154.8312,  -2578.3230, -1779.2625, -154.8311,  0, 0, 0
L -2578.3230, -1779.2625, -154.8311,  -2578.3191, -1968.9677, -104.9249,  0, 0, 0
L -2578.3191, -1968.9677, -104.9249,  -2578.9595, -2053.5125, -104.8624,  0, 0, 0
L -2578.9595, -2053.5125, -104.8624,  -2493.9158, -2053.5391, -103.4326,  0, 0, 0
L -2493.9158, -2053.5391, -103.4326,  -2312.3726, -2053.5408, -59.8626,  0, 0, 0
L -2312.3726, -2053.5408, -59.8626,  -2234.3423, -2053.5247, -59.8626,  0, 0, 0
L -2234.3423, -2053.5247, -59.8626,  -2229.7515, -2048.9346, -59.8626,  0, 0, 0
L -2229.7515, -2048.9346, -59.8626,  -2229.7649, -1976.6846, -59.8626,  0, 0, 0
L -2229.7571, -1946.7439, -59.4204,  -2229.7371, -1913.9845, -42.2225,  0, 0, 0
L -2229.7371, -1913.9845, -40.9039,  -2224.4209, -1908.6338, -39.9652,  0, 0, 0
L -2224.4209, -1908.6338, -39.8626,  -2108.2964, -1907.4778, -39.8626,  0, 0, 0
L -2108.2964, -1907.4778, -39.8626,  -2099.8069, -1898.9900, -39.8626,  0, 0, 0
L -2099.8069, -1898.9900, -39.8626,  -2099.7991, -1579.6897, -39.8626,  0, 0, 0
L -2099.7991, -1579.6897, -39.8626,  -2109.4131, -1570.2809, -39.8626,  0, 0, 0
L -2109.4131, -1570.2809, -39.8626,  -2169.3892, -1570.1969, -39.8626,  0, 0, 0
L -2169.3892, -1570.1969, -39.8626,  -2174.7676, -1564.6426, -39.8626,  0, 0, 0
L -2174.7676, -1564.6426, -39.8626,  -2174.7686, -1540.1897, -39.8624,  0, 0, 0
L -2174.7686, -1540.1897, -39.8624,  -2229.3589, -1540.1869, -39.8626,  0, 0, 0
L -2229.3589, -1540.1869, -39.8626,  -2234.7371, -1534.6415, -39.8626,  0, 0, 0
L -2234.7371, -1534.6415, -39.8626,  -2234.7417, -1519.3583, -40.8626,  0, 0, 0
L -2229.6282, -1540.9540, -40.8626,  -2308.5491, -1539.9009, -40.8626,  0, 127, 127
L -2308.5491, -1539.9009, -40.8626,  -2308.4375, -1609.8672, -40.8626,  0, 127, 127
L -2308.4375, -1609.8672, -40.8614,  -2369.2725, -1609.8921, -40.8626,  0, 127, 127
L -2369.2725, -1609.8921, -40.8620,  -2388.7737, -1590.3632, -40.8626,  0, 127, 127
L -2388.7737, -1590.3632, -40.8626,  -2418.4695, -1589.9103, -40.8622,  0, 127, 127
L -2418.4695, -1589.9103, -40.8622,  -2418.4976, -1619.9290, -40.8626,  0, 127, 127
L -2418.4976, -1619.9290, -40.8626,  -2398.4939, -1639.9867, -40.8626,  0, 127, 127
L -2398.4939, -1639.9867, -40.8626,  -2398.4949, -1839.4728, -40.8626,  0, 127, 127
L -2398.4949, -1839.4728, -40.8626,  -2418.4810, -1859.4601, -40.8626,  0, 127, 127
L -2418.4810, -1859.4601, -40.8626,  -2418.4971, -1888.7146, -40.8626,  0, 127, 127
L -2418.4971, -1888.7146, -40.8626,  -2388.8982, -1888.7056, -40.8626,  0, 127, 127
L -2388.8982, -1888.7056, -40.8626,  -2370.4319, -1868.7140, -40.8626,  0, 127, 127
L -2370.4319, -1868.7140, -40.8626,  -2168.9253, -1868.7128, -40.8626,  0, 127, 127
L -2168.9253, -1868.7128, -40.8609,  -2149.4407, -1888.5044, -40.8626,  0, 127, 127
L -2149.4407, -1888.5044, -40.8626,  -2119.6875, -1888.7035, -40.8562,  0, 127, 127
L -2119.6875, -1888.7035, -40.8562,  -2119.7310, -1860.1095, -40.8626,  0, 127, 127
L -2119.7310, -1860.1095, -40.8626,  -2139.8494, -1839.1338, -40.8614,  0, 127, 127
L -2139.8494, -1839.1338, -40.8626,  -2139.6829, -1639.2350, -40.8626,  0, 127, 127
L -2139.6829, -1639.2350, -40.8611,  -2119.6907, -1618.4551, -40.8626,  0, 127, 127
L -2119.6907, -1618.4551, -40.8609,  -2119.6907, -1589.9141, -40.8609,  0, 127, 127
L -2119.6907, -1589.9141, -40.8609,  -2148.8069, -1589.9092, -40.8603,  0, 127, 127
L -2148.8069, -1589.9092, -40.8626,  -2168.8960, -1609.8783, -40.8626,  0, 127, 127
L -2168.8960, -1609.8783, -40.8609,  -2229.6265, -1609.8794, -40.8626,  0, 127, 127
L -2229.6265, -1609.8794, -40.8588,  -2229.6282, -1540.9540, -40.8607,  0, 127, 127
L -1889.8954, -1038.9473, -38.8937,  -1889.8936, -1214.7654, -38.8937,  0, 0, 0
L -1889.8936, -1214.7654, -38.8937,  -1884.9164, -1219.7433, -38.8937,  0, 127, 127
L -1884.9164, -1219.7433, -38.8937,  -1885.2780, -1259.3589, -38.8937,  0, 127, 127
L -1885.2780, -1259.3589, -38.8937,  -1889.8926, -1264.2190, -38.8937,  0, 127, 127
L -1889.8926, -1264.2190, -38.8937,  -1889.8976, -1270.1426, -38.8937,  0, 0, 0
L -1968.5741, -1270.1431, -38.8937,  -1968.5741, -1264.2334, -38.8937,  0, 0, 0
L -1968.5739, -1268.9213, -38.8937,  -1889.8942, -1268.6167, -38.8937,  0, 0, 0
L -1968.4047, -1264.5271, -38.8937,  -1889.8960, -1264.5077, -38.8937,  0, 127, 127
L -1973.5387, -1259.2643, -38.8937,  -1968.5741, -1264.2334, -38.8937,  0, 127, 127
L -1890.2820, -1214.3855, -38.8937,  -1968.5741, -1214.3545, -38.8937,  0, 127, 127
L -1928.4838, -1226.6250, -38.8937,  -1928.4667, -1255.1709, -38.8937,  240, 0, 0
L -1928.2394, -1254.8866, -38.8937,  -1935.9446, -1250.2345, -38.8937,  240, 0, 0
L -1928.2394, -1254.8866, -38.8937,  -1921.5967, -1250.7780, -38.8937,  240, 0, 0
L -2468.4502, -1618.7013, -164.8312,  -2408.6846, -1618.6946, -164.8312,  0, 127, 127
L -2408.6846, -1618.6946, -164.8312,  -2348.4153, -1709.1012, -164.8312,  0, 127, 127
L -2348.4153, -1709.1012, -164.8312,  -2348.4131, -1769.4784, -164.8312,  0, 127, 127
L -2348.4131, -1769.4784, -164.8312,  -2408.6565, -1859.8578, -164.8312,  0, 127, 127
L -2408.6565, -1859.8578, -164.8312,  -2468.4563, -1860.2804, -164.8312,  0, 127, 127
L -2463.5037, -1799.2498, -156.5665,  -2428.7256, -1800.1449, -156.8312,  0, 127, 127
L -2428.7256, -1800.1449, -156.8312,  -2408.4153, -1769.5840, -156.8312,  0, 127, 127
L -2408.4153, -1769.5840, -156.8312,  -2408.2725, -1709.5115, -156.8312,  0, 127, 127
L -2408.2725, -1709.5115, -156.8312,  -2428.5164, -1678.7023, -156.8312,  0, 127, 127
L -2428.5164, -1678.7023, -156.8312,  -2463.5044, -1678.6917, -156.8312,  0, 127, 127
L -2468.4761, -1663.7217, -158.8312,  -2423.7029, -1663.6720, -158.8312,  0, 127, 127
L -2423.7029, -1663.6720, -158.8312,  -2393.3650, -1709.1482, -158.8312,  0, 127, 127
L -2393.3650, -1709.1482, -158.8312,  -2393.3821, -1769.3340, -158.8312,  0, 127, 127
L -2393.3821, -1769.3340, -158.8312,  -2423.5215, -1814.9253, -158.8312,  0, 127, 127
L -2423.5215, -1814.9253, -158.8312,  -2468.4773, -1814.9241, -158.8312,  0, 127, 127
L -2468.4705, -1829.9036, -160.8312,  -2418.6990, -1829.9574, -160.8312,  0, 127, 127
L -2418.6990, -1829.9574, -160.8312,  -2378.4402, -1769.5148, -160.8312,  0, 127, 127
L -2378.4402, -1769.5148, -160.8312,  -2378.3953, -1709.1449, -160.8312,  0, 127, 127
L -2378.3953, -1709.1449, -160.8312,  -2418.6851, -1648.6980, -160.8312,  0, 127, 127
L -2418.6851, -1648.6980, -160.8312,  -2468.4673, -1648.6996, -160.8312,  0, 127, 127
L -2468.4590, -1633.7001, -162.8312,  -2413.7178, -1633.6984, -162.8312,  0, 127, 127
L -2413.7178, -1633.6984, -162.8312,  -2363.4146, -1709.1620, -162.8312,  0, 127, 127
L -2363.4146, -1709.1620, -162.8312,  -2363.4185, -1769.4899, -162.8312,  0, 127, 127
L -2363.4185, -1769.4899, -162.8312,  -2413.6563, -1844.8932, -162.8312,  0, 127, 127
L -2413.6563, -1844.8932, -162.8312,  -2468.4634, -1844.8938, -162.8312,  0, 127, 127
L -2114.6189, -1963.7228, -204.8000,  -2039.8495, -1889.1797, -204.8000,  240, 240, 240
L -2039.8495, -1889.1797, -204.8000,  -2039.8324, -1863.9623, -204.9373,  240, 240, 240
L -2039.8324, -1863.9623, -204.9373,  -2039.8318, -1784.4727, -248.4271,  240, 240, 240
L -2039.8318, -1784.4727, -248.4271,  -2039.8307, -1694.4209, -248.6055,  240, 240, 240
L -2039.8307, -1694.4209, -248.6055,  -2039.8318, -1614.3451, -204.8000,  240, 240, 240
L -2039.8318, -1614.3451, -204.8000,  -2039.8324, -1589.6271, -204.8000,  240, 240, 240
L -2039.8324, -1589.6271, -204.8000,  -2110.1858, -1514.8849, -204.8000,  240, 240, 240
L -2259.7405, -1833.8174, -164.8312,  -2214.7688, -1818.7975, -164.8312,  0, 0, 0
L -2214.7688, -1818.7975, -164.8312,  -2214.7715, -1798.8501, -164.8312,  0, 0, 0
L -2214.7715, -1798.8501, -164.8312,  -2154.2654, -1773.6393, -164.8312,  0, 0, 0
L -2154.2654, -1773.6393, -164.8312,  -2039.7670, -1773.6078, -164.8312,  0, 0, 0
L -2039.7670, -1773.6078, -164.8312,  -2008.9657, -1768.5868, -164.8312,  0, 0, 0
L -2008.9657, -1768.5868, -164.8312,  -1997.6238, -1779.9275, -164.8312,  0, 0, 0
L -1997.6238, -1779.9275, -163.8312,  -2008.6344, -1779.9246, -163.8312,  0, 0, 0
L -2008.6344, -1779.9246, -163.8312,  -2033.6454, -1919.6227, -163.8312,  0, 0, 0
L -2033.6454, -1919.6227, -163.8312,  -2068.5171, -1944.5315, -163.8312,  0, 0, 0
L -2068.5171, -1944.5315, -163.8312,  -2068.5430, -2003.9518, -163.8312,  0, 0, 0
L -2068.5430, -2003.9518, -163.8312,  -2048.8782, -2028.5424, -163.8312,  0, 0, 0
L -2048.8782, -2028.5424, -163.8312,  -2018.5431, -2028.5414, -163.8312,  0, 0, 0
L -2018.5431, -2028.5414, -164.8312,  -2018.5359, -2063.4092, -164.8312,  0, 0, 0
L -2018.5359, -2063.4092, -164.8312,  -2059.2483, -2049.8655, -164.8312,  0, 0, 0
L -2059.2483, -2049.8655, -164.8312,  -2098.5115, -2059.7151, -163.8312,  0, 0, 0
L -2098.5115, -2059.7151, -163.8312,  -2098.4495, -2098.7881, -163.8312,  0, 0, 0
L -2098.4495, -2098.7881, -163.8312,  -2079.1448, -2108.5066, -163.8312,  0, 0, 0
L -2079.1448, -2108.5066, -163.8312,  -2038.9220, -2108.5066, -163.8312,  0, 0, 0
L -2038.9220, -2108.5066, -164.8312,  -2028.5424, -2118.8809, -164.8312,  0, 0, 0
L -2028.5424, -2118.8809, -164.8312,  -2028.5409, -2159.3870, -164.8312,  0, 0, 0
L -2028.5409, -2159.3870, -164.8312,  -2038.9148, -2169.7698, -164.8312,  0, 0, 0
L -2038.9148, -2169.7698, -163.8312,  -2079.3240, -2169.7830, -163.8312,  0, 0, 0
L -2079.3240, -2169.7830, -163.8312,  -2098.5115, -2179.5608, -163.8312,  0, 0, 0
L -2098.5115, -2179.5608, -163.8312,  -2098.5076, -2209.5342, -163.8312,  0, 0, 0
L -2098.5076, -2209.5342, -163.8312,  -2158.9900, -2244.8350, -163.8312,  0, 0, 0
L -2158.9900, -2244.8350, -163.8312,  -2208.8101, -2224.9434, -163.8312,  0, 0, 0
L -2208.8101, -2224.9434, -163.8312,  -2218.4800, -2244.3501, -163.8312,  0, 0, 0
L -2218.4800, -2244.3501, -163.8312,  -2218.4783, -2284.3572, -163.8312,  0, 0, 0
L -2218.4783, -2284.3572, -164.8312,  -2228.8206, -2294.7371, -164.8312,  0, 0, 0
L -2228.8206, -2294.7371, -164.8312,  -2269.3560, -2294.7400, -164.8312,  0, 0, 0
L -2269.3560, -2294.7400, -164.8312,  -2279.7383, -2284.3584, -164.8312,  0, 0, 0
L -2279.7383, -2284.3584, -163.8305,  -2279.7400, -2244.2393, -163.8312,  0, 0, 0
L -2279.7400, -2244.2393, -163.8312,  -2289.5215, -2224.7688, -163.8312,  0, 0, 0
L -2289.5215, -2224.7688, -163.8312,  -2538.7461, -2224.7964, -163.8312,  0, 0, 0
L -2538.7461, -2224.7964, -163.8312,  -2608.4590, -2299.4905, -163.8312,  0, 0, 0
L -2608.4590, -2299.4905, -163.8312,  -2628.2925, -2329.2627, -163.8312,  0, 0, 0
L -2628.2925, -2329.2627, -163.8312,  -2628.2935, -2543.8733, -163.8312,  0, 0, 0
L -2628.2935, -2543.8733, -163.8312,  -2608.4219, -2623.4668, -163.8312,  0, 0, 0
L -2608.4219, -2623.4668, -163.8312,  -2588.8196, -2633.2913, -163.8312,  0, 0, 0
L -2588.8196, -2633.2913, -163.8312,  -2548.7029, -2633.2920, -163.8312,  0, 0, 0
L -2548.7029, -2633.2920, -164.8312,  -2538.3533, -2643.6321, -164.8312,  0, 0, 0
L -2538.3533, -2643.6321, -164.8312,  -2538.3533, -2684.2344, -164.8312,  0, 0, 0
L -2538.3533, -2684.2344, -164.8312,  -2548.7029, -2694.5845, -164.8312,  0, 0, 0
L -2548.7029, -2694.5845, -163.8312,  -2588.7593, -2694.5811, -163.8312,  0, 0, 0
L -2588.7593, -2694.5811, -163.8312,  -2608.3914, -2704.3372, -163.8312,  0, 0, 0
L -2608.3914, -2704.3372, -163.8312,  -2628.2935, -2783.9832, -163.8312,  0, 0, 0
L -2628.2935, -2783.9832, -163.8312,  -2627.3992, -2955.7173, -163.8312,  0, 0, 0
L -2627.3992, -2955.7173, -163.8312,  -2593.4192, -3033.4292, -163.8312,  0, 0, 0
L -2593.4192, -3033.4292, -163.8312,  -2538.6934, -3098.1050, -163.8312,  0, 0, 0
L -2538.6934, -3098.1050, -163.8312,  -2289.5176, -3098.1050, -163.8312,  0, 0, 0
L -2289.5176, -3098.1050, -163.8312,  -2279.7378, -3078.5525, -163.8312,  0, 0, 0
L -2279.7378, -3078.5525, -163.8312,  -2279.7366, -3038.5120, -163.8312,  0, 0, 0
L -2279.7366, -3038.5120, -164.8312,  -2269.3604, -3028.1355, -164.8312,  0, 0, 0
L -2269.3604, -3028.1355, -164.8312,  -2228.8289, -3028.1343, -164.8312,  0, 0, 0
L -2228.8289, -3028.1343, -164.8312,  -2218.4773, -3038.5093, -164.8312,  0, 0, 0
L -2218.4773, -3038.5093, -163.8312,  -2218.4805, -3078.5640, -163.8312,  0, 0, 0
L -2218.4805, -3078.5640, -163.8312,  -2208.6929, -3098.1050, -163.8312,  0, 0, 0
L -2208.6929, -3098.1050, -163.8312,  -2124.1089, -3098.1023, -163.8312,  0, 0, 0
L -2124.1089, -3098.1023, -163.8312,  -2063.9612, -3133.1055, -163.8312,  0, 0, 0
L -2063.9612, -3133.1055, -163.8312,  -1884.3976, -3133.9019, -163.8312,  0, 0, 0
L -1884.3976, -3133.9019, -163.8312,  -1824.4579, -3098.1060, -163.8312,  0, 0, 0
L -1824.4579, -3098.1060, -163.8312,  -1739.7007, -3098.8726, -163.8312,  0, 0, 0
L -1739.7007, -3098.8726, -163.8312,  -1729.9563, -3078.6199, -163.8312,  0, 0, 0
L -1729.9563, -3078.6199, -163.8312,  -1729.9618, -3038.5176, -163.8319,  0, 0, 0
L -1729.9618, -3038.5176, -164.8312,  -1719.5818, -3028.1348, -164.8312,  0, 0, 0
L -1719.5818, -3028.1348, -164.8312,  -1674.7948, -3028.1326, -164.8312,  0, 0, 0
L -1674.7948, -3028.1326, -164.8312,  -1663.6974, -3038.5066, -164.8312,  0, 0, 0
L -1663.6974, -3038.5066, -163.8312,  -1663.7001, -3078.6260, -163.8312,  0, 0, 0
L -1663.7001, -3078.6260, -163.8312,  -1653.8904, -3098.1050, -163.8312,  0, 0, 0
L -1653.8904, -3098.1050, -163.8312,  -1549.5696, -3098.1055, -163.8312,  0, 0, 0
L -1549.5696, -3098.1055, -163.8312,  -1389.7300, -3068.1626, -163.8312,  0, 0, 0
L -1389.7300, -3068.1626, -163.8312,  -1360.2300, -3038.4036, -163.8312,  0, 0, 0
L -1360.2300, -3038.4036, -163.8312,  -1320.1122, -2953.6475, -163.8312,  0, 0, 0
L -1320.1122, -2953.6475, -163.8312,  -1320.1133, -2783.9683, -163.8312,  0, 0, 0
L -1320.1133, -2783.9683, -163.8312,  -1344.9948, -2704.3816, -163.8312,  0, 0, 0
L -1344.9948, -2704.3816, -163.8312,  -1364.6094, -2694.5862, -163.8312,  0, 0, 0
L -1364.6094, -2694.5862, -163.8312,  -1404.7057, -2694.5801, -163.8312,  0, 0, 0
L -1404.7057, -2694.5801, -164.8312,  -1415.8307, -2684.2034, -164.8312,  0, 0, 0
L -1415.8307, -2684.2034, -164.8312,  -1415.8350, -2643.6707, -164.8312,  0, 0, 0
L -1415.8350, -2643.6707, -164.8312,  -1404.7029, -2633.2908, -164.8312,  0, 0, 0
L -1404.7029, -2633.2908, -163.8312,  -1364.6187, -2633.2913, -163.8312,  0, 0, 0
L -1364.6187, -2633.2913, -163.8312,  -1344.9900, -2623.4456, -163.8312,  0, 0, 0
L -1344.9900, -2623.4456, -163.8312,  -1320.1122, -2543.8672, -163.8312,  0, 0, 0
L -1320.1122, -2543.8672, -163.8312,  -1320.1128, -2329.3245, -163.8312,  0, 0, 0
L -1320.1128, -2329.3245, -163.8312,  -1409.7107, -2224.7891, -163.8312,  0, 0, 0
L -1409.7107, -2224.7891, -163.8312,  -1653.9563, -2224.7896, -163.8312,  0, 0, 0
L -1653.9563, -2224.7896, -163.8312,  -1663.7001, -2244.2688, -163.8312,  0, 0, 0
L -1663.7001, -2244.2688, -163.8312,  -1663.6946, -2284.3521, -163.8312,  0, 0, 0
L -1663.6946, -2284.3521, -164.8312,  -1674.7417, -2294.7383, -164.8312,  0, 0, 0
L -1674.7417, -2294.7383, -164.8312,  -1719.5741, -2294.7415, -164.8312,  0, 0, 0
L -1719.5741, -2294.7415, -164.8312,  -1729.9579, -2284.3577, -164.8312,  0, 0, 0
L -1729.9579, -2284.3577, -163.8312,  -1729.9561, -2244.2754, -163.8312,  0, 0, 0
L -1729.9561, -2244.2754, -163.8312,  -1739.6178, -2224.9517, -163.8312,  0, 0, 0
L -1739.6178, -2224.9517, -163.8312,  -1789.4828, -2244.8643, -163.8312,  0, 0, 0
L -1789.4828, -2244.8643, -163.8312,  -1849.8903, -2209.5420, -163.8312,  0, 0, 0
L -1849.8903, -2209.5420, -163.8312,  -1849.9136, -2179.5127, -163.8312,  0, 0, 0
L -1849.9136, -2179.5127, -163.8312,  -1869.3783, -2169.7798, -163.8312,  0, 0, 0
L -1869.3783, -2169.7798, -163.8312,  -1909.5204, -2169.7671, -163.8312,  0, 0, 0
L -1909.5204, -2169.7671, -164.8312,  -1919.8617, -2159.3931, -164.8312,  0, 0, 0
L -1919.8617, -2159.3931, -164.8312,  -1919.8655, -2118.8909, -164.8312,  0, 0, 0
L -1919.8655, -2118.8909, -164.8312,  -1909.5193, -2108.5081, -164.8312,  0, 0, 0
L -1909.5193, -2108.5081, -163.8312,  -1869.4264, -2108.5120, -163.8312,  0, 0, 0
L -1869.4264, -2108.5120, -163.8312,  -1849.9137, -2098.7676, -163.8312,  0, 0, 0
L -1849.9137, -2098.7676, -163.8312,  -1849.8938, -2059.7029, -163.8312,  0, 0, 0
L -1849.8938, -2059.7029, -163.8312,  -1889.2094, -2049.8606, -164.8312,  0, 0, 0
L -1889.2094, -2049.8606, -164.8312,  -1919.3931, -2059.9219, -164.8312,  0, 0, 0
L -1919.3931, -2059.9219, -164.8312,  -1929.8628, -2049.4563, -164.8312,  0, 0, 0
L -1929.8628, -2049.4563, -164.8312,  -1929.8644, -2028.5425, -164.8312,  0, 0, 0
L -1929.8644, -2028.5425, -163.8312,  -1889.5813, -2028.5431, -163.8312,  0, 0, 0
L -1889.5813, -2028.5431, -163.8312,  -1869.8938, -2003.9325, -163.8312,  0, 0, 0
L -1869.8938, -2003.9325, -163.8312,  -1869.9280, -1944.5259, -163.8312,  0, 0, 0
L -1869.9280, -1944.5259, -163.8312,  -1904.5713, -1919.7815, -163.8312,  0, 0, 0
L -1904.5713, -1919.7815, -163.8312,  -1929.7437, -1779.9391, -163.8312,  0, 0, 0
L -1929.7437, -1779.9391, -163.8312,  -1939.8169, -1779.9247, -163.8312,  0, 0, 0
L -1939.8169, -1779.9247, -164.8312,  -1944.8401, -1709.8683, -164.8312,  0, 0, 0
L -1944.8401, -1709.8683, -164.8312,  -2009.2476, -1699.9751, -164.8312,  0, 0, 0
L -2009.2476, -1699.9751, -164.8312,  -2039.4070, -1704.9546, -164.8312,  0, 0, 0
L -2154.2498, -1704.9568, -164.8312,  -2039.4070, -1704.9546, -164.8312,  0, 0, 0
L -2154.2498, -1704.9568, -164.8312,  -2214.7510, -1679.7831, -164.8312,  0, 0, 0
L -2214.7510, -1679.7831, -164.8312,  -2214.8660, -1659.7753, -164.8312,  0, 0, 0
L -2214.8660, -1659.7753, -164.8312,  -2259.7388, -1644.8097, -164.8312,  0, 0, 0
L -2259.7388, -1644.8097, -164.8312,  -2259.7383, -1633.8772, -164.8312,  0, 0, 0
L -2259.7383, -1633.8772, -164.8312,  -2214.7886, -1618.8855, -164.8312,  0, 0, 0
L -2214.7886, -1618.8855, -164.8312,  -2214.7659, -1608.8765, -164.8312,  0, 0, 0
L -2214.7659, -1608.8765, -170.9833,  -2154.2344, -1588.7306, -191.1476,  0, 0, 0
L -2154.2344, -1588.7306, -195.2912,  -2133.8904, -1588.7278, -202.7554,  0, 0, 0
L -2133.8904, -1588.7278, -204.8000,  -2108.5037, -1614.7439, -204.8000,  240, 240, 240
L -2108.5037, -1614.7439, -210.9643,  -2108.5093, -1696.4502, -249.8000,  240, 240, 240
L -2108.5093, -1696.4502, -249.8000,  -2108.5093, -1783.6465, -249.7991,  240, 240, 240
L -2108.5093, -1783.6465, -249.7991,  -2108.5081, -1864.3993, -204.8000,  240, 240, 240
L -2108.5081, -1864.3993, -204.8000,  -2133.6016, -1889.6128, -204.8000,  240, 240, 240
L -2133.6016, -1889.6128, -204.8000,  -2213.5503, -1870.1194, -165.9920,  0, 0, 0
L -2214.7681, -1868.1022, -164.8312,  -2214.7688, -1859.7345, -164.8312,  0, 0, 0
L -2214.7688, -1859.7345, -164.8312,  -2259.7371, -1844.7118, -164.8312,  0, 0, 0
L -2259.7371, -1844.7118, -164.8312,  -2259.7405, -1833.8174, -164.8312,  0, 0, 0
L -2208.7283, -2453.3816, -163.8312,  -1739.7255, -2453.3865, -163.8312,  0, 0, 0
L -1739.7255, -2453.3865, -163.8312,  -1729.9562, -2433.8157, -163.8311,  0, 0, 0
L -1729.9562, -2433.8157, -163.8311,  -1729.9556, -2393.5955, -164.8306,  0, 0, 0
L -1729.9556, -2393.5955, -164.8306,  -1719.5735, -2383.3843, -164.8311,  0, 0, 0
L -1719.5735, -2383.3843, -164.8311,  -1674.7688, -2383.3843, -164.8312,  0, 0, 0
L -1674.7688, -2383.3843, -164.8311,  -1663.7223, -2393.7344, -164.8311,  0, 0, 0
L -1663.7223, -2393.7344, -163.8311,  -1663.5199, -2434.2339, -163.8312,  0, 0, 0
L -1663.5199, -2434.2339, -163.8312,  -1653.9037, -2453.3865, -163.8312,  0, 0, 0
L -1653.9037, -2453.3865, -163.8312,  -1578.9097, -2453.3848, -163.8312,  0, 0, 0
L -1578.9097, -2453.3848, -163.8311,  -1573.7289, -2468.8938, -163.8311,  0, 0, 0
L -1573.7289, -2468.8938, -163.8311,  -1573.7306, -2623.4783, -163.8311,  0, 0, 0
L -1573.7306, -2623.4783, -163.8311,  -1549.2157, -2633.2935, -163.8311,  0, 0, 0
L -1549.2157, -2633.2935, -163.8311,  -1514.1410, -2633.2903, -163.8311,  0, 0, 0
L -1514.1410, -2633.2903, -164.8311,  -1503.7592, -2643.6680, -164.8312,  0, 0, 0
L -1503.7592, -2643.6680, -164.8312,  -1503.7599, -2684.2002, -164.8312,  0, 0, 0
L -1503.7599, -2684.2002, -164.8311,  -1514.1355, -2694.5823, -164.8311,  0, 0, 0
L -1514.1355, -2694.5823, -163.8312,  -1549.2345, -2694.5806, -163.8311,  0, 0, 0
L -1549.2345, -2694.5806, -163.8311,  -1573.7300, -2704.3777, -163.8312,  0, 0, 0
L -1573.7300, -2704.3777, -163.8312,  -1573.7278, -2853.9915, -163.8312,  0, 0, 0
L -1573.7278, -2853.9915, -163.8311,  -1578.9181, -2864.3726, -163.8312,  0, 0, 0
L -1578.9181, -2864.3726, -163.8311,  -1594.2554, -2869.4839, -163.8311,  0, 0, 0
L -1594.2554, -2869.4839, -163.8312,  -1653.9551, -2869.5076, -163.8312,  0, 0, 0
L -1653.9164, -2869.4866, -163.8312,  -1663.6895, -2888.9749, -163.8311,  0, 0, 0
L -1663.6895, -2888.9749, -163.8311,  -1663.6963, -2929.1104, -163.8311,  0, 0, 0
L -1663.6963, -2929.1104, -164.8312,  -1674.7676, -2939.4578, -164.8311,  0, 0, 0
L -1674.7676, -2939.4578, -164.8312,  -1719.5724, -2939.4607, -164.8312,  0, 0, 0
L -1719.5724, -2939.4607, -164.8312,  -1729.9579, -2929.1121, -164.8311,  0, 0, 0
L -1729.9579, -2929.1121, -163.8312,  -1729.9651, -2888.9771, -163.8311,  0, 0, 0
L -1729.9651, -2888.9771, -163.8311,  -1739.7046, -2869.4988, -163.8312,  0, 0, 0
L -1739.7046, -2869.4988, -163.8312,  -1883.9330, -2869.5093, -163.8312,  0, 0, 0
L -1883.9330, -2869.5093, -163.8312,  -1909.1674, -2904.8367, -163.8311,  0, 0, 0
L -1909.1674, -2904.8367, -164.8311,  -1924.8633, -2889.1077, -164.8312,  0, 0, 0
L -1924.8633, -2889.1077, -164.8311,  -1924.8599, -2868.4292, -164.9370,  0, 0, 0
L -1924.8621, -2880.9695, -164.9370,  -2023.5436, -2881.1260, -164.9285,  127, 127, 0
L -2023.5490, -2868.3411, -164.9285,  -2023.5403, -2889.1060, -164.8311,  0, 0, 0
L -2023.5403, -2889.1060, -164.8311,  -2039.2670, -2904.8389, -164.8311,  0, 0, 0
L -2039.2670, -2904.8389, -163.8312,  -2064.4922, -2869.5232, -163.8311,  0, 0, 0
L -2064.4922, -2869.5232, -163.8311,  -2208.6995, -2869.4871, -163.8312,  0, 0, 0
L -2208.6995, -2869.4871, -163.8312,  -2218.4810, -2889.1487, -163.8312,  0, 0, 0
L -2218.4810, -2889.1487, -163.8312,  -2218.4788, -2929.1084, -163.8311,  0, 0, 0
L -2218.4788, -2929.1084, -164.8311,  -2228.8252, -2939.4573, -164.8312,  0, 0, 0
L -2228.8252, -2939.4573, -164.8312,  -2269.3567, -2939.4578, -164.8311,  0, 0, 0
L -2269.3567, -2939.4578, -164.8311,  -2279.7361, -2929.1116, -164.8311,  0, 0, 0
L -2279.7361, -2929.1116, -163.8312,  -2279.7532, -2888.9629, -163.8311,  0, 0, 0
L -2279.7532, -2888.9629, -163.8311,  -2289.4883, -2869.4937, -163.8312,  0, 0, 0
L -2289.4883, -2869.4937, -163.8312,  -2354.1631, -2869.4878, -163.8312,  0, 0, 0
L -2354.1631, -2869.4878, -163.8311,  -2369.5171, -2864.3721, -163.8312,  0, 0, 0
L -2369.5171, -2864.3721, -163.8311,  -2374.7063, -2853.9944, -163.8311,  0, 0, 0
L -2374.7063, -2853.9944, -163.8311,  -2374.7056, -2704.3340, -163.8312,  0, 0, 0
L -2374.7056, -2704.3340, -163.8312,  -2394.1824, -2694.5806, -163.8312,  0, 0, 0
L -2394.1824, -2694.5806, -163.8312,  -2434.2979, -2694.5828, -163.8312,  0, 0, 0
L -2434.2979, -2694.5828, -164.8312,  -2444.6746, -2684.2034, -164.8312,  0, 0, 0
L -2444.6746, -2684.2034, -164.8311,  -2444.6768, -2643.6729, -164.8311,  0, 0, 0
L -2444.6768, -2643.6729, -164.8311,  -2434.3018, -2633.2935, -164.8311,  0, 0, 0
L -2434.3018, -2633.2935, -163.8312,  -2394.1646, -2633.2842, -163.8311,  0, 0, 0
L -2394.1646, -2633.2842, -163.8311,  -2374.7073, -2623.5398, -163.8312,  0, 0, 0
L -2374.7073, -2623.5398, -163.8312,  -2374.7078, -2468.9009, -163.8312,  0, 0, 0
L -2374.7078, -2468.9009, -163.8311,  -2369.5286, -2453.3899, -163.8312,  0, 0, 0
L -2369.5286, -2453.3899, -163.8312,  -2289.4727, -2453.3511, -163.8311,  0, 0, 0
L -2289.4727, -2453.3511, -163.8311,  -2279.7422, -2433.8882, -163.8312,  0, 0, 0
L -2279.7422, -2433.8882, -163.8312,  -2279.7378, -2393.7615, -163.8311,  0, 0, 0
L -2279.7378, -2393.7615, -164.8311,  -2269.3584, -2383.3838, -164.8311,  0, 0, 0
L -2269.3584, -2383.3838, -164.8312,  -2228.8218, -2383.3843, -164.8312,  0, 0, 0
L -2228.8218, -2383.3843, -164.8311,  -2218.4717, -2393.7632, -164.8312,  0, 0, 0
L -2218.4717, -2393.7632, -163.8311,  -2218.4810, -2433.8611, -163.8311,  0, 0, 0
L -2218.4810, -2433.8611, -163.8311,  -2208.7283, -2453.3816, -163.8312,  0, 0, 0
L -1924.8599, -2868.4292, -164.8312,  -1879.8711, -2848.3914, -164.8309,  0, 0, 0
L -1879.8711, -2848.3914, -164.8309,  -1909.7494, -2778.3733, -164.8310,  240, 240, 240
L -1909.7494, -2778.3733, -164.8310,  -1858.9983, -2778.3589, -164.8308,  240, 240, 240
L -1858.9983, -2778.3589, -164.8309,  -1809.5326, -2728.5828, -164.8312,  240, 240, 240
L -1809.5326, -2728.5828, -164.8309,  -1809.6111, -2678.6670, -164.8308,  240, 240, 240
L -1809.6111, -2678.6670, -164.8312,  -1773.6360, -2678.6316, -188.9454,  240, 240, 240
L -1773.6387, -2628.2930, -191.1896,  -1808.6371, -2628.2930, -191.3086,  0, 0, 240
L -1808.6371, -2628.2930, -191.3086,  -1808.6366, -2578.6995, -191.2958,  0, 0, 240
L -1808.6366, -2578.6995, -191.2576,  -1858.9838, -2528.3521, -191.1829,  0, 0, 240
L -1858.9838, -2528.3521, -190.5678,  -1908.2737, -2528.3560, -191.2198,  0, 0, 240
L -1908.2737, -2528.3560, -191.2198,  -1878.8252, -2459.6746, -191.1838,  0, 0, 240
L -1878.8252, -2459.6746, -191.1838,  -1859.5265, -2459.6746, -191.1867,  0, 0, 0
L -1859.5265, -2459.6746, -191.1867,  -1739.9563, -2559.2703, -191.1916,  0, 0, 240
L -1739.9563, -2559.2703, -191.1916,  -1739.9563, -2579.1736, -191.4556,  0, 0, 240
L -1739.9563, -2579.1736, -191.1779,  -1704.9573, -2629.1377, -191.1903,  0, 0, 240
L -1704.9573, -2629.1377, -191.1903,  -1704.9706, -2678.7537, -190.8003,  0, 240, 240
L -1704.9706, -2678.7537, -190.8003,  -1739.9563, -2728.7034, -191.3093,  0, 0, 240
L -1739.9563, -2728.7034, -191.2992,  -1739.9563, -2748.6021, -191.1645,  0, 0, 240
L -1739.9563, -2748.6021, -191.1503,  -1859.4827, -2848.2305, -191.1855,  0, 0, 240
L -1859.4827, -2848.2305, -191.1855,  -1878.7688, -2848.2300, -191.1427,  0, 0, 240
L -1878.7688, -2848.2300, -191.1427,  -1908.2743, -2779.5181, -191.1783,  0, 0, 240
L -1908.2743, -2779.5181, -191.1783,  -1858.9811, -2779.5198, -191.1853,  0, 0, 240
L -1858.9811, -2779.5198, -188.6445,  -1808.6359, -2729.1741, -188.2891,  0, 0, 240
L -1808.6359, -2729.1741, -191.1817,  -1808.6353, -2679.5813, -191.1904,  0, 0, 240
L -1808.6353, -2679.5813, -191.1904,  -1773.6359, -2679.5801, -191.2564,  0, 0, 240
L -1809.4009, -2629.3184, -164.8312,  -1773.6388, -2629.2815, -186.6543,  240, 240, 240
L -1809.6548, -2628.3196, -164.8312,  -1809.6205, -2590.2476, -164.8312,  240, 240, 240
L -1811.1166, -2577.4834, -164.8312,  -1859.2804, -2529.3843, -164.8312,  240, 240, 240
L -1859.2804, -2529.3843, -164.8312,  -1909.6548, -2529.2830, -164.8312,  240, 240, 240
L -1909.6548, -2529.2830, -164.8312,  -1879.9130, -2459.6741, -164.8312,  240, 240, 240
L -1879.9130, -2459.6741, -164.8312,  -2068.6880, -2459.6741, -164.8312,  240, 240, 240
L -2068.6880, -2459.6741, -164.8312,  -2038.5695, -2529.3667, -164.8312,  240, 240, 240
L -2038.5695, -2529.3667, -164.8312,  -2089.9556, -2529.3667, -164.8312,  240, 240, 240
L -2089.9556, -2529.3667, -164.8312,  -2138.8411, -2579.2195, -164.8312,  240, 240, 240
L -2138.8411, -2579.2195, -164.8312,  -2138.8201, -2629.3018, -164.8312,  240, 240, 240
L -2138.8201, -2629.3018, -164.8312,  -2174.7676, -2629.3018, -182.8146,  240, 240, 240
L -2138.7964, -2678.5369, -164.8312,  -2174.7686, -2678.5398, -183.8580,  240, 240, 240
L -2138.9563, -2679.4214, -164.8312,  -2138.8384, -2728.5923, -164.8312,  240, 240, 240
L -2138.8384, -2728.5923, -164.8312,  -2088.9607, -2778.6575, -164.8312,  240, 240, 240
L -2088.9607, -2778.6575, -164.8312,  -2038.6858, -2778.6597, -164.8312,  240, 240, 240
L -2038.6858, -2778.6597, -164.8312,  -2068.8992, -2848.2195, -164.8312,  240, 240, 240
L -2068.8992, -2848.2195, -164.8312,  -2023.5490, -2868.3411, -164.8312,  240, 240, 240
L -2023.5425, -2874.1404, -164.8312,  -1924.8622, -2874.1919, -164.8312,  127, 127, 0
L -2069.6116, -2848.2305, -191.2009,  -2040.1630, -2779.5181, -191.1639,  0, 0, 240
L -2040.1630, -2779.5181, -191.1639,  -2089.4268, -2779.5225, -189.4393,  0, 0, 240
L -2089.4268, -2779.5225, -191.1684,  -2139.7996, -2729.1736, -191.1769,  0, 0, 240
L -2139.7996, -2729.1736, -191.3198,  -2139.7996, -2679.5813, -191.3463,  0, 0, 240
L -2139.7996, -2679.5813, -191.3463,  -2174.7686, -2679.5813, -191.2079,  0, 0, 240
L -2174.7676, -2628.2930, -191.2150,  -2139.7996, -2628.2930, -191.1985,  0, 0, 240
L -2139.7996, -2628.2930, -191.1985,  -2139.7991, -2578.7007, -191.1807,  0, 0, 240
L -2139.7991, -2578.7007, -191.1919,  -2089.4363, -2528.3672, -191.1692,  0, 0, 240
L -2089.4363, -2528.3672, -191.1495,  -2040.1780, -2528.3223, -191.2695,  0, 0, 240
L -2040.1780, -2528.3223, -191.2695,  -2069.7874, -2459.6746, -191.1531,  0, 0, 240
L -2069.7874, -2459.6746, -191.1531,  -2088.8926, -2459.6768, -190.4924,  0, 0, 240
L -2088.8926, -2459.6768, -190.4924,  -2208.4810, -2559.2698, -191.1901,  0, 0, 240
L -2208.4810, -2559.2698, -191.1901,  -2208.4810, -2579.1714, -191.1833,  0, 0, 240
L -2208.4810, -2579.1714, -191.1557,  -2243.4495, -2629.1465, -191.1774,  0, 0, 240
L -2243.4495, -2629.1465, -191.1774,  -2243.4456, -2678.7195, -190.8154,  0, 240, 240
L -2243.4456, -2678.7195, -190.8154,  -2208.4788, -2728.6995, -188.4990,  0, 0, 240
L -2208.4788, -2728.6995, -191.1691,  -2208.4805, -2748.6038, -191.1870,  0, 0, 240
L -2208.4805, -2748.6038, -191.1870,  -2088.9231, -2848.2305, -191.2050,  0, 0, 240
L -2088.9231, -2848.2305, -191.2050,  -2069.6116, -2848.2305, -191.4765,  0, 0, 240
P -1289.5735, -2002.7710, -0.6234,  255, 0, 255,  2,  to_1st_Floor
