P 1688.9843, -1693.0325, 154.5494,  127, 64, 0,  2,  Earth
P 1795.5586, -1773.2692, 150.5174,  0, 127, 127,  2,  Ice
P 1928.8097, -1703.1946, 156.3680,  240, 0, 0,  2,  Fire
P 1662.7643, -1909.7599, 156.4747,  96, 0, 116,  2,  Shadow
P 1733.8506, -1361.4081, 157.7878,  100, 0, 100,  2,  Shadow
P 1709.8196, -1361.8501, 157.7878,  240, 0, 0,  3,  Fiery
P 1718.4159, -1361.7389, 157.7878,  0, 127, 127,  3,  Icy
P 1749.5756, -1361.9823, 157.7878,  127, 64, 0,  2,  Earthen
P 1727.2001, -1359.4905, 157.2750,  0, 0, 0,  2,  Orbs_spawn
P 915.5786, -156.2119, 64.5146,  0, 0, 0,  2,  Drakes_Spawn_Point
P 604.8069, -191.1362, 55.4864,  0, 0, 0,  2,  Drakes_Spawn_point
P 780.8431, 116.2003, 39.8162,  0, 0, 0,  2,  Drakes_Spawn_Point
P 1893.8185, -1184.6912, 160.9067,  0, 0, 0,  2,  Banish_pts
