L 336.1859, 560.2892, -52.4675,  616.4818, 549.8834, -23.3155,  0, 127, 127
L 616.4818, 549.8834, -23.3155,  603.4451, 711.6384, -32.1195,  0, 127, 127
L 603.4451, 711.6384, -32.1195,  610.8990, 884.8069, -38.2633,  0, 127, 127
L 610.8990, 884.8069, -38.2633,  399.7624, 901.7617, -32.7518,  0, 127, 127
L 399.7624, 901.7617, -32.7518,  129.6037, 910.5774, 9.4748,  0, 127, 127
L 129.6037, 910.5774, 9.4748,  129.6037, 910.5774, 9.4748,  0, 0, 0
L 129.6037, 910.5774, 9.4748,  129.7783, 781.2685, -17.5880,  0, 127, 127
L 129.7783, 781.2685, -17.5880,  124.9736, 564.5045, -55.1837,  0, 127, 127
L 124.9736, 564.5045, -55.1837,  336.1859, 560.2892, -52.7398,  0, 127, 127
L -286.9997, 163.3471, 0.0000,  -286.9997, 163.3471, 0.0000,  255, 0, 255
L -154.9665, -97.7467, 0.0000,  -108.4159, -97.7467, 0.0000,  255, 0, 255
L -108.4159, -97.7467, 0.0000,  -72.7386, -89.4220, 0.0000,  255, 0, 255
L -72.7386, -89.4220, 0.0000,  -32.3043, -78.7188, 0.0000,  255, 0, 255
L -32.3043, -78.7188, 0.0000,  10.5084, -56.1232, 0.0000,  255, 0, 255
L 10.5084, -56.1232, 0.0000,  46.1857, -26.3921, 0.0000,  255, 0, 255
L 46.1857, -26.3921, 0.0000,  83.5230, 12.8529, 0.0000,  255, 0, 255
L 83.5230, 12.8529, 0.0000,  112.7834, 65.1796, 0.0000,  255, 0, 255
L 112.7834, 65.1796, 0.0000,  128.2436, 106.8032, 0.0000,  0, 0, 0
L 128.2436, 106.8032, 0.0000,  135.3791, 149.6160, 0.0000,  0, 0, 0
L 135.3791, 149.6160, 0.0000,  133.6000, 190.5030, 0.0000,  0, 0, 0
L 133.6000, 190.5030, 0.0000,  128.2436, 224.5384, 0.0000,  0, 127, 0
L 128.2436, 224.5384, 0.0000,  115.1619, 269.7296, 0.0000,  0, 127, 0
L 115.1619, 269.7296, 0.0000,  91.3770, 317.2994, 0.0000,  0, 127, 0
L 91.3770, 317.2994, 0.0000,  59.2674, 355.3552, 0.0000,  0, 127, 0
L 59.2674, 355.3552, 0.0000,  27.1578, 385.8630, 0.0000,  0, 127, 0
L 27.1578, 385.8630, 0.0000,  -18.3330, 411.2497, 0.0000,  0, 127, 0
L -18.3330, 411.2497, 0.0000,  -75.1171, 431.4669, 0.0000,  0, 127, 0
L -75.1171, 431.4669, 0.0000,  -101.2804, 435.3460, 0.0000,  0, 127, 0
L -101.2804, 435.3460, 0.0000,  -155.9857, 438.6023, 0.0000,  0, 127, 0
L -155.9857, 438.6023, 0.0000,  -203.5555, 427.8991, 0.0000,  0, 127, 0
L -203.5555, 427.8991, 0.0000,  -236.8543, 417.1959, 0.0000,  0, 127, 0
L -236.8543, 417.1959, 0.0000,  -291.5595, 385.8630, 0.0000,  0, 127, 0
L -291.5595, 385.8630, 0.0000,  -337.9401, 342.2735, 0.0000,  0, 127, 0
L -337.9401, 342.2735, 0.0000,  -372.4281, 292.3253, 0.0000,  0, 127, 0
L -372.4281, 292.3253, 0.0000,  -393.8345, 234.5230, 0.0000,  0, 127, 0
L -393.8345, 234.5230, 0.0000,  -397.4023, 192.4288, 0.0000,  0, 127, 0
L -397.4023, 192.4288, 0.0000,  -399.7808, 144.8590, 0.0000,  0, 127, 0
L -399.7808, 144.8590, 0.0000,  -389.7760, 94.9107, 0.0000,  0, 127, 0
L -389.7760, 94.9107, 0.0000,  -373.6174, 53.2872, 0.0000,  0, 127, 0
L -373.6174, 53.2872, 0.0000,  -351.2170, 12.8529, 0.0000,  0, 127, 0
L -351.2170, 12.8529, 0.0000,  -311.7767, -28.7706, 0.0000,  0, 127, 0
L -311.7767, -28.7706, 0.0000,  -276.9940, -53.7447, 0.0000,  0, 127, 0
L -276.9940, -53.7447, 0.0000,  -223.7726, -79.9081, 0.0000,  0, 0, 0
L -223.7726, -79.9081, 0.0000,  -154.9665, -97.7467, 0.0000,  0, 0, 0
L -159.5534, -96.5575, 0.0000,  -159.5534, -96.5575, 0.0000,  255, 0, 255
P -130.4403, 168.5545, -3.8111,  0, 127, 127,  2,  Raid_2
P 12.2140, -1234.7433, 34.1544,  0, 127, 127,  2,  Raid_3
P 194.8944, 647.4926, -51.3999,  0, 127, 127,  2,  Raid_1
P -70.9067, 75.6826, -3.8109,  0, 0, 0,  2,  Mezz_Spot
P 89.9201, 302.5327, -51.9955,  0, 0, 0,  3,  Viral_#1
P -87.3538, 425.1903, -48.1281,  0, 0, 0,  3,  Viral_#2
P -305.2490, 359.9460, -47.0824,  0, 0, 0,  3,  Viral_#3
P -389.8947, 182.2760, -55.2561,  0, 0, 0,  3,  Viral_#4
P -342.7065, 17.6647, -47.3800,  0, 0, 0,  3,  Viral_#5
P 717.4098, 586.1698, -8.5998,  127, 0, 0,  2,  a_young_zelniak
P 587.3700, 881.5398, -38.8200,  127, 0, 0,  2,  a_small_zelniak
P 266.9800, 914.7898, -0.6200,  127, 0, 0,  2,  a_zelniak
P 432.1682, 693.9827, -52.8766,  240, 0, 0,  2,  Zelnithak
P 207.1649, 657.1108, -49.9650,  0, 0, 0,  2,  Tank_Spot
P -130.3169, 126.9274, -3.6620,  240, 0, 0,  2,  Doomshade
P -678.4774, -202.3326, -44.6300,  0, 0, 0,  3,  1
P -754.4365, 357.6992, -49.5090,  0, 0, 0,  3,  2
P -330.7502, 739.6345, -36.1054,  0, 0, 0,  3,  3
P 155.8391, 698.3159, -44.8581,  0, 0, 0,  3,  4
P 523.2000, 466.6222, -31.8998,  0, 0, 0,  3,  5
P -74.5280, -971.0959, 24.6212,  0, 0, 0,  2,  Mezz
P 16.1539, -1043.2748, 22.9188,  0, 0, 0,  2,  Kill_adds_here
P 165.1403, -1021.4587, 24.9939,  0, 0, 0,  2,  Invigorator
P 1564.7046, 140.6170, 126.1753,  0, 0, 0,  3,  X
P -144.3010, 100.6328, -2.0785,  127, 0, 0,  2,  01-70%
P -85.3822, 59.7497, -2.0783,  127, 0, 0,  2,  00-85%
P -51.1323, 122.0503, -2.0813,  127, 0, 0,  2,  03-30%
P -103.9121, 159.2648, -1.9877,  127, 0, 0,  2,  02-50%
