L 479.9757, 101.9718, 37.1955,  479.5889, 401.4890, 23.5366,  240, 240, 0
L 717.9579, 100.9447, 56.6249,  479.9757, 101.9718, 33.5049,  240, 240, 0
L 717.9579, 100.9447, 56.3146,  718.5577, 110.7228, 56.5761,  240, 240, 0
L 718.5577, 110.7228, 56.5761,  718.6371, 112.0173, 56.5745,  240, 240, 0
L 718.6371, 112.0173, 56.5745,  719.0695, 119.0620, 56.5661,  240, 240, 0
L 719.0695, 119.0620, 56.5661,  719.1555, 120.4634, 56.5643,  240, 240, 0
L 719.1555, 120.4634, 56.5643,  719.6050, 127.7891, 56.5554,  240, 240, 0
L 719.6050, 127.7891, 56.5554,  719.7007, 129.3483, 56.5536,  240, 240, 0
L 719.7007, 129.3483, 56.5536,  720.1650, 136.9108, 56.5444,  240, 240, 0
L 720.1650, 136.9108, 56.5444,  720.2559, 138.3922, 56.5425,  240, 240, 0
L 720.2559, 138.3922, 56.5425,  720.7249, 146.0329, 56.5333,  240, 240, 0
L 720.7249, 146.0329, 56.5333,  720.8206, 147.5923, 56.5314,  240, 240, 0
L 720.8206, 147.5923, 56.5314,  721.2897, 155.2330, 56.5221,  240, 240, 0
L 721.2897, 155.2330, 56.5221,  721.3854, 156.7924, 56.5203,  240, 240, 0
L 721.3854, 156.7924, 56.5203,  721.8640, 164.5891, 56.5109,  240, 240, 0
L 721.8640, 164.5891, 56.5109,  721.9550, 166.0705, 56.5089,  240, 240, 0
L 721.9550, 166.0705, 56.5089,  722.4384, 173.9453, 56.4995,  240, 240, 0
L 722.4384, 173.9453, 56.4995,  722.5389, 175.5827, 56.4975,  240, 240, 0
L 722.5389, 175.5827, 56.4975,  723.0007, 199.1631, 56.3056,  240, 240, 0
L 723.0007, 199.1631, 56.3056,  723.5809, 200.7367, 56.3817,  240, 240, 0
L 723.5809, 200.7367, 56.3817,  723.7186, 202.6765, 56.4007,  240, 240, 0
L 723.7186, 202.6765, 56.4007,  723.2189, 214.8782, 56.2035,  240, 240, 0
L 723.2189, 214.8782, 56.2035,  723.0962, 216.8712, 56.1636,  240, 240, 0
L 723.0962, 216.8712, 56.1636,  722.6294, 223.0200, 56.0865,  240, 240, 0
L 722.6294, 223.0200, 56.0865,  722.5435, 224.7232, 56.0602,  240, 240, 0
L 722.5435, 224.7232, 56.0602,  722.9866, 232.1028, 56.1167,  240, 240, 0
L 722.9866, 232.1028, 56.1167,  723.5085, 233.7440, 56.1992,  240, 240, 0
L 723.5085, 233.7440, 56.1992,  723.5084, 235.7430, 56.2261,  240, 240, 0
L 723.5084, 235.7430, 56.2261,  723.9684, 244.6865, 56.2762,  240, 240, 0
L 723.9684, 244.6865, 56.2762,  724.0275, 246.6688, 56.3096,  240, 240, 0
L 724.0275, 246.6688, 56.3096,  723.5613, 248.9498, 56.2421,  240, 240, 0
L 723.5613, 248.9498, 56.2421,  723.3205, 250.5644, 56.2012,  240, 240, 0
L 723.3205, 250.5644, 56.2012,  722.9243, 252.1803, 56.1446,  240, 240, 0
L 722.9243, 252.1803, 56.1446,  722.4583, 253.8185, 56.0736,  240, 240, 0
L 722.4583, 253.8185, 56.0736,  721.9816, 255.3719, 55.9967,  240, 240, 0
L 721.9816, 255.3719, 55.9967,  721.4662, 256.9542, 55.9155,  240, 240, 0
L 721.4662, 256.9542, 55.9155,  720.0573, 261.2102, 55.6914,  240, 240, 0
L 720.0573, 261.2102, 55.6914,  719.3392, 263.0724, 55.5825,  240, 240, 0
L 719.3392, 263.0724, 55.5825,  718.6722, 264.5318, 55.4798,  240, 240, 0
L 718.6722, 264.5318, 55.4798,  717.8575, 266.1160, 55.3541,  240, 240, 0
L 717.8575, 266.1160, 55.3541,  716.9781, 267.7332, 55.2163,  240, 240, 0
L 716.9781, 267.7332, 55.2163,  715.9028, 269.6896, 55.0433,  240, 240, 0
L 715.9028, 269.6896, 55.0433,  715.5488, 271.5067, 54.9608,  240, 240, 0
L 715.5488, 271.5067, 54.9608,  715.1035, 279.5782, 54.8958,  240, 240, 0
L 715.1035, 279.5782, 54.8958,  714.3777, 281.1202, 54.7993,  240, 240, 0
L 714.3777, 281.1202, 54.7993,  713.4203, 282.5725, 54.6518,  240, 240, 0
L 713.4203, 282.5725, 54.6518,  712.3986, 283.9589, 54.4910,  240, 240, 0
L 712.3986, 283.9589, 54.4910,  711.3260, 285.3070, 54.3220,  240, 240, 0
L 711.3260, 285.3070, 54.3220,  710.2053, 286.6413, 54.1466,  240, 240, 0
L 710.2053, 286.6413, 54.1466,  709.0618, 287.9303, 53.9658,  240, 240, 0
L 709.0618, 287.9303, 53.9658,  707.9467, 289.2476, 53.7776,  240, 240, 0
L 707.9467, 289.2476, 53.7776,  707.1785, 290.9228, 53.7554,  240, 240, 0
L 707.1785, 290.9228, 53.7554,  706.5110, 292.6672, 53.7947,  240, 240, 0
L 706.5110, 292.6672, 53.7947,  705.9242, 294.5154, 53.8623,  240, 240, 0
L 705.9242, 294.5154, 53.8623,  705.3571, 296.3556, 53.9361,  240, 240, 0
L 705.3571, 296.3556, 53.9361,  704.7258, 298.1614, 54.0105,  240, 240, 0
L 704.7258, 298.1614, 54.0105,  703.8527, 299.7466, 54.0274,  240, 240, 0
L 703.8527, 299.7466, 54.0274,  702.7093, 301.0666, 53.9937,  240, 240, 0
L 702.7093, 301.0666, 53.9937,  701.8548, 302.6961, 53.9851,  240, 240, 0
L 701.8548, 302.6961, 53.9851,  700.7769, 304.0626, 53.9758,  240, 240, 0
L 700.7769, 304.0626, 53.9758,  699.8676, 305.6929, 53.9621,  240, 240, 0
L 699.8676, 305.6929, 53.9621,  698.9581, 307.3249, 53.9884,  240, 240, 0
L 698.9581, 307.3249, 53.9884,  697.6729, 308.5606, 53.9271,  240, 240, 0
L 697.6729, 308.5606, 53.9271,  696.3392, 309.6817, 53.8378,  240, 240, 0
L 696.3392, 309.6817, 53.8378,  690.6812, 314.6107, 53.8659,  240, 240, 0
L 690.6812, 314.6107, 53.8659,  689.7709, 316.3731, 54.0146,  240, 240, 0
L 689.7709, 316.3731, 54.0146,  688.6780, 317.8815, 54.1591,  240, 240, 0
L 688.6780, 317.8815, 54.1591,  687.3386, 319.1592, 54.2513,  240, 240, 0
L 687.3386, 319.1592, 54.2513,  685.9000, 320.3086, 54.3347,  240, 240, 0
L 685.9000, 320.3086, 54.3347,  684.3568, 321.3813, 54.4006,  240, 240, 0
L 684.3568, 321.3813, 54.4006,  682.8196, 322.3574, 54.4575,  240, 240, 0
L 682.8196, 322.3574, 54.4575,  680.8558, 323.4982, 54.5176,  240, 240, 0
L 680.8558, 323.4982, 54.5176,  673.9736, 327.1489, 53.2190,  240, 240, 0
L 673.9736, 327.1489, 53.2190,  672.5527, 327.9645, 52.8808,  240, 240, 0
L 672.5527, 327.9645, 52.8808,  671.3350, 329.2211, 52.5450,  240, 240, 0
L 671.3350, 329.2211, 52.5450,  670.0760, 330.3784, 52.2314,  240, 240, 0
L 670.0760, 330.3784, 52.2314,  668.2678, 331.2313, 51.7969,  240, 240, 0
L 668.2678, 331.2313, 51.7969,  665.9572, 332.3954, 51.2440,  240, 240, 0
L 665.9572, 332.3954, 51.2440,  664.5726, 333.7269, 50.8838,  240, 240, 0
L 664.5726, 333.7269, 50.8838,  661.7870, 336.3431, 50.1708,  240, 240, 0
L 661.7870, 336.3431, 50.1708,  660.1730, 337.0067, 49.8022,  240, 240, 0
L 660.1730, 337.0067, 49.8022,  658.5472, 337.5760, 49.4334,  240, 240, 0
L 658.5472, 337.5760, 49.4334,  653.3839, 339.5358, 48.2368,  240, 240, 0
L 653.3839, 339.5358, 48.2368,  652.0013, 340.8131, 47.9062,  240, 240, 0
L 652.0013, 340.8131, 47.9062,  650.6490, 342.1785, 47.5329,  240, 240, 0
L 650.6490, 342.1785, 47.5329,  636.8671, 356.2217, 43.9684,  240, 240, 0
L 636.8671, 356.2217, 43.9684,  635.4866, 357.2634, 43.6451,  240, 240, 0
L 635.4866, 357.2634, 43.6451,  633.6563, 357.9593, 43.2027,  240, 240, 0
L 633.6563, 357.9593, 43.2027,  627.9612, 360.3559, 41.8764,  240, 240, 0
L 627.9612, 360.3559, 41.8764,  626.6609, 361.6313, 41.5280,  240, 240, 0
L 626.6609, 361.6313, 41.5280,  621.9515, 366.0554, 40.2879,  240, 240, 0
L 621.9515, 366.0554, 40.2879,  620.1580, 366.7375, 39.8314,  240, 240, 0
L 620.1580, 366.7375, 39.8314,  610.8644, 369.9260, 37.5419,  240, 240, 0
L 610.8644, 369.9260, 37.5419,  601.5400, 372.8933, 35.2362,  240, 240, 0
L 601.5400, 372.8933, 35.2362,  599.7241, 373.5822, 34.7896,  240, 240, 0
L 599.7241, 373.5822, 34.7896,  598.2946, 374.5551, 34.4303,  240, 240, 0
L 598.2946, 374.5551, 34.4303,  596.4717, 375.2260, 33.9970,  240, 240, 0
L 596.4717, 375.2260, 33.9970,  594.5547, 375.7827, 33.6689,  240, 240, 0
L 594.5547, 375.7827, 33.6689,  588.6887, 377.7000, 33.1900,  240, 240, 0
L 588.6887, 377.7000, 33.1900,  587.3069, 378.8722, 33.0941,  240, 240, 0
L 587.3069, 378.8722, 33.0941,  585.9135, 379.9283, 32.9995,  240, 240, 0
L 585.9135, 379.9283, 32.9995,  584.0541, 380.5465, 32.8516,  240, 240, 0
L 584.0541, 380.5465, 32.8516,  574.6246, 383.1613, 32.0868,  240, 240, 0
L 574.6246, 383.1613, 32.0868,  565.1897, 385.6808, 31.3165,  240, 240, 0
L 565.1897, 385.6808, 31.3165,  555.6140, 387.9622, 30.5321,  240, 240, 0
L 555.6140, 387.9622, 30.5321,  546.0010, 389.7788, 29.7348,  240, 240, 0
L 546.0010, 389.7788, 29.7348,  536.3987, 391.3225, 28.9270,  240, 240, 0
L 536.3987, 391.3225, 28.9270,  516.4568, 394.6280, 27.2117,  240, 240, 0
L 516.4568, 394.6280, 27.2117,  506.8571, 396.4148, 26.3867,  240, 240, 0
L 506.8571, 396.4148, 26.3867,  479.5889, 401.4890, 25.8917,  240, 240, 0
L 2959.1785, 2163.5706, -303.8320,  2955.0535, 2168.0149, -303.8321,  255, 0, 255
L 2955.0535, 2168.0149, -303.8321,  2953.8379, 2169.2222, -303.8321,  255, 0, 255
L 2953.8379, 2169.2222, -303.8321,  2946.5845, 2176.0286, -303.4737,  255, 0, 255
L 2946.5845, 2176.0286, -303.4737,  2941.9456, 2180.1602, -302.8701,  255, 0, 255
L 2941.9456, 2180.1602, -302.8701,  2940.5984, 2181.2378, -302.6973,  255, 0, 255
L 2940.5984, 2181.2378, -302.6973,  2937.7371, 2183.3660, -302.3288,  255, 0, 255
L 2937.7371, 2183.3660, -302.3288,  2934.7520, 2185.4207, -301.9561,  255, 0, 255
L 2934.7520, 2185.4207, -301.9561,  2931.6951, 2187.3672, -301.5556,  255, 0, 255
L 2931.6951, 2187.3672, -301.5556,  2923.8572, 2192.0862, -300.5395,  255, 0, 255
L 2923.8572, 2192.0862, -300.5395,  2915.7747, 2196.8433, -299.4919,  255, 0, 255
L 2915.7747, 2196.8433, -299.4919,  2907.7146, 2201.4109, -298.5263,  255, 0, 255
L 2907.7146, 2201.4109, -298.5263,  2876.3125, 2219.1736, -298.7292,  255, 0, 255
L 2876.3125, 2219.1736, -298.7292,  2867.6453, 2223.9539, -299.0973,  255, 0, 255
L 2867.6453, 2223.9539, -299.0973,  2841.3733, 2238.4048, -300.6852,  255, 0, 255
L 2841.3733, 2238.4048, -300.6852,  2832.8887, 2242.6541, -301.5895,  255, 0, 255
L 2832.8887, 2242.6541, -301.5895,  2831.9397, 2243.0684, -301.6915,  255, 0, 255
L 2831.9397, 2243.0684, -301.6915,  2822.9939, 2246.7344, -302.5775,  255, 0, 255
L 2822.9939, 2246.7344, -302.5775,  2814.2505, 2249.9673, -303.4923,  255, 0, 255
L 2814.2505, 2249.9673, -303.4923,  2805.1497, 2252.8726, -304.3970,  255, 0, 255
L 2805.1497, 2252.8726, -304.3970,  2795.5762, 2255.6016, -305.1814,  255, 0, 255
L 2795.5762, 2255.6016, -305.1814,  2782.8721, 2259.0972, -304.5495,  255, 0, 255
L 2782.8721, 2259.0972, -304.5495,  2773.7239, 2261.2554, -304.7908,  255, 0, 255
L 2773.7239, 2261.2554, -304.7908,  2764.5142, 2263.3223, -304.5080,  255, 0, 255
L 2764.5142, 2263.3223, -304.5080,  2745.2239, 2267.7737, -303.8400,  255, 0, 255
L 2745.2239, 2267.7737, -303.8400,  2730.8406, 2271.2217, -303.1220,  255, 0, 255
L 2730.8406, 2271.2217, -303.1220,  2723.6541, 2273.2964, -302.9185,  255, 0, 255
L 2723.6541, 2273.2964, -302.9185,  2714.8655, 2276.2305, -302.8449,  255, 0, 255
L 2714.8655, 2276.2305, -302.8449,  2696.6863, 2282.4761, -302.6469,  255, 0, 255
L 2696.6863, 2282.4761, -302.6469,  2645.0784, 2300.1731, -301.2085,  255, 0, 255
L 2645.0784, 2300.1731, -301.2085,  2643.3682, 2300.6797, -301.3132,  255, 0, 255
L 2643.3682, 2300.6797, -301.3132,  2638.9502, 2301.7427, -301.5627,  255, 0, 255
L 2638.9502, 2301.7427, -301.5627,  2635.6709, 2302.3533, -301.7588,  255, 0, 255
L 2635.6709, 2302.3533, -301.7588,  2632.0801, 2302.8362, -301.9693,  255, 0, 255
L 2632.0801, 2302.8362, -301.9693,  2628.4678, 2303.1204, -302.1811,  255, 0, 255
L 2628.4678, 2303.1204, -302.1811,  2622.4866, 2303.2637, -302.5354,  255, 0, 255
L 2622.4866, 2303.2637, -302.5354,  2612.9351, 2303.3799, -303.1122,  255, 0, 255
L 2612.9351, 2303.3799, -303.1122,  2593.1426, 2303.4253, -303.8114,  255, 0, 255
L 2593.1426, 2303.4253, -303.8114,  2563.3362, 2303.4253, -304.9281,  255, 0, 255
L 2563.3362, 2303.4253, -304.9281,  2496.8184, 2303.4756, -302.3882,  255, 0, 255
L 2496.8184, 2303.4756, -302.3882,  2494.4048, 2303.5845, -302.2348,  255, 0, 255
L 2494.4048, 2303.5845, -302.2348,  2491.3152, 2303.8943, -301.8235,  255, 0, 255
L 2491.3152, 2303.8943, -301.8235,  2488.2461, 2304.3672, -301.4274,  255, 0, 255
L 2488.2461, 2304.3672, -301.4274,  2482.6685, 2305.5171, -300.7418,  255, 0, 255
L 2482.6685, 2305.5171, -300.7418,  2481.0547, 2305.9390, -300.5594,  255, 0, 255
L 2481.0547, 2305.9390, -300.5594,  2475.5691, 2307.6702, -299.9465,  255, 0, 255
L 2475.5691, 2307.6702, -299.9465,  2472.5425, 2308.7764, -299.6306,  255, 0, 255
L 2472.5425, 2308.7764, -299.6306,  2468.7759, 2310.3538, -299.2559,  255, 0, 255
L 2468.7759, 2310.3538, -299.2559,  2467.2771, 2311.0850, -299.1218,  255, 0, 255
L 2467.2771, 2311.0850, -299.1218,  2465.2107, 2312.2183, -298.9311,  255, 0, 255
L 2465.2107, 2312.2183, -298.9311,  2462.5586, 2313.8335, -298.7336,  255, 0, 255
L 2462.5586, 2313.8335, -298.7336,  2454.3965, 2319.1143, -298.1482,  255, 0, 255
L 2454.3965, 2319.1143, -298.1482,  2446.3289, 2324.5381, -297.9011,  255, 0, 255
L 2446.3289, 2324.5381, -297.9011,  2438.4517, 2329.9363, -298.1567,  255, 0, 255
L 2438.4517, 2329.9363, -298.1567,  2390.2732, 2362.9231, -298.8211,  255, 0, 255
L 2390.2732, 2362.9231, -298.8211,  2382.0237, 2368.1736, -298.8440,  255, 0, 255
L 2382.0237, 2368.1736, -298.8440,  2373.5757, 2373.4346, -299.0081,  255, 0, 255
L 2373.5757, 2373.4346, -299.0081,  2365.6797, 2378.2747, -299.1826,  255, 0, 255
L 2365.6797, 2378.2747, -299.1826,  2357.3003, 2383.0918, -299.3828,  255, 0, 255
L 2357.3003, 2383.0918, -299.3828,  2340.2742, 2392.7261, -298.7261,  255, 0, 255
L 2340.2742, 2392.7261, -298.7261,  2332.1326, 2397.6028, -297.9496,  255, 0, 255
L 2332.1326, 2397.6028, -297.9496,  2324.2642, 2402.7046, -297.6412,  255, 0, 255
L 2324.2642, 2402.7046, -297.6412,  2317.7476, 2406.6006, -297.8273,  255, 0, 255
L 2317.7476, 2406.6006, -297.8273,  2316.2266, 2407.4158, -297.8528,  255, 0, 255
L 2316.2266, 2407.4158, -297.8528,  2309.2798, 2410.7566, -297.9146,  255, 0, 255
L 2309.2798, 2410.7566, -297.9146,  2305.9998, 2412.1592, -297.9129,  255, 0, 255
L 2305.9998, 2412.1592, -297.9129,  2296.8794, 2415.6946, -297.8871,  255, 0, 255
L 2296.8794, 2415.6946, -297.8871,  2287.7227, 2418.9734, -297.9291,  255, 0, 255
L 2287.7227, 2418.9734, -297.9291,  2195.9126, 2451.7576, -308.3106,  255, 0, 255
L 2195.9126, 2451.7576, -308.3106,  2189.0398, 2453.8760, -307.3491,  255, 0, 255
L 2189.0398, 2453.8760, -307.3491,  2182.9087, 2455.4446, -306.4843,  255, 0, 255
L 2182.9087, 2455.4446, -306.4843,  2176.0286, 2456.8401, -305.4779,  255, 0, 255
L 2176.0286, 2456.8401, -305.4779,  2166.3201, 2458.4385, -304.0575,  255, 0, 255
L 2166.3201, 2458.4385, -304.0575,  2137.3455, 2463.0911, -301.5541,  255, 0, 255
L 2137.3455, 2463.0911, -301.5541,  2058.8826, 2475.6199, -298.6613,  255, 0, 255
L 2058.8826, 2475.6199, -298.6613,  2049.6211, 2476.6343, -298.4653,  255, 0, 255
L 2049.6211, 2476.6343, -298.4653,  2040.5492, 2477.1597, -298.2479,  255, 0, 255
L 2040.5492, 2477.1597, -298.2479,  2031.2334, 2477.3379, -298.0623,  255, 0, 255
L 2031.2334, 2477.3379, -298.0623,  2021.8644, 2477.0398, -297.8809,  255, 0, 255
L 2021.8644, 2477.0398, -297.8809,  2019.6862, 2476.8577, -297.5686,  255, 0, 255
L 2019.6862, 2476.8577, -297.5686,  2009.9220, 2475.6602, -296.1740,  255, 0, 255
L 2009.9220, 2475.6602, -296.1740,  2000.3611, 2474.2317, -294.7601,  255, 0, 255
L 2000.3611, 2474.2317, -294.7601,  1994.9424, 2473.1636, -295.2453,  255, 0, 255
L 1994.9424, 2473.1636, -295.2453,  1989.4705, 2471.8025, -296.1027,  255, 0, 255
L 1989.4705, 2471.8025, -296.1027,  1980.4209, 2469.1265, -297.8757,  255, 0, 255
L 1980.4209, 2469.1265, -297.8757,  1971.7959, 2466.2488, -299.0086,  255, 0, 255
L 1971.7959, 2466.2488, -299.0086,  1953.0763, 2459.8069, -301.1266,  255, 0, 255
L 1953.0763, 2459.8069, -301.1266,  1901.6106, 2442.0503, -307.1429,  255, 0, 255
L 1901.6106, 2442.0503, -307.1429,  1892.9778, 2438.8494, -306.2874,  255, 0, 255
L 1892.9778, 2438.8494, -306.2874,  1864.8761, 2428.3965, -302.7458,  255, 0, 255
L 1864.8761, 2428.3965, -302.7458,  1816.9347, 2410.5313, -296.0592,  255, 0, 255
L 1816.9347, 2410.5313, -296.0592,  1808.0103, 2406.9651, -293.6974,  255, 0, 255
L 1808.0103, 2406.9651, -293.6974,  1799.6615, 2403.5071, -291.4679,  255, 0, 255
L 1799.6615, 2403.5071, -291.4679,  1718.4406, 2369.7913, -300.1279,  255, 0, 255
L 1718.4406, 2369.7913, -300.1279,  1709.8976, 2366.0579, -301.1789,  255, 0, 255
L 1709.8976, 2366.0579, -301.1789,  1701.6592, 2362.0767, -302.1814,  255, 0, 255
L 1701.6592, 2362.0767, -302.1814,  1693.3772, 2357.7959, -302.9970,  255, 0, 255
L 1693.3772, 2357.7959, -302.9970,  1685.1039, 2353.3733, -302.9529,  255, 0, 255
L 1685.1039, 2353.3733, -302.9529,  1624.5785, 2321.0730, -303.4619,  255, 0, 255
L 1624.5785, 2321.0730, -303.4619,  1615.9966, 2316.6172, -304.2894,  255, 0, 255
L 1615.9966, 2316.6172, -304.2894,  1447.5448, 2228.9998, -301.0631,  255, 0, 255
L 1447.5448, 2228.9998, -301.0631,  1439.4861, 2224.5425, -301.5911,  255, 0, 255
L 1439.4861, 2224.5425, -301.5911,  1431.6222, 2220.0923, -302.1260,  255, 0, 255
L 1431.6222, 2220.0923, -302.1260,  1364.9358, 2182.2913, -300.7395,  255, 0, 255
L 1364.9358, 2182.2913, -300.7395,  1359.2045, 2178.7588, -301.0509,  255, 0, 255
L 1359.2045, 2178.7588, -301.0509,  1351.1355, 2173.5364, -301.4709,  255, 0, 255
L 1351.1355, 2173.5364, -301.4709,  1326.6786, 2157.6226, -303.8816,  255, 0, 255
L 1326.6786, 2157.6226, -303.8816,  1310.5442, 2147.2820, -306.7315,  255, 0, 255
L 1310.5442, 2147.2820, -306.7315,  1294.2063, 2136.9351, -307.4898,  255, 0, 255
L 1294.2063, 2136.9351, -307.4898,  1282.1525, 2129.4026, -305.5950,  255, 0, 255
L 1282.1525, 2129.4026, -305.5950,  1280.5551, 2128.4871, -305.3379,  255, 0, 255
L 1280.5551, 2128.4871, -305.3379,  1272.3881, 2124.2371, -303.7368,  255, 0, 255
L 1272.3881, 2124.2371, -303.7368,  1268.9485, 2122.6260, -302.4752,  255, 0, 255
L 1268.9485, 2122.6260, -302.4752,  1260.9257, 2119.2920, -299.5553,  255, 0, 255
L 1260.9257, 2119.2920, -299.5553,  1259.9529, 2118.9363, -299.2281,  255, 0, 255
L 1259.9529, 2118.9363, -299.2281,  1254.2981, 2117.1714, -297.2420,  255, 0, 255
L 1254.2981, 2117.1714, -297.2420,  1253.2383, 2116.9036, -296.9210,  255, 0, 255
L 1253.2383, 2116.9036, -296.9210,  1247.1404, 2115.7251, -295.2479,  255, 0, 255
L 1247.1404, 2115.7251, -295.2479,  1241.8965, 2115.0037, -294.5728,  255, 0, 255
L 1241.8965, 2115.0037, -294.5728,  1233.2981, 2114.2725, -293.7321,  255, 0, 255
L 1233.2981, 2114.2725, -293.7321,  1223.6996, 2113.7869, -294.1497,  255, 0, 255
L 1223.6996, 2113.7869, -294.1497,  1214.1001, 2113.3140, -294.5676,  255, 0, 255
L 1214.1001, 2113.3140, -294.5676,  1212.9883, 2113.4878, -294.6071,  255, 0, 255
L 1212.9883, 2113.4878, -294.6071,  1212.0314, 2113.5623, -294.6637,  255, 0, 255
L 1212.0314, 2113.5623, -294.6637,  1202.4113, 2113.3113, -295.0831,  255, 0, 255
L 1202.4113, 2113.3113, -295.0831,  1192.7548, 2112.8384, -295.8213,  255, 0, 255
L 1192.7548, 2112.8384, -295.8213,  1168.6182, 2111.5503, -299.9979,  255, 0, 255
L 1168.6182, 2111.5503, -299.9979,  1158.9949, 2110.6177, -301.8540,  255, 0, 255
L 1158.9949, 2110.6177, -301.8540,  1149.6974, 2109.3733, -303.7475,  255, 0, 255
L 1149.6974, 2109.3733, -303.7475,  1139.9429, 2107.7029, -304.1014,  255, 0, 255
L 1139.9429, 2107.7029, -304.1014,  1130.8351, 2105.7085, -304.5516,  255, 0, 255
L 1130.8351, 2105.7085, -304.5516,  1111.9667, 2101.4661, -305.5114,  255, 0, 255
L 1111.9667, 2101.4661, -305.5114,  1073.5530, 2092.8538, -305.9820,  255, 0, 255
L 1073.5530, 2092.8538, -305.9820,  1064.6875, 2091.1128, -306.0146,  255, 0, 255
L 1064.6875, 2091.1128, -306.0146,  1054.8849, 2089.3733, -305.7990,  255, 0, 255
L 1054.8849, 2089.3733, -305.7990,  1032.7101, 2085.5464, -305.0272,  255, 0, 255
L 1032.7101, 2085.5464, -305.0272,  1023.7087, 2084.2688, -304.8222,  255, 0, 255
L 1023.7087, 2084.2688, -304.8222,  1014.5054, 2083.2090, -304.7101,  255, 0, 255
L 1014.5054, 2083.2090, -304.7101,  1005.4901, 2082.6353, -305.1556,  255, 0, 255
L 1005.4901, 2082.6353, -305.1556,  995.7772, 2082.1536, -305.0692,  255, 0, 255
L 995.7772, 2082.1536, -305.0692,  912.7272, 2077.9805, -296.4356,  255, 0, 255
L 912.7272, 2077.9805, -296.4356,  907.4025, 2077.4495, -295.7503,  255, 0, 255
L 907.4025, 2077.4495, -295.7503,  899.9504, 2076.3223, -294.7745,  255, 0, 255
L 899.9504, 2076.3223, -294.7745,  896.7354, 2075.6753, -294.5658,  255, 0, 255
L 896.7354, 2075.6753, -294.5658,  893.6641, 2074.9163, -294.4546,  255, 0, 255
L 893.6641, 2074.9163, -294.4546,  891.5754, 2074.2759, -294.3827,  255, 0, 255
L 891.5754, 2074.2759, -294.3827,  885.4642, 2072.0623, -294.1645,  255, 0, 255
L 885.4642, 2072.0623, -294.1645,  881.4239, 2070.3887, -294.0207,  255, 0, 255
L 881.4239, 2070.3887, -294.0207,  872.5547, 2066.2610, -295.2862,  255, 0, 255
L 872.5547, 2066.2610, -295.2862,  863.8643, 2062.0210, -296.8546,  255, 0, 255
L 863.8643, 2062.0210, -296.8546,  838.7840, 2049.8997, -301.9667,  255, 0, 255
L 838.7840, 2049.8997, -301.9667,  829.8074, 2046.0105, -303.6149,  255, 0, 255
L 829.8074, 2046.0105, -303.6149,  821.0386, 2042.3693, -304.9187,  255, 0, 255
L 821.0386, 2042.3693, -304.9187,  809.5208, 2037.7002, -306.7338,  255, 0, 255
L 809.5208, 2037.7002, -306.7338,  807.6720, 2037.0613, -306.5174,  255, 0, 255
L 807.6720, 2037.0613, -306.5174,  800.4955, 2034.9618, -305.6334,  255, 0, 255
L 800.4955, 2034.9618, -305.6334,  793.1110, 2033.1852, -304.7509,  255, 0, 255
L 793.1110, 2033.1852, -304.7509,  783.8524, 2031.3654, -303.6482,  255, 0, 255
L 783.8524, 2031.3654, -303.6482,  774.4240, 2029.8346, -302.5580,  255, 0, 255
L 774.4240, 2029.8346, -302.5580,  764.9626, 2028.5221, -301.0348,  255, 0, 255
L 764.9626, 2028.5221, -301.0348,  755.2411, 2027.4264, -299.0766,  255, 0, 255
L 755.2411, 2027.4264, -299.0766,  738.5251, 2025.7089, -295.4560,  255, 0, 255
L 738.5251, 2025.7089, -295.4560,  709.4308, 2022.8390, -292.3398,  255, 0, 255
L 709.4308, 2022.8390, -292.3398,  694.8141, 2021.5425, -292.8772,  255, 0, 255
L 694.8141, 2021.5425, -292.8772,  685.5673, 2020.9579, -294.9146,  255, 0, 255
L 685.5673, 2020.9579, -294.9146,  655.6498, 2019.0022, -303.0446,  255, 0, 255
L 655.6498, 2019.0022, -303.0446,  646.4767, 2018.2133, -305.5562,  255, 0, 255
L 646.4767, 2018.2133, -305.5562,  631.6417, 2016.8075, -306.2134,  255, 0, 255
L 631.6417, 2016.8075, -306.2134,  622.1771, 2015.5291, -305.0912,  255, 0, 255
L 622.1771, 2015.5291, -305.0912,  612.7454, 2014.0236, -303.9628,  255, 0, 255
L 612.7454, 2014.0236, -303.9628,  583.1404, 2009.3113, -298.9484,  255, 0, 255
L 583.1404, 2009.3113, -298.9484,  573.9372, 2008.2631, -296.2087,  255, 0, 255
L 573.9372, 2008.2631, -296.2087,  564.6035, 2007.3407, -293.4364,  255, 0, 255
L 564.6035, 2007.3407, -293.4364,  553.3351, 2006.1200, -290.0988,  255, 0, 255
L 553.3351, 2006.1200, -290.0988,  550.7216, 2005.7046, -289.3247,  255, 0, 255
L 550.7216, 2005.7046, -289.3247,  545.5963, 2004.6449, -287.9076,  255, 0, 255
L 545.5963, 2004.6449, -287.9076,  543.9265, 2004.2096, -287.6011,  255, 0, 255
L 543.9265, 2004.2096, -287.6011,  539.7051, 2002.8733, -287.3428,  255, 0, 255
L 539.7051, 2002.8733, -287.3428,  538.0327, 2002.2549, -287.2494,  255, 0, 255
L 538.0327, 2002.2549, -287.2494,  529.2103, 1998.5999, -286.7258,  255, 0, 255
L 529.2103, 1998.5999, -286.7258,  520.3785, 1994.8141, -286.1833,  255, 0, 255
L 520.3785, 1994.8141, -286.1833,  511.9177, 1990.7748, -285.6687,  255, 0, 255
L 511.9177, 1990.7748, -285.6687,  506.7350, 1988.0215, -285.2709,  255, 0, 255
L 506.7350, 1988.0215, -285.2709,  488.3615, 1978.3373, -282.5197,  255, 0, 255
L 488.3615, 1978.3373, -282.5197,  486.9079, 1977.6436, -282.2466,  255, 0, 255
L 486.9079, 1977.6436, -282.2466,  478.4183, 1973.9424, -280.6510,  255, 0, 255
L 478.4183, 1973.9424, -280.6510,  469.8032, 1970.5398, -277.3837,  255, 0, 255
L 469.8032, 1970.5398, -277.3837,  466.0517, 1969.2433, -275.7485,  255, 0, 255
L 466.0517, 1969.2433, -275.7485,  459.3128, 1967.2831, -272.7684,  255, 0, 255
L 459.3128, 1967.2831, -272.7684,  450.0529, 1964.7173, -268.8230,  255, 0, 255
L 450.0529, 1964.7173, -268.8230,  424.6890, 1957.5774, -259.8140,  255, 0, 255
L 424.6890, 1957.5774, -259.8140,  415.7675, 1954.6880, -256.2497,  255, 0, 255
L 415.7675, 1954.6880, -256.2497,  406.5022, 1951.3821, -252.4702,  255, 0, 255
L 406.5022, 1951.3821, -252.4702,  403.8405, 1950.2924, -251.2764,  255, 0, 255
L 403.8405, 1950.2924, -251.2764,  397.7325, 1947.4668, -249.4143,  255, 0, 255
L 397.7325, 1947.4668, -249.4143,  394.0459, 1945.5801, -249.0258,  255, 0, 255
L 394.0459, 1945.5801, -249.0258,  388.4837, 1942.4462, -248.4481,  255, 0, 255
L 388.4837, 1942.4462, -248.4481,  380.2404, 1937.5142, -247.5287,  255, 0, 255
L 380.2404, 1937.5142, -247.5287,  372.0338, 1932.4115, -246.6042,  255, 0, 255
L 372.0338, 1932.4115, -246.6042,  363.8051, 1926.9203, -246.2838,  255, 0, 255
L 363.8051, 1926.9203, -246.2838,  356.1692, 1921.6803, -246.3789,  255, 0, 255
L 356.1692, 1921.6803, -246.3789,  239.9681, 1841.8279, -211.4090,  255, 0, 255
L 239.9681, 1841.8279, -211.4090,  231.9722, 1836.1952, -208.2161,  255, 0, 255
L 231.9722, 1836.1952, -208.2161,  212.1251, 1822.3119, -206.6860,  255, 0, 255
L 212.1251, 1822.3119, -206.6860,  206.4880, 1818.6475, -211.6201,  255, 0, 255
L 206.4880, 1818.6475, -211.6201,  204.8470, 1817.7228, -213.2260,  255, 0, 255
L 204.8470, 1817.7228, -213.2260,  196.4548, 1813.3090, -215.6528,  255, 0, 255
L 196.4548, 1813.3090, -215.6528,  194.0569, 1812.1707, -216.9645,  255, 0, 255
L 194.0569, 1812.1707, -216.9645,  185.2732, 1808.2477, -219.8997,  255, 0, 255
L 185.2732, 1808.2477, -219.8997,  176.1498, 1804.2543, -225.4141,  255, 0, 255
L 176.1498, 1804.2543, -225.4141,  167.3356, 1800.7272, -228.5610,  255, 0, 255
L 167.3356, 1800.7272, -228.5610,  158.2900, 1797.2040, -233.0213,  255, 0, 255
L 158.2900, 1797.2040, -233.0213,  142.5852, 1791.2460, -232.0405,  255, 0, 255
L 142.5852, 1791.2460, -232.0405,  124.0888, 1784.3667, -227.1031,  255, 0, 255
L 124.0888, 1784.3667, -227.1031,  101.8356, 1776.2017, -225.1472,  255, 0, 255
L 101.8356, 1776.2017, -225.1472,  92.5484, 1773.1366, -226.0625,  255, 0, 255
L 92.5484, 1773.1366, -226.0625,  83.4131, 1770.3527, -227.5522,  255, 0, 255
L 83.4131, 1770.3527, -227.5522,  55.3856, 1761.8478, -234.8330,  255, 0, 255
L 55.3856, 1761.8478, -234.8330,  27.6166, 1753.3239, -248.2229,  255, 0, 255
L 27.6166, 1753.3239, -248.2229,  18.9106, 1750.3384, -250.5558,  255, 0, 255
L 18.9106, 1750.3384, -250.5558,  10.2946, 1747.2582, -252.8979,  255, 0, 255
L 10.2946, 1747.2582, -252.8979,  -35.6692, 1730.8700, -260.2248,  255, 0, 255
L -35.6692, 1730.8700, -260.2248,  -44.4379, 1727.8821, -260.0825,  255, 0, 255
L -44.4379, 1727.8821, -260.0825,  -53.2037, 1725.0685, -260.1289,  255, 0, 255
L -53.2037, 1725.0685, -260.1289,  -61.9577, 1722.4115, -260.6712,  255, 0, 255
L -61.9577, 1722.4115, -260.6712,  -71.0184, 1719.7782, -261.2481,  255, 0, 255
L -71.0184, 1719.7782, -261.2481,  -99.6704, 1711.3650, -263.6018,  255, 0, 255
L -99.6704, 1711.3650, -263.6018,  -108.7256, 1708.5105, -265.9013,  255, 0, 255
L -108.7256, 1708.5105, -265.9013,  -117.5269, 1705.6155, -268.0830,  255, 0, 255
L -117.5269, 1705.6155, -268.0830,  -145.9429, 1696.2245, -275.4425,  255, 0, 255
L -145.9429, 1696.2245, -275.4425,  -198.2240, 1678.9054, -283.1544,  255, 0, 255
L -198.2240, 1678.9054, -283.1544,  -207.5289, 1675.3716, -283.9907,  255, 0, 255
L -207.5289, 1675.3716, -283.9907,  -216.3527, 1671.5685, -284.0498,  255, 0, 255
L -216.3527, 1671.5685, -284.0498,  -225.0585, 1667.3677, -284.6236,  255, 0, 255
L -225.0585, 1667.3677, -284.6236,  -233.3452, 1662.9728, -286.0482,  255, 0, 255
L -233.3452, 1662.9728, -286.0482,  -241.5272, 1658.3855, -287.2564,  255, 0, 255
L -241.5272, 1658.3855, -287.2564,  -258.1496, 1648.9673, -289.8173,  255, 0, 255
L -258.1496, 1648.9673, -289.8173,  -289.1526, 1631.4247, -295.9661,  255, 0, 255
L -289.1526, 1631.4247, -295.9661,  -297.7461, 1626.8716, -295.9522,  255, 0, 255
L -297.7461, 1626.8716, -295.9522,  -306.4161, 1622.5950, -296.1523,  255, 0, 255
L -306.4161, 1622.5950, -296.1523,  -314.9445, 1618.5535, -296.4834,  255, 0, 255
L -314.9445, 1618.5535, -296.4834,  -351.2889, 1601.3125, -297.8638,  255, 0, 255
L -351.2889, 1601.3125, -297.8638,  -359.8764, 1596.8727, -297.8113,  255, 0, 255
L -359.8764, 1596.8727, -297.8113,  -367.6543, 1592.6248, -297.9669,  255, 0, 255
L -367.6543, 1592.6248, -297.9669,  -375.3908, 1588.0719, -298.1447,  255, 0, 255
L -375.3908, 1588.0719, -298.1447,  -380.0444, 1585.0955, -298.2700,  255, 0, 255
L -380.0444, 1585.0955, -298.2700,  -387.4208, 1580.1829, -298.6964,  255, 0, 255
L -387.4208, 1580.1829, -298.6964,  -411.9666, 1563.7787, -302.4610,  255, 0, 255
L -411.9666, 1563.7787, -302.4610,  -419.6180, 1558.5541, -302.6158,  255, 0, 255
L -419.6180, 1558.5541, -302.6158,  -427.3676, 1553.1674, -301.9717,  255, 0, 255
L -427.3676, 1553.1674, -301.9717,  -443.6936, 1541.6675, -301.5978,  255, 0, 255
L -443.6936, 1541.6675, -301.5978,  -451.3101, 1536.1930, -301.4771,  255, 0, 255
L -451.3101, 1536.1930, -301.4771,  -458.8463, 1530.6078, -301.8586,  255, 0, 255
L -458.8463, 1530.6078, -301.8586,  -611.3979, 1417.3959, -321.9466,  255, 0, 255
L -611.3979, 1417.3959, -321.9466,  -618.6465, 1411.8141, -321.3898,  255, 0, 255
L -618.6465, 1411.8141, -321.3898,  -625.8231, 1406.0485, -321.0108,  255, 0, 255
L -625.8231, 1406.0485, -321.0108,  -632.7358, 1400.1459, -320.6973,  255, 0, 255
L -632.7358, 1400.1459, -320.6973,  -639.6766, 1394.0105, -320.4372,  255, 0, 255
L -639.6766, 1394.0105, -320.4372,  -657.7064, 1378.0060, -324.9714,  255, 0, 255
L -657.7064, 1378.0060, -324.9714,  -659.0038, 1376.7826, -325.1623,  255, 0, 255
L -659.0038, 1376.7826, -325.1623,  -665.7284, 1370.2455, -326.9841,  255, 0, 255
L -665.7284, 1370.2455, -326.9841,  -686.8071, 1349.6713, -332.5834,  255, 0, 255
L -686.8071, 1349.6713, -332.5834,  -707.8140, 1329.1946, -333.7156,  255, 0, 255
L -707.8140, 1329.1946, -333.7156,  -714.8102, 1322.5282, -331.5344,  255, 0, 255
L -714.8102, 1322.5282, -331.5344,  -724.3516, 1313.5292, -331.3574,  255, 0, 255
L -724.3516, 1313.5292, -331.3574,  -728.6424, 1309.6978, -333.3445,  255, 0, 255
L -728.6424, 1309.6978, -333.3445,  -733.0049, 1306.0381, -334.3779,  255, 0, 255
L -733.0049, 1306.0381, -334.3779,  -740.3984, 1300.0873, -336.5845,  255, 0, 255
L -740.3984, 1300.0873, -336.5845,  -747.9214, 1294.2073, -335.8642,  255, 0, 255
L -747.9214, 1294.2073, -335.8642,  -763.4073, 1281.9794, -328.1440,  255, 0, 255
L -763.4073, 1281.9794, -328.1440,  -770.7726, 1276.0824, -323.5869,  255, 0, 255
L -770.7726, 1276.0824, -323.5869,  -785.8652, 1263.9163, -322.5755,  255, 0, 255
L -785.8652, 1263.9163, -322.5755,  -792.9719, 1257.8893, -323.5175,  255, 0, 255
L -792.9719, 1257.8893, -323.5175,  -800.2526, 1251.3628, -324.6516,  255, 0, 255
L -800.2526, 1251.3628, -324.6516,  -807.1711, 1244.8644, -320.3739,  255, 0, 255
L -807.1711, 1244.8644, -320.3739,  -813.9965, 1238.2681, -315.1890,  255, 0, 255
L -813.9965, 1238.2681, -315.1890,  -828.0358, 1224.5652, -305.1924,  255, 0, 255
L -828.0358, 1224.5652, -305.1924,  -852.4424, 1200.7289, -299.7393,  255, 0, 255
L -852.4424, 1200.7289, -299.7393,  -854.6138, 1198.5071, -300.1417,  255, 0, 255
L -854.6138, 1198.5071, -300.1417,  -861.1237, 1191.6775, -299.9156,  255, 0, 255
L -861.1237, 1191.6775, -299.9156,  -881.6691, 1170.0883, -298.0103,  255, 0, 255
L -881.6691, 1170.0883, -298.0103,  -934.4932, 1114.5369, -303.1197,  255, 0, 255
L -782.4974, 848.9709, -191.2637,  -684.8007, 751.3712, -173.3212,  255, 0, 255
L -684.8007, 751.3712, -173.3212,  -677.9302, 744.8149, -172.1838,  255, 0, 255
L -677.9302, 744.8149, -172.1838,  -671.3119, 738.6642, -171.0465,  255, 0, 255
L -671.3119, 738.6642, -171.0465,  -668.7173, 736.3857, -170.6536,  255, 0, 255
L -668.7173, 736.3857, -170.6536,  -661.6108, 730.4406, -169.5862,  255, 0, 255
L -661.6108, 730.4406, -169.5862,  -654.5381, 724.6335, -168.6028,  255, 0, 255
L -654.5381, 724.6335, -168.6028,  -653.1147, 723.4653, -168.3322,  255, 0, 255
L -653.1147, 723.4653, -168.3322,  -652.0502, 722.4033, -168.2266,  255, 0, 255
L -652.0502, 722.4033, -168.2266,  -650.8335, 720.9832, -167.9702,  255, 0, 255
L -650.8335, 720.9832, -167.9702,  -649.8851, 719.7795, -167.8774,  255, 0, 255
L -649.8851, 719.7795, -167.8774,  -647.8561, 717.0806, -167.5496,  255, 0, 255
L -647.8561, 717.0806, -167.5496,  -642.1022, 709.2137, -166.6013,  255, 0, 255
L -642.1022, 709.2137, -166.6013,  -632.8206, 696.4821, -164.9692,  255, 0, 255
L -632.8206, 696.4821, -164.9692,  -632.1649, 695.7389, -164.8683,  255, 0, 255
L -632.1649, 695.7389, -164.8683,  -631.1816, 694.7593, -164.7543,  255, 0, 255
L -631.1816, 694.7593, -164.7543,  -629.8060, 693.5331, -164.5000,  255, 0, 255
L -629.8060, 693.5331, -164.5000,  -628.0219, 692.0797, -164.2411,  255, 0, 255
L -628.0219, 692.0797, -164.2411,  -620.4653, 686.3314, -163.1459,  255, 0, 255
L -620.4653, 686.3314, -163.1459,  -613.0250, 680.8098, -162.0686,  255, 0, 255
L -613.0250, 680.8098, -162.0686,  -607.3931, 676.5211, -161.2455,  255, 0, 255
L -607.3931, 676.5211, -161.2455,  -606.2909, 675.3979, -161.1437,  255, 0, 255
L -606.2909, 675.3979, -161.1437,  -605.1979, 674.1671, -160.9052,  255, 0, 255
L -605.1979, 674.1671, -160.9052,  -603.1108, 671.6677, -160.5806,  255, 0, 255
L -603.1108, 671.6677, -160.5806,  -599.5463, 667.4890, -160.0911,  255, 0, 255
L -599.5463, 667.4890, -160.0911,  -598.1544, 666.2745, -159.8486,  255, 0, 255
L -598.1544, 666.2745, -159.8486,  -596.5322, 664.9836, -159.5812,  255, 0, 255
L -596.5322, 664.9836, -159.5812,  -589.0692, 659.3959, -158.3702,  255, 0, 255
L -589.0692, 659.3959, -158.3702,  -573.5380, 647.8762, -153.5575,  255, 0, 255
L -573.5380, 647.8762, -153.5575,  -540.8098, 623.6033, -143.4129,  255, 0, 255
L -540.8098, 623.6033, -143.4129,  -539.6362, 622.4813, -142.8408,  255, 0, 255
L -539.6362, 622.4813, -142.8408,  -538.6877, 621.4409, -142.6646,  255, 0, 255
L -538.6877, 621.4409, -142.6646,  -537.6121, 620.1865, -142.1743,  255, 0, 255
L -537.6121, 620.1865, -142.1743,  -531.5741, 612.7733, -140.0890,  255, 0, 255
L -531.5741, 612.7733, -140.0890,  -519.4394, 597.7374, -135.9069,  255, 0, 255
L -519.4394, 597.7374, -135.9069,  -516.3619, 594.0620, -134.8615,  255, 0, 255
L -516.3619, 594.0620, -134.8615,  -508.5708, 584.9543, -132.6027,  255, 0, 255
L -508.5708, 584.9543, -132.6027,  -508.0208, 584.4397, -132.4403,  255, 0, 255
L -508.0208, 584.4397, -132.4403,  -506.9622, 583.5472, -132.2893,  255, 0, 255
L -506.9622, 583.5472, -132.2893,  -505.6863, 582.5630, -131.8355,  255, 0, 255
L -505.6863, 582.5630, -131.8355,  -504.0028, 581.2549, -131.3363,  255, 0, 255
L -504.0028, 581.2549, -131.3363,  -503.3740, 580.6464, -131.1799,  255, 0, 255
L -503.3740, 580.6464, -131.1799,  -496.4393, 573.6661, -129.2910,  255, 0, 255
L -496.4393, 573.6661, -129.2910,  -495.3557, 572.8036, -129.1115,  255, 0, 255
L -495.3557, 572.8036, -129.1115,  -488.2953, 566.9849, -127.0211,  255, 0, 255
L -488.2953, 566.9849, -127.0211,  -484.8733, 564.3221, -126.2320,  255, 0, 255
L -484.8733, 564.3221, -126.2320,  -483.5798, 563.4614, -125.7348,  255, 0, 255
L -483.5798, 563.4614, -125.7348,  -482.8968, 562.9250, -125.5607,  255, 0, 255
L -482.8968, 562.9250, -125.5607,  -481.9307, 562.0793, -125.3720,  255, 0, 255
L -481.9307, 562.0793, -125.3720,  -480.6125, 560.8184, -124.9416,  255, 0, 255
L -480.6125, 560.8184, -124.9416,  -476.4667, 556.5770, -123.7588,  255, 0, 255
L -476.4667, 556.5770, -123.7588,  -469.8024, 549.7314, -121.9376,  255, 0, 255
L -469.8024, 549.7314, -121.9376,  -468.7555, 548.9075, -121.7919,  255, 0, 255
L -468.7555, 548.9075, -121.7919,  -459.2101, 541.4940, -119.0321,  255, 0, 255
L -459.2101, 541.4940, -119.0321,  -457.9971, 540.4341, -118.5109,  255, 0, 255
L -457.9971, 540.4341, -118.5109,  -456.9654, 539.5156, -118.3013,  255, 0, 255
L -456.9654, 539.5156, -118.3013,  -455.8537, 538.3434, -117.7988,  255, 0, 255
L -455.8537, 538.3434, -117.7988,  -453.2818, 535.5304, -116.8951,  255, 0, 255
L -453.2818, 535.5304, -116.8951,  -452.2880, 534.5703, -116.7473,  255, 0, 255
L -452.2880, 534.5703, -116.7473,  -445.5431, 527.9702, -114.4426,  255, 0, 255
L -445.5431, 527.9702, -114.4426,  -439.0729, 521.4191, -112.2875,  255, 0, 255
L -439.0729, 521.4191, -112.2875,  -436.4307, 518.6114, -111.4119,  255, 0, 255
L -436.4307, 518.6114, -111.4119,  -429.8473, 511.2985, -109.5111,  255, 0, 255
L -429.8473, 511.2985, -109.5111,  -429.2848, 510.6440, -109.4174,  255, 0, 255
L -429.2848, 510.6440, -109.4174,  -423.0133, 503.1369, -108.3033,  255, 0, 255
L -423.0133, 503.1369, -108.3033,  -416.7696, 495.5315, -107.1961,  255, 0, 255
L -416.7696, 495.5315, -107.1961,  -399.5349, 474.6140, -102.6239,  255, 0, 255
L -399.5349, 474.6140, -102.6239,  -398.4735, 473.4024, -102.2076,  255, 0, 255
L -398.4735, 473.4024, -102.2076,  -395.2339, 469.8941, -101.2363,  255, 0, 255
L -395.2339, 469.8941, -101.2363,  -393.3077, 467.9150, -100.6702,  255, 0, 255
L -393.3077, 467.9150, -100.6702,  -386.4238, 461.1292, -98.7200,  255, 0, 255
L -386.4238, 461.1292, -98.7200,  -383.9626, 458.6257, -98.0278,  255, 0, 255
L -383.9626, 458.6257, -98.0278,  -382.8298, 457.0676, -97.6201,  255, 0, 255
L -382.8298, 457.0676, -97.6201,  -382.3445, 456.3291, -97.4912,  255, 0, 255
L -382.3445, 456.3291, -97.4912,  -380.9585, 454.1245, -96.9397,  255, 0, 255
L -380.9585, 454.1245, -96.9397,  -376.1475, 446.2014, -95.1913,  255, 0, 255
L -376.1475, 446.2014, -95.1913,  -373.2946, 441.6276, -94.4146,  255, 0, 255
L -373.2946, 441.6276, -94.4146,  -372.0496, 440.1009, -94.0772,  255, 0, 255
L -372.0496, 440.1009, -94.0772,  -370.7289, 438.6519, -93.8455,  255, 0, 255
L -370.7289, 438.6519, -93.8455,  -369.7096, 437.6372, -93.4938,  255, 0, 255
L -369.7096, 437.6372, -93.4938,  -367.8604, 435.9092, -93.0108,  255, 0, 255
L -367.8604, 435.9092, -93.0108,  -365.0327, 433.2007, -92.3724,  255, 0, 255
L -365.0327, 433.2007, -92.3724,  -364.0986, 432.0827, -92.0299,  255, 0, 255
L -364.0986, 432.0827, -92.0299,  -361.5645, 429.0315, -91.3669,  255, 0, 255
L -361.5645, 429.0315, -91.3669,  -360.3275, 427.7338, -91.0144,  255, 0, 255
L -360.3275, 427.7338, -91.0144,  -354.3700, 420.9642, -89.4565,  255, 0, 255
L -354.3700, 420.9642, -89.4565,  -353.5934, 419.9203, -89.3516,  255, 0, 255
L -353.5934, 419.9203, -89.3516,  -347.8960, 411.9464, -87.0319,  255, 0, 255
L -347.8960, 411.9464, -87.0319,  -336.9424, 396.6344, -80.5298,  255, 0, 255
L -336.9424, 396.6344, -80.5298,  -335.5459, 395.2553, -79.9695,  255, 0, 255
L -335.5459, 395.2553, -79.9695,  -334.1088, 394.0143, -79.5838,  255, 0, 255
L -334.1088, 394.0143, -79.5838,  -333.0867, 393.0827, -79.0636,  255, 0, 255
L -333.0867, 393.0827, -79.0636,  -325.9630, 386.5018, -76.3280,  255, 0, 255
L -325.9630, 386.5018, -76.3280,  -323.5114, 384.3084, -75.4246,  255, 0, 255
L -323.5114, 384.3084, -75.4246,  -321.4178, 382.4921, -74.6898,  255, 0, 255
L -321.4178, 382.4921, -74.6898,  -320.9010, 381.9305, -74.4732,  255, 0, 255
L -320.9010, 381.9305, -74.4732,  -319.5359, 380.4794, -73.8922,  255, 0, 255
L -319.5359, 380.4794, -73.8922,  -317.7229, 378.4693, -73.2895,  255, 0, 255
L -317.7229, 378.4693, -73.2895,  -316.2191, 376.8179, -72.4946,  255, 0, 255
L -316.2191, 376.8179, -72.4946,  -314.8124, 375.5223, -71.9106,  255, 0, 255
L -314.8124, 375.5223, -71.9106,  -313.8615, 374.4812, -71.5089,  255, 0, 255
L -313.8615, 374.4812, -71.5089,  -312.4058, 373.1551, -70.9443,  255, 0, 255
L -312.4058, 373.1551, -70.9443,  -308.8981, 369.9325, -69.7940,  255, 0, 255
L -308.8981, 369.9325, -69.7940,  -306.4207, 367.5430, -68.6660,  255, 0, 255
L -306.4207, 367.5430, -68.6660,  -305.9332, 367.0334, -68.4502,  255, 0, 255
L -305.9332, 367.0334, -68.4502,  -303.9779, 365.0010, -67.6836,  255, 0, 255
L -303.9779, 365.0010, -67.6836,  -302.5793, 363.7847, -67.1076,  255, 0, 255
L -302.5793, 363.7847, -67.1076,  -302.0037, 363.1997, -66.9273,  255, 0, 255
L -302.0037, 363.1997, -66.9273,  -299.0443, 360.1864, -65.8691,  255, 0, 255
L -299.0443, 360.1864, -65.8691,  -297.8792, 359.1355, -65.2636,  255, 0, 255
L -297.8792, 359.1355, -65.2636,  -293.2888, 355.2345, -63.6240,  255, 0, 255
L -293.2888, 355.2345, -63.6240,  -292.2029, 354.4768, -63.3965,  255, 0, 255
L -292.2029, 354.4768, -63.3965,  -290.9810, 353.4014, -62.8465,  255, 0, 255
L -290.9810, 353.4014, -62.8465,  -289.9419, 352.5714, -62.6014,  255, 0, 255
L -289.9419, 352.5714, -62.6014,  -282.4872, 347.0194, -60.1074,  255, 0, 255
L -282.4872, 347.0194, -60.1074,  -280.8816, 346.1220, -59.5530,  255, 0, 255
L -280.8816, 346.1220, -59.5530,  -278.0526, 344.7096, -58.8036,  255, 0, 255
L -278.0526, 344.7096, -58.8036,  -270.4871, 340.7274, -56.7568,  255, 0, 255
L -270.4871, 340.7274, -56.7568,  -269.6715, 340.1402, -56.5571,  255, 0, 255
L -269.6715, 340.1402, -56.5571,  -264.2996, 336.4160, -54.8171,  255, 0, 255
L -264.2996, 336.4160, -54.8171,  -262.8954, 335.7449, -54.5954,  255, 0, 255
L -262.8954, 335.7449, -54.5954,  -258.5464, 333.5833, -53.3691,  255, 0, 255
L -258.5464, 333.5833, -53.3691,  -256.8838, 332.6070, -52.8776,  255, 0, 255
L -256.8838, 332.6070, -52.8776,  -253.9810, 330.9906, -52.0633,  255, 0, 255
L -253.9810, 330.9906, -52.0633,  -252.5718, 330.3170, -51.8216,  255, 0, 255
L -252.5718, 330.3170, -51.8216,  -251.0553, 329.6002, -51.3757,  255, 0, 255
L -251.0553, 329.6002, -51.3757,  -249.7312, 328.8503, -51.2687,  255, 0, 255
L -249.7312, 328.8503, -51.2687,  -246.1295, 326.5845, -50.9204,  255, 0, 255
L -246.1295, 326.5845, -50.9204,  -238.2914, 321.4160, -50.4904,  255, 0, 255
L -238.2914, 321.4160, -50.4904,  -213.4088, 304.9352, -49.5037,  255, 0, 255
L -213.4088, 304.9352, -49.5037,  -148.5742, 261.9911, -49.9994,  255, 0, 255
L -148.5742, 261.9911, -49.9994,  -147.5979, 261.4678, -50.0054,  255, 0, 255
L -147.5979, 261.4678, -50.0054,  -145.5395, 260.5516, -49.8271,  255, 0, 255
L -145.5395, 260.5516, -49.8271,  -143.1159, 259.6347, -49.6208,  255, 0, 255
L -143.1159, 259.6347, -49.6208,  -135.0652, 256.3237, -48.7142,  255, 0, 255
L -135.0652, 256.3237, -48.7142,  -133.6564, 255.4639, -48.7521,  255, 0, 255
L -133.6564, 255.4639, -48.7521,  -125.3573, 250.0445, -49.2140,  255, 0, 255
L -125.3573, 250.0445, -49.2140,  -117.4642, 245.0360, -49.6038,  255, 0, 255
L -117.4642, 245.0360, -49.6038,  -109.2040, 239.6810, -50.0480,  255, 0, 255
L -109.2040, 239.6810, -50.0480,  -101.4711, 234.5608, -50.4403,  255, 0, 255
L -101.4711, 234.5608, -50.4403,  -55.6241, 204.1934, -52.3306,  255, 0, 255
L -55.6241, 204.1934, -52.3306,  -54.7506, 203.7253, -52.2393,  255, 0, 255
L -54.7506, 203.7253, -52.2393,  -52.5857, 202.7647, -51.9659,  255, 0, 255
L -52.5857, 202.7647, -51.9659,  -51.7808, 202.4517, -51.8584,  255, 0, 255
L -51.7808, 202.4517, -51.8584,  -42.6092, 199.2153, -50.7027,  255, 0, 255
L -42.6092, 199.2153, -50.7027,  -26.3359, 193.4546, -48.6415,  255, 0, 255
L -26.3359, 193.4546, -48.6415,  -25.0478, 192.8006, -48.5261,  255, 0, 255
L -25.0478, 192.8006, -48.5261,  -17.6543, 188.6668, -47.5433,  255, 0, 255
L -17.6543, 188.6668, -47.5433,  -16.3084, 187.8536, -47.4475,  255, 0, 255
L -16.3084, 187.8536, -47.4475,  -14.8004, 186.8328, -47.1912,  255, 0, 255
L -14.8004, 186.8328, -47.1912,  -6.7971, 180.8900, -46.2155,  255, 0, 255
L -6.7971, 180.8900, -46.2155,  0.6546, 175.2690, -45.3221,  255, 0, 255
L 0.6546, 175.2690, -45.3221,  8.3909, 169.4319, -44.4346,  255, 0, 255
L 8.3909, 169.4319, -44.4346,  10.0515, 168.4791, -44.1873,  255, 0, 255
L 10.0515, 168.4791, -44.1873,  11.4498, 167.7935, -44.0733,  255, 0, 255
L 11.4498, 167.7935, -44.0733,  20.0287, 163.3918, -42.9167,  255, 0, 255
L 20.0287, 163.3918, -42.9167,  21.2768, 162.4940, -42.8282,  255, 0, 255
L 21.2768, 162.4940, -42.8282,  27.7600, 157.9944, -41.9789,  255, 0, 255
L 27.7600, 157.9944, -41.9789,  28.6921, 157.5379, -41.8838,  255, 0, 255
L 28.6921, 157.5379, -41.8838,  31.7562, 156.0625, -41.4906,  255, 0, 255
L 31.7562, 156.0625, -41.4906,  33.1420, 155.1962, -41.3836,  255, 0, 255
L 33.1420, 155.1962, -41.3836,  34.6435, 154.1602, -41.1353,  255, 0, 255
L 34.6435, 154.1602, -41.1353,  39.4270, 150.9707, -40.5381,  255, 0, 255
L 39.4270, 150.9707, -40.5381,  40.3078, 150.5411, -40.4429,  255, 0, 255
L 40.3078, 150.5411, -40.4429,  48.8067, 146.3978, -39.3473,  255, 0, 255
L 48.8067, 146.3978, -39.3473,  49.5797, 145.8581, -39.2694,  255, 0, 255
L 49.5797, 145.8581, -39.2694,  58.5228, 139.4805, -38.1984,  255, 0, 255
L 58.5228, 139.4805, -38.1984,  60.0840, 138.7394, -37.9938,  255, 0, 255
L 60.0840, 138.7394, -37.9938,  67.1497, 135.1947, -37.1776,  255, 0, 255
L 67.1497, 135.1947, -37.1776,  68.5451, 134.2038, -36.9628,  255, 0, 255
L 68.5451, 134.2038, -36.9628,  76.4883, 128.2667, -36.0527,  255, 0, 255
L 76.4883, 128.2667, -36.0527,  83.7038, 123.1294, -35.1960,  255, 0, 255
L 83.7038, 123.1294, -35.1960,  84.4802, 122.7487, -35.1155,  255, 0, 255
L 84.4802, 122.7487, -35.1155,  93.2271, 118.9032, -34.0347,  255, 0, 255
L 93.2271, 118.9032, -34.0347,  94.0217, 118.4161, -33.9417,  255, 0, 255
L 94.0217, 118.4161, -33.9417,  103.3755, 112.4144, -32.8877,  255, 0, 255
L 103.3755, 112.4144, -32.8877,  104.8837, 111.6938, -32.6471,  255, 0, 255
L 104.8837, 111.6938, -32.6471,  110.8021, 109.2923, -31.9236,  255, 0, 255
L 110.8021, 109.2923, -31.9236,  112.8529, 108.3683, -31.7100,  255, 0, 255
L 112.8529, 108.3683, -31.7100,  114.4616, 107.4120, -31.4720,  255, 0, 255
L 114.4616, 107.4120, -31.4720,  117.0739, 105.6861, -31.1462,  255, 0, 255
L 117.0739, 105.6861, -31.1462,  133.4463, 94.8971, -29.2112,  255, 0, 255
L 133.4463, 94.8971, -29.2112,  134.6614, 94.3669, -29.1029,  255, 0, 255
L 134.6614, 94.3669, -29.1029,  136.1393, 93.5467, -28.8716,  255, 0, 255
L 136.1393, 93.5467, -28.8716,  138.8046, 92.1153, -28.5476,  255, 0, 255
L 138.8046, 92.1153, -28.5476,  140.1408, 91.5791, -28.4502,  255, 0, 255
L 140.1408, 91.5791, -28.4502,  142.9133, 90.2543, -28.0966,  255, 0, 255
L 142.9133, 90.2543, -28.0966,  144.3902, 89.4071, -27.8578,  255, 0, 255
L 144.3902, 89.4071, -27.8578,  146.2753, 88.3259, -27.6149,  255, 0, 255
L 146.2753, 88.3259, -27.6149,  147.1762, 87.9347, -27.5385,  255, 0, 255
L 147.1762, 87.9347, -27.5385,  148.3692, 87.3258, -27.4273,  255, 0, 255
L 148.3692, 87.3258, -27.4273,  149.7942, 86.5043, -27.2037,  255, 0, 255
L 149.7942, 86.5043, -27.2037,  157.6725, 81.8868, -26.2765,  255, 0, 255
L 157.6725, 81.8868, -26.2765,  158.9259, 81.2698, -26.1878,  255, 0, 255
L 158.9259, 81.2698, -26.1878,  160.4441, 80.5331, -25.9584,  255, 0, 255
L 160.4441, 80.5331, -25.9584,  167.8899, 76.8951, -25.1109,  255, 0, 255
L 167.8899, 76.8951, -25.1109,  169.3753, 76.0273, -24.8382,  255, 0, 255
L 169.3753, 76.0273, -24.8382,  175.8515, 72.5333, -23.8194,  255, 0, 255
L 175.8515, 72.5333, -23.8194,  177.2495, 71.9810, -23.4566,  255, 0, 255
L 177.2495, 71.9810, -23.4566,  185.3819, 68.5447, -21.9748,  255, 0, 255
L 185.3819, 68.5447, -21.9748,  186.5459, 67.9932, -21.8274,  255, 0, 255
L 186.5459, 67.9932, -21.8274,  190.5610, 65.8438, -21.0530,  255, 0, 255
L 190.5610, 65.8438, -21.0530,  198.2362, 61.5496, -19.7197,  255, 0, 255
L 198.2362, 61.5496, -19.7197,  213.9157, 52.8547, -17.0398,  255, 0, 255
L 213.9157, 52.8547, -17.0398,  215.1329, 52.2724, -16.8843,  255, 0, 255
L 215.1329, 52.2724, -16.8843,  218.3865, 50.8236, -16.1888,  255, 0, 255
L 218.3865, 50.8236, -16.1888,  219.2123, 50.5693, -16.0751,  255, 0, 255
L 219.2123, 50.5693, -16.0751,  221.9510, 49.6443, -15.5330,  255, 0, 255
L 221.9510, 49.6443, -15.5330,  224.6086, 48.6136, -15.0352,  255, 0, 255
L 224.6086, 48.6136, -15.0352,  225.8889, 48.0104, -14.8988,  255, 0, 255
L 225.8889, 48.0104, -14.8988,  234.4658, 43.6611, -13.2745,  255, 0, 255
L 234.4658, 43.6611, -13.2745,  252.1253, 34.5893, -10.1842,  255, 0, 255
L 252.1253, 34.5893, -10.1842,  255.4199, 32.9796, -9.7273,  255, 0, 255
L 255.4199, 32.9796, -9.7273,  256.7405, 32.5567, -9.6601,  255, 0, 255
L 256.7405, 32.5567, -9.6601,  266.7724, 29.5700, -7.3744,  255, 0, 255
L 266.7724, 29.5700, -7.3744,  274.6219, 27.6530, -4.9855,  255, 0, 255
L 274.6219, 27.6530, -4.9855,  276.0398, 27.4113, -4.3921,  255, 0, 255
L 276.0398, 27.4113, -4.3921,  285.6103, 25.6267, -1.2690,  255, 0, 255
L 285.6103, 25.6267, -1.2690,  287.5137, 25.0431, -0.8606,  255, 0, 255
L 287.5137, 25.0431, -0.8606,  296.9539, 22.4961, 2.1119,  255, 0, 255
L 296.9539, 22.4961, 2.1119,  298.8452, 22.3353, 2.7771,  255, 0, 255
L 298.8452, 22.3353, 2.7771,  303.3100, 21.8264, 4.1673,  255, 0, 255
L 303.3100, 21.8264, 4.1673,  305.1394, 21.4829, 4.7129,  255, 0, 255
L 305.1394, 21.4829, 4.7129,  307.1364, 21.0144, 5.2748,  255, 0, 255
L 307.1364, 21.0144, 5.2748,  313.6859, 19.1014, 7.1143,  255, 0, 255
L 313.6859, 19.1014, 7.1143,  332.3620, 13.5188, 12.1913,  255, 0, 255
L 332.3620, 13.5188, 12.1913,  341.6544, 11.0839, 12.5826,  255, 0, 255
L 341.6544, 11.0839, 12.5826,  343.0291, 10.9064, 12.6356,  255, 0, 255
L 343.0291, 10.9064, 12.6356,  347.8503, 10.2085, 12.8571,  255, 0, 255
L 347.8503, 10.2085, 12.8571,  349.8022, 9.8460, 12.9182,  255, 0, 255
L -934.4932, 1114.5369, -301.9758,  -932.8830, 1104.5348, -302.3966,  255, 0, 255
L -932.8830, 1104.5348, -302.3966,  -932.6743, 1103.2378, -302.5893,  255, 0, 255
L -932.6743, 1103.2378, -302.5893,  -932.2518, 1100.6133, -302.9791,  255, 0, 255
L -932.2518, 1100.6133, -302.9791,  -931.9514, 1098.7466, -303.2564,  255, 0, 255
L -931.9514, 1098.7466, -303.2564,  -931.6227, 1096.7051, -303.5500,  255, 0, 255
L -931.6227, 1096.7051, -303.5500,  -931.3119, 1094.7743, -303.7300,  255, 0, 255
L -931.3119, 1094.7743, -303.7300,  -930.8914, 1092.1609, -302.7598,  255, 0, 255
L -930.8914, 1092.1609, -302.7598,  -930.6719, 1090.7975, -301.8165,  255, 0, 255
L -930.6719, 1090.7975, -301.8165,  -930.2877, 1088.4109, -300.5684,  255, 0, 255
L -930.2877, 1088.4109, -300.5684,  -930.0591, 1086.9910, -299.9302,  255, 0, 255
L -930.0591, 1086.9910, -299.9302,  -929.6293, 1084.3202, -298.6538,  255, 0, 255
L -929.6293, 1084.3202, -298.6538,  -929.3365, 1082.5020, -298.0157,  255, 0, 255
L -929.3365, 1082.5020, -298.0157,  -929.0074, 1080.4568, -296.7674,  255, 0, 255
L -929.0074, 1080.4568, -296.7674,  -928.7056, 1078.5813, -295.8867,  255, 0, 255
L -928.7056, 1078.5813, -295.8867,  -928.2849, 1075.9679, -295.5052,  255, 0, 255
L -928.2849, 1075.9679, -295.5052,  -928.0563, 1074.5479, -295.1348,  255, 0, 255
L -928.0563, 1074.5479, -295.1348,  -927.6448, 1071.9911, -294.6587,  255, 0, 255
L -927.6448, 1071.9911, -294.6587,  -927.4162, 1070.5707, -294.3941,  255, 0, 255
L -927.4162, 1070.5707, -294.3941,  -926.9772, 1067.8438, -293.9072,  255, 0, 255
L -926.9772, 1067.8438, -293.9072,  -926.6846, 1066.0254, -293.6531,  255, 0, 255
L -926.6846, 1066.0254, -293.6531,  -926.3644, 1064.0376, -293.1664,  255, 0, 255
L -926.3644, 1064.0376, -293.1664,  -926.1541, 1062.7306, -293.0499,  255, 0, 255
L -926.1541, 1062.7306, -293.0499,  -925.8249, 1060.6857, -292.5526,  255, 0, 255
L -925.8249, 1060.6857, -292.5526,  -925.5231, 1058.8107, -292.2034,  255, 0, 255
L -925.5231, 1058.8107, -292.2034,  -925.0933, 1056.1404, -291.8329,  255, 0, 255
L -925.0933, 1056.1404, -291.8329,  -924.7823, 1054.2094, -291.3356,  255, 0, 255
L -924.7823, 1054.2094, -291.3356,  -924.3799, 1051.7096, -290.9863,  255, 0, 255
L -924.3799, 1051.7096, -290.9863,  -922.8398, 1042.1061, -285.9746,  255, 0, 255
L -922.8398, 1042.1061, -285.9746,  -922.5580, 1040.2284, -284.4185,  255, 0, 255
L -922.5580, 1040.2284, -284.4185,  -922.1501, 1037.0901, -282.4425,  255, 0, 255
L -922.1501, 1037.0901, -282.4425,  -921.9429, 1035.2018, -281.2672,  255, 0, 255
L -921.9429, 1035.2018, -281.2672,  -921.5253, 1030.7334, -278.5101,  255, 0, 255
L -921.5253, 1030.7334, -278.5101,  -921.3704, 1028.9557, -277.3483,  255, 0, 255
L -921.3704, 1028.9557, -277.3483,  -920.9102, 1023.6238, -274.1452,  255, 0, 255
L -920.9102, 1023.6238, -274.1452,  -920.7471, 1021.7316, -273.0192,  255, 0, 255
L -920.7471, 1021.7316, -273.0192,  -920.2975, 1016.5143, -270.6506,  255, 0, 255
L -920.2975, 1016.5143, -270.6506,  -920.1790, 1015.1387, -270.0830,  255, 0, 255
L -920.1790, 1015.1387, -270.0830,  -919.7295, 1009.9214, -268.0852,  255, 0, 255
L -919.7295, 1009.9214, -268.0852,  -919.5615, 1007.9717, -267.2682,  255, 0, 255
L -919.5615, 1007.9717, -267.2682,  -919.1120, 1002.7548, -265.4293,  255, 0, 255
L -919.1120, 1002.7548, -265.4293,  -918.9885, 1001.3218, -264.6802,  255, 0, 255
L -918.9885, 1001.3218, -264.6802,  -918.4924, 995.5309, -261.5494,  255, 0, 255
L -918.4924, 995.5309, -261.5494,  -918.3854, 994.1544, -260.7830,  255, 0, 255
L -918.3854, 994.1544, -260.7830,  -917.8937, 983.6360, -254.7618,  255, 0, 255
L -917.8937, 983.6360, -254.7618,  -917.8660, 982.8887, -254.4736,  255, 0, 255
L -917.8660, 982.8887, -254.4736,  -917.3687, 968.5685, -246.8682,  255, 0, 255
L -917.3687, 968.5685, -246.8682,  -917.3191, 966.6129, -245.4434,  255, 0, 255
L -917.3191, 966.6129, -245.4434,  -916.8530, 956.1498, -238.6473,  255, 0, 255
L -916.8530, 956.1498, -238.6473,  -916.7137, 954.1985, -236.8430,  255, 0, 255
L -916.7137, 954.1985, -236.8430,  -916.2433, 948.9253, -233.2187,  255, 0, 255
L -916.2433, 948.9253, -233.2187,  -916.0352, 947.0377, -232.5579,  255, 0, 255
L -916.0352, 947.0377, -232.5579,  -915.6158, 943.7266, -230.4325,  255, 0, 255
L -915.6158, 943.7266, -230.4325,  -915.4054, 942.2457, -229.7253,  255, 0, 255
L -915.4054, 942.2457, -229.7253,  -914.9608, 939.5197, -228.2031,  255, 0, 255
L -914.9608, 939.5197, -228.2031,  -914.8260, 938.7841, -227.7943,  255, 0, 255
L -914.8260, 938.7841, -227.7943,  -914.4473, 936.8646, -226.6197,  255, 0, 255
L -914.4473, 936.8646, -226.6197,  -914.3007, 936.1901, -226.2991,  255, 0, 255
L -914.3007, 936.1901, -226.2991,  -913.8558, 934.2849, -225.1335,  255, 0, 255
L -913.8558, 934.2849, -225.1335,  -913.6602, 933.5037, -224.8064,  255, 0, 255
L -913.6602, 933.5037, -224.8064,  -913.2916, 932.1130, -224.3472,  255, 0, 255
L -913.2916, 932.1130, -224.3472,  -912.9070, 930.7271, -223.1228,  255, 0, 255
L -912.9070, 930.7271, -223.1228,  -913.3279, 929.1501, -222.1444,  255, 0, 255
L -913.3279, 929.1501, -222.1444,  -914.5443, 928.3978, -222.0930,  255, 0, 255
L -914.5443, 928.3978, -222.0930,  -915.9925, 927.7814, -222.0192,  255, 0, 255
L -915.9925, 927.7814, -222.0192,  -919.2472, 926.3290, -221.8244,  255, 0, 255
L -919.2472, 926.3290, -221.8244,  -919.0869, 924.6471, -221.9861,  255, 0, 255
L -919.0869, 924.6471, -221.9861,  -918.3021, 923.0952, -221.7577,  255, 0, 255
L -918.3021, 923.0952, -221.7577,  -917.9189, 922.4445, -221.3667,  255, 0, 255
L -917.9189, 922.4445, -221.3667,  -916.9078, 920.8505, -220.0455,  255, 0, 255
L -916.9078, 920.8505, -220.0455,  -916.1343, 919.7280, -219.2886,  255, 0, 255
L -916.1343, 919.7280, -219.2886,  -914.9828, 918.1597, -218.0064,  255, 0, 255
L -914.9828, 918.1597, -218.0064,  -914.5989, 917.6588, -217.5640,  255, 0, 255
L -914.5989, 917.6588, -217.5640,  -911.8260, 914.2618, -214.2471,  255, 0, 255
L -911.8260, 914.2618, -214.2471,  -910.9036, 913.1924, -213.7538,  255, 0, 255
L -910.9036, 913.1924, -213.7538,  -909.7330, 911.8353, -212.6297,  255, 0, 255
L -909.7330, 911.8353, -212.6297,  -908.6525, 910.1567, -211.7714,  255, 0, 255
L -908.6525, 910.1567, -211.7714,  -907.9297, 908.8408, -210.5535,  255, 0, 255
L -907.9297, 908.8408, -210.5535,  -907.3080, 907.6445, -210.0433,  255, 0, 255
L -907.3080, 907.6445, -210.0433,  -905.5781, 904.3627, -207.3664,  255, 0, 255
L -905.5781, 904.3627, -207.3664,  -905.1667, 903.6533, -206.8869,  255, 0, 255
L -905.1667, 903.6533, -206.8869,  -904.3828, 902.5048, -206.3707,  255, 0, 255
L -904.3828, 902.5048, -206.3707,  -903.4265, 901.2776, -204.9648,  255, 0, 255
L -903.4265, 901.2776, -204.9648,  -902.8699, 900.6179, -204.4828,  255, 0, 255
L -902.8699, 900.6179, -204.4828,  -901.1747, 898.6624, -202.9072,  255, 0, 255
L -901.1747, 898.6624, -202.9072,  -902.3660, 897.5818, -202.7825,  255, 0, 255
L -902.3660, 897.5818, -202.7825,  -903.2078, 896.8174, -202.6586,  255, 0, 255
L -365.8628, 435.2448, -92.3934,  -337.7207, 427.9378, -87.2436,  255, 0, 255
L -337.7207, 427.9378, -87.2436,  -335.8994, 427.5928, -86.9459,  255, 0, 255
L -335.8994, 427.5928, -86.9459,  -333.0134, 427.2113, -86.4960,  255, 0, 255
L -333.0134, 427.2113, -86.4960,  -331.2533, 427.1046, -86.2386,  255, 0, 255
L -331.2533, 427.1046, -86.2386,  -321.2828, 427.3348, -83.7459,  255, 0, 255
L -321.2828, 427.3348, -83.7459,  -311.9271, 427.6778, -79.9160,  255, 0, 255
L -311.9271, 427.6778, -79.9160,  -266.3833, 429.3100, -62.0598,  255, 0, 255
L -266.3833, 429.3100, -62.0598,  -256.8094, 428.5249, -58.4684,  255, 0, 255
L -256.8094, 428.5249, -58.4684,  -255.1522, 428.2643, -57.8091,  255, 0, 255
L -255.1522, 428.2643, -57.8091,  -229.6998, 424.1311, -47.6689,  255, 0, 255
L -229.6998, 424.1311, -47.6689,  -220.6141, 422.2828, -43.9672,  255, 0, 255
L -220.6141, 422.2828, -43.9672,  -211.2407, 420.0924, -40.0212,  255, 0, 255
L -211.2407, 420.0924, -40.0212,  -182.9710, 413.3783, -29.7603,  255, 0, 255
L -182.9710, 413.3783, -29.7603,  -151.9570, 405.9868, -23.2782,  255, 0, 255
L -151.9570, 405.9868, -23.2782,  -142.6707, 403.4496, -21.2991,  255, 0, 255
L -142.6707, 403.4496, -21.2991,  -133.7616, 400.8703, -19.3605,  255, 0, 255
L -133.7616, 400.8703, -19.3605,  -99.5557, 390.9979, -11.8115,  255, 0, 255
L -99.5557, 390.9979, -11.8115,  -90.4700, 388.7351, -10.8899,  255, 0, 255
L -90.4700, 388.7351, -10.8899,  -71.3905, 384.1991, -12.9896,  255, 0, 255
L -71.3905, 384.1991, -12.9896,  -27.4883, 373.7392, -8.6819,  255, 0, 255
L -27.4883, 373.7392, -8.6819,  -18.1729, 371.3053, -7.7898,  255, 0, 255
L -18.1729, 371.3053, -7.7898,  9.9290, 363.8983, -6.8399,  255, 0, 255
L 9.9290, 363.8983, -6.8399,  40.9963, 355.7087, -4.3253,  255, 0, 255
L 40.9963, 355.7087, -4.3253,  42.1716, 355.3179, -4.0968,  255, 0, 255
L 42.1716, 355.3179, -4.0968,  51.2104, 351.9497, -2.3338,  255, 0, 255
L 51.2104, 351.9497, -2.3338,  52.3334, 351.4357, -2.0978,  255, 0, 255
L 52.3334, 351.4357, -2.0978,  53.5236, 350.8572, -1.9044,  255, 0, 255
L 53.5236, 350.8572, -1.9044,  54.5900, 350.2321, -1.7083,  255, 0, 255
L 54.5900, 350.2321, -1.7083,  55.7770, 349.4567, -1.5606,  255, 0, 255
L 55.7770, 349.4567, -1.5606,  63.1030, 344.8000, -0.6764,  255, 0, 255
L 63.1030, 344.8000, -0.6764,  64.4182, 344.0746, -0.4978,  255, 0, 255
L 64.4182, 344.0746, -0.4978,  73.6750, 339.0905, 0.8930,  255, 0, 255
L 73.6750, 339.0905, 0.8930,  99.3079, 325.3876, -0.9512,  255, 0, 255
L 99.3079, 325.3876, -0.9512,  132.1201, 307.8697, -13.7815,  255, 0, 255
L 132.1201, 307.8697, -13.7815,  134.5753, 306.6779, -13.7632,  255, 0, 255
L 134.5753, 306.6779, -13.7632,  143.3419, 302.2422, -13.6798,  255, 0, 255
L 143.3419, 302.2422, -13.6798,  145.5964, 301.2236, -13.6544,  255, 0, 255
L 145.5964, 301.2236, -13.6544,  156.6103, 296.3599, -13.4373,  255, 0, 255
L 156.6103, 296.3599, -13.4373,  157.5539, 295.8512, -13.4315,  255, 0, 255
L 157.5539, 295.8512, -13.4315,  159.2073, 294.7702, -13.4264,  255, 0, 255
L 154.3105, 297.6123, -13.4374,  162.2955, 293.3125, -14.3834,  255, 0, 255
L 162.2955, 293.3125, -14.3834,  164.0002, 292.5020, -14.5507,  255, 0, 255
L 164.0002, 292.5020, -14.5507,  188.8252, 280.6009, -8.3232,  255, 0, 255
L 188.8252, 280.6009, -8.3232,  190.2533, 279.8396, -7.7341,  255, 0, 255
L 190.2533, 279.8396, -7.7341,  192.6748, 278.4361, -6.6462,  255, 0, 255
L 192.6748, 278.4361, -6.6462,  196.6110, 275.9460, -6.0009,  255, 0, 255
L 196.6110, 275.9460, -6.0009,  197.9245, 274.9324, -5.9776,  255, 0, 255
L 197.9245, 274.9324, -5.9776,  205.3066, 268.8946, -5.8312,  255, 0, 255
L 205.3066, 268.8946, -5.8312,  206.4247, 267.9442, -5.8162,  255, 0, 255
P 2569.7178, 1667.3721, -294.6880,  0, 0, 0,  3,  Spotter
P 2013.0923, 1436.9336, -292.7523,  0, 0, 0,  3,  Spotter
P 459.6467, 1266.6056, -223.3526,  0, 0, 0,  3,  Spotter
P 2633.2847, 2456.4036, -277.3175,  0, 0, 0,  3,  Spotter
P 1940.7891, 2211.6917, -296.2836,  0, 0, 0,  3,  Spotter
P 764.6530, 2262.9778, -278.4594,  0, 0, 0,  3,  Spotter
P 883.2873, 1900.0492, -300.8714,  0, 0, 0,  3,  Spotter
P 458.5652, 1696.3959, -199.6169,  0, 0, 0,  3,  Spotter
P 1497.3422, 927.3298, -235.8112,  0, 0, 0,  3,  Assaulter_spawn
P 486.0048, 2306.2676, -299.5635,  0, 0, 0,  3,  Spotter
P -1605.7538, 1860.0995, -299.3549,  0, 0, 0,  3,  Spotter
P 1283.4546, 877.5093, -194.6611,  0, 0, 0,  3,  Spotter
P 2746.9600, 1586.9043, -268.8074,  0, 0, 0,  3,  Spotter
P 2370.0884, 735.0297, -187.0429,  0, 0, 0,  3,  Spotter
P 159.2601, 2430.8062, -297.0648,  0, 0, 0,  3,  Assaulter_spawn
P 2243.0586, 1106.8672, -180.1926,  0, 0, 0,  3,  Spotter
P 2536.0364, 2192.8406, -295.7249,  0, 0, 0,  3,  Spotter
P 2553.5127, 1977.7039, -293.5746,  0, 0, 0,  3,  Spotter
P 3223.0237, 1540.3073, -261.7558,  0, 0, 0,  3,  Spotter
P 3023.8887, 450.8270, -217.4423,  0, 0, 0,  3,  Spotter
P 3084.3699, 420.2621, -265.8583,  0, 0, 0,  3,  Assaulter_spawn
P 3446.6973, 454.5678, -299.0414,  0, 0, 0,  3,  Spotter
P 3018.5657, -1025.9253, -303.8409,  0, 0, 0,  3,  Assulter_spawn
P 2581.8665, -1453.5916, -229.6395,  0, 0, 0,  3,  Spotter
P 1382.1780, -1532.5851, -195.2117,  0, 0, 0,  3,  Spotter
P 1818.7616, 1661.1448, -254.9057,  0, 0, 0,  3,  Spotter
P 3430.4805, 1553.5651, -256.6862,  0, 0, 0,  3,  Spotter
P 523.9924, 121.2781, 32.6105,  0, 0, 0,  3,  Tank_spot,_face_WNW
P -903.2078, 896.8174, -202.6586,  0, 0, 0,  3,  Levitate_to_hill
P 561.3855, 250.7495, 31.9342,  127, 0, 0,  2,  Ogna_(spawn)
P 451.1534, 42.7521, 54.2347,  0, 0, 0,  3,  Add_spawns
P 3112.3284, 2163.8560, -303.8320,  0, 0, 0,  3,  Thornel
P 381.0377, 748.7380, 16.5481,  0, 0, 0,  3,  a_catapult02
P 411.7677, 444.6214, 17.8648,  0, 0, 0,  3,  a_catapult03
P 698.6121, 337.2781, 56.5677,  0, 0, 0,  3,  a_catapult01
P 949.2764, -36.9898, 88.8093,  0, 0, 0,  3,  a_catapult00
P 204.0832, 264.0024, -7.6226,  0, 0, 0,  3,  DPS_stops_here
P 346.1438, -1.0989, 12.4472,  0, 0, 0,  3,  Tanks_stop_here
P 433.7953, 1944.4629, -259.8132,  0, 0, 0,  3,  Home_free,_use_leap