P 9.3469, -589.8920, 155.2090,  240, 0, 0,  2,  Ash_Harbinger
P -175.8348, -1172.9843, -244.2487,  240, 0, 0,  2,  Velith_the_Cinderfang
P -484.8756, -1192.9988, -139.7195,  240, 0, 0,  2,  Orvain_the_Mooncaller*
P -47.8194, -504.8829, 146.7016,  240, 0, 0,  2,  Fire_Maw
P -2460.8499, -110.9141, 1481.3965,  240, 0, 0,  2,  Dravok_the_Rootbinder
P -1817.3798, 1168.8086, 1802.6238,  240, 0, 0,  2,  Broj_the_Devourer*
P -2503.1143, 433.3826, 1422.9081,  240, 0, 0,  2,  Irdrath_the_Withered
P -292.1166, -844.9139, 104.3569,  240, 0, 0,  2,  Velith_the_Cinderfang
P -1092.8810, -1822.5188, 579.7087,  240, 0, 0,  2,  Dravok_the_Rootbinder
P -1742.2039, -1344.3958, 1038.7780,  240, 0, 0,  2,  a_manasheen_plaguebloom
P -1972.7228, -1249.5403, 1019.4103,  240, 0, 0,  2,  Orvain_the_Mooncaller
