P -303.101, -48.3746, 31.4896, 0, 0, 240, 3, Teleporter_to_Blue_Griffin_Hall
P 688.1735, -1425.119, 29.4061, 240, 0, 0, 3, Diamond
P 488.8768, -1250.6572, -32.3423, 240, 0, 0, 3, Sapphire
P 621.4285, -928.3832, 29.4061, 240, 0, 0, 3, Emerald
P 773.108, -746.9163, -32.3423, 240, 0, 0, 3, Ruby
P 1050.5298, -851.9554, 29.4061, 240, 0, 0, 3, Platinum
P 1225.8239, -1001.977, -32.3423, 240, 0, 0, 3, Gold
P 1119.609, -1283.7578, 29.4061, 240, 0, 0, 3, Silver
P 970.1476, -1453.5138, -32.3423, 240, 0, 0, 3, Copper
P -1121.552, -1346.7598, 29.5103, 0, 0, 240, 3, Diamond
P -1323.799, -1210.9371, -32.2383, 0, 0, 240, 3, Sapphire
P -1189.9284, -899.7183, 29.5113, 0, 0, 240, 3, Emerald
P -1017.48, -753.7522, -32.2383, 0, 0, 240, 3, Ruby
P -759.3396, -831.3968, 29.5216, 0, 0, 240, 3, Platinum
P -622.68, -1014.7853, -32.2383, 0, 0, 240, 3, Gold
P -690.3255, -1275.5926, 29.5103, 0, 0, 240, 3, Silver
P -807.2078, -1464.942, -32.2383, 0, 0, 240, 3, Copper
P -956.6879, -1800.7934, 14.497, 0, 0, 240, 3, Hall_of_the_Blue_Griffin
P 834.7744, -1800.792, -15.2768, 240, 0, 0, 3, Hall_of_the_Red_Dragon
P -923.656, -1162.8942, -1.465, 255, 0, 255, 2, Teleporter_to_Hub
P 890.7037, -1164.9196, -1.236, 255, 0, 255, 2, Teleporter_to_Hub
P 51.817, -302.3127, 31.3817, 240, 0, 0, 3, Teleporter_to_Red_Dragon_Hall
P 205.7873, -131.6947, -32.3425, 0, 0, 0, 2, Loom
P 203.9728, -174.841, -32.3425, 0, 0, 0, 2, Pottery_Wheel
P 308.8571, -214.4681, -32.3425, 0, 0, 0, 2, Oven
P 427.119, -172.117, -32.3425, 0, 0, 0, 2, Forge
P 426.4218, -135.8511, -32.3425, 0, 0, 0, 2, Forge
P -117.1226, 255.3985, 29.5115, 0, 0, 0, 2, Forge
P 329.7889, -215.4025, -32.3425, 0, 0, 0, 2, Kiln
P 213.8825, -158.4334, -32.3425, 0, 0, 0, 2, Kiln
P -956.6879, -1800.7934, 14.497, 0, 0, 240, 3, (BARTER)
P 834.7744, -1800.792, -15.2768, 240, 0, 0, 3, (BAZAAR)
P -124.3627, 320.946, 29.5103, 0, 0, 0, 1, Ak'anon_Shipment_Chest
P -146.4261, 402.8964, 30.9623, 0, 0, 127, 2, Eryke_Stremstin(Mnk1.5)_
