P -124.1881, -1628.7898, 14.9682,  240, 0, 0,  2,  Captain_Foley
P 722.7690, -1515.2367, 87.7360,  240, 0, 0,  3,  Captain*
P 146.2895, 278.4961, -55.4932,  240, 0, 0,  2,  The_Great_Shell
P 1380.7759, 1381.7649, -148.0533,  240, 0, 0,  2,  Flame_Devourer*
P -30.4997, -1212.7859, 96.0612,  240, 0, 0,  2,  Melted_Monstrosity
P 124.2514, 83.1927, -52.0910,  240, 0, 0,  2,  Melted_Monstrosity
P 1455.9086, 237.5767, -48.6047,  240, 0, 0,  2,  Melted_Monstrosity*
P 742.3862, 902.7464, -34.8897,  240, 0, 0,  2,  Loken_the_Rabid
P 358.2466, -769.5746, 176.0308,  240, 0, 0,  2,  Everburning_Candle_Master
P 145.4614, -1660.9441, 16.4774,  240, 0, 0,  2,  Captain_Foley
P -314.6396, -1494.0541, 16.4622,  240, 0, 0,  2,  Captain_Foley*
P 283.7472, -964.9753, 157.4123,  240, 0, 0,  2,  Everburning_Candle_Master
P 1074.7411, -587.9336, 162.2729,  240, 0, 0,  2,  Caiser_the_Lava_Dweller
P 1761.0370, -979.3326, -17.2648,  240, 0, 0,  2,  Loken_the_Rabid
P 1299.2097, 2359.1946, -123.4899,  127, 64, 0,  2,  Fungal_creatures
P -165.4464, 884.0762, -69.6497,  240, 0, 0,  2,  Scragen_the_Vicious
P 127.9130, 1059.8612, -81.1050,  240, 0, 0,  2,  Loken_the_Rabid
P 277.6446, 1262.4478, -110.0644,  240, 0, 0,  2,  Scragen_the_Vicious
P -206.1432, 223.0872, -49.1374,  240, 0, 0,  2,  Loken_the_Rabid
P -434.5175, 513.4894, -25.1641,  240, 0, 0,  2,  Scragen_the_Vicious
P -307.2274, 8.1215, 51.3953,  240, 0, 0,  2,  Scragen_the_Vicious
P 210.8108, -238.0717, 144.3559,  240, 0, 0,  2,  Caiser_the_Lava_Dweller*
P 877.5643, -243.4982, 159.1841,  240, 0, 0,  2,  Caiser_the_Lava_Dweller
P 272.3046, -63.5976, 141.8820,  240, 0, 0,  2,  Caiser_the_Lava_Dweller
P -154.6789, 674.4257, -61.8886,  240, 0, 0,  2,  Loken_the_Rabid
P 1487.6705, 763.6555, -14.5865,  240, 0, 0,  2,  Haywired_Creation
P 1005.8786, -1172.5875, 165.8343,  240, 0, 0,  2,  Haywired_Creation
P 372.3914, -1249.4226, 88.1220,  240, 0, 0,  2,  Captain
P 290.8629, -1792.7836, 96.8065,  240, 0, 0,  2,  Captain
P -289.4039, -1076.9872, 80.1001,  240, 0, 0,  2,  Haywired_Creation
P 1130.8096, -1319.7303, 84.3327,  240, 0, 0,  2,  Furok_the_Firestarter*
P 1279.6521, -936.8355, 44.0788,  240, 0, 0,  2,  Furok_the_Firestarter*
P 795.9588, 1631.6176, -121.1466,  240, 0, 0,  2,  Furok_the_Firestarter*
P 526.1152, 1391.3456, -118.1993,  240, 0, 0,  2,  Furok_the_Firestarter*
P 1045.9657, 660.9244, -20.0982,  240, 0, 0,  2,  Everburning_Candle_Master
P 965.2073, 228.9532, -34.4315,  240, 0, 0,  2,  Everburning_Candle_Master
P 109.9617, -573.5101, 28.4868,  240, 0, 0,  2,  Furok_the_Firestarter*
