P -147.9724, 1586.2421, -117.8990,  0, 0, 0,  2,  broom?
P -45.4556, 1710.4590, -107.2505,  0, 0, 127,  2,  Brell_Serilis
P 1003.6729, 1872.7322, -128.3291,  0, 0, 0,  2,  broken_drone
P 956.4858, 683.1083, -19.4131,  0, 0, 0,  2,  Soft_Wax_Clump
P 507.7040, -1501.2466, 89.0712,  127, 64, 0,  3,  Solusek_encampment
P 1613.1443, 20.0322, -25.8571,  0, 0, 0,  2,  broken_drone
P 1476.4976, 589.1642, -51.9504,  0, 0, 0,  2,  Clockworks
P -151.6697, 9.7556, -47.9183,  0, 0, 0,  2,  Gnolls
P -267.8829, 388.8816, -5.5735,  0, 0, 0,  2,  Kobolds
P 1039.2283, -1151.8400, 162.9285,  0, 0, 0,  2,  Clockworks
P -185.4830, -1775.2582, 44.3608,  127, 64, 0,  2,  Solusek_creation
P -502.7062, 432.9650, 16.7341,  0, 0, 0,  2,  broken_drone
P -265.1747, -1069.4170, 79.6322,  0, 0, 0,  2,  Clockworks
P 185.6036, -1812.7068, 100.6350,  127, 64, 0,  2,  Solusek_creation
P 67.1874, -1323.8948, 20.0375,  127, 64, 0,  2,  Solusek_creation
P 718.7558, -548.4630, 156.4297,  0, 0, 0,  2,  Candle_creatures
P 1378.3132, -840.2762, 40.0301,  0, 0, 0,  2,  broken_drone
