P 1614.8252, 1656.7006, -29.0104,  240, 0, 0,  3,  Grimclaw*_(a_thicket_bear(4)
P 1725.7787, 1000.0221, 6.5600,  240, 0, 0,  3,  Ik'Drun*_(a_damaged_thicket_golem(4)
P 1282.9789, 1638.0414, -64.5885,  240, 0, 0,  3,  Ashbark*_(an_oakward_ancient(4)
P 234.6718, 1470.9092, -75.6154,  240, 0, 0,  3,  Deathbringer_Colossus*_(a_warbound_sentry(4)
P -367.2663, 320.9665, -21.0629,  240, 0, 0,  3,  Fiflip_Hopemender_(a_lightbearer_protector(4)
P -779.0062, 409.2892, -5.8914,  240, 0, 0,  3,  F*
P -713.2220, 399.3307, -6.1519,  240, 0, 0,  3,  F*
P -230.4239, 389.4651, -30.4753,  240, 0, 0,  3,  F*
P -714.5854, 662.8469, -27.4644,  240, 0, 0,  3,  Blood-soaked_Pack_Leader*_(a_dread_wolf(4)
P 1640.4706, 1164.7676, -133.0048,  240, 0, 0,  3,  Telthel_the_Wretched*_(a_dreadful_blade(4)
P 1614.0901, 1094.2455, -132.6754,  240, 0, 0,  3,  T
P 1691.1923, 1130.4025, -133.0105,  240, 0, 0,  3,  T
P 1818.8080, 1194.5082, -133.0505,  240, 0, 0,  3,  T
P 1733.9917, 1346.7300, -145.3250,  240, 0, 0,  3,  Vallina*_(a_wretched_abomination(4)
P 1597.1969, 1395.5353, -130.0765,  240, 0, 0,  3,  V
P 1401.2542, 1536.0647, -108.4969,  240, 0, 0,  3,  V
P 1756.4507, 1416.3324, -143.2486,  240, 0, 0,  3,  V*
P 1725.8881, 1269.2842, -138.0468,  240, 0, 0,  3,  Bonesplinter*_(a_corpse_golem(4)
P 1772.8888, 1420.2948, -143.8902,  0, 0, 0,  3,  B*
P 1773.4247, 1420.7925, -143.8900,  0, 0, 0,  3,  B*
P 1774.8982, 1421.9408, -143.8897,  0, 0, 0,  3,  B*
P 2250.0000, -300.0000, 0.0000,  240, 0, 0,  2,  1.
P 2250.0000, -150.0000, 0.0000,  240, 0, 0,  2,  2.
P 2250.0000, 0.0000, 0.0000,  240, 0, 0,  2,  3.
P 2250.0000, 150.0000, 0.0000,  240, 0, 0,  2,  4.
P 2250.0000, 300.0000, 0.0000,  240, 0, 0,  2,  5.
P 2250.0000, 450.0000, 0.0000,  240, 0, 0,  2,  6.
P 2250.0000, 600.0000, 0.0000,  240, 0, 0,  2,  7.
P 2250.0000, 750.0000, 0.0000,  240, 0, 0,  2,  8.
P 2250.0000, 900.0000, 0.0000,  240, 0, 0,  2,  9.
P 2250.0000, 1050.0000, 0.0000,  240, 0, 0,  2,  10.
P 2250.0000, 1200.0000, 0.0000,  240, 0, 0,  2,  11.
P 2250.0000, 1350.0000, 0.0000,  240, 0, 0,  2,  12.
P 2250.0000, 1500.0000, 0.0000,  240, 0, 0,  2,  13.
P 2250.0000, 1650.0000, 0.0000,  240, 0, 0,  2,  14.
P 2250.0000, 1800.0000, 0.0000,  240, 0, 0,  2,  15.
P 1391.3483, 301.7046, 64.4847,  240, 0, 0,  3,  Nul'Kul*
P -316.2814, 868.6417, -47.1839,  240, 0, 0,  3,  Trung
P 475.0321, 596.4561, -37.8447,  240, 0, 0,  3,  Nul'Kul*
