P 390.0826, 198.4668, -6.6138,  0, 0, 240,  3,  Marshal_Gulpin_(Q)
P -127.2833, 119.4202, -10.1874,  0, 0, 240,  3,  Quellious_(Q)
P -105.0780, 285.7239, -18.2919,  0, 0, 240,  3,  Templar_Davrin_(Q)
P 143.6465, 91.1306, -8.1862,  0, 0, 240,  3,  (TS_Merchant)
P 180.3784, 61.7028, -8.1408,  0, 0, 240,  3,  Grovekeeper_Phidus_(Q)
P 375.9227, 211.8865, -8.1645,  0, 0, 240,  3,  Grovespeaker_Lydora_(Q)
P -464.4771, 1630.5031, -54.8579,  0, 0, 240,  3,  Flameshaper_Severyn_(Q)
P -49.5550, 1976.9871, -72.1850,  0, 0, 240,  3,  Quellious_(Q)
P 559.0295, 1625.6603, -83.8663,  0, 0, 240,  3,  Lieutenant_Lunk_(Q)
P 641.0624, 1883.7018, -85.2052,  0, 0, 240,  3,  Commander_Roknik_(Q)
P 639.2170, 1914.5718, -83.2383,  0, 0, 240,  3,  TS_Merchant
P -510.7007, 1431.7848, -54.7997,  0, 0, 240,  3,  Flameseeker_Onrik_(Q)
P 557.9656, 125.4892, 35.7652,  0, 0, 240,  3,  Raid_Merchant
