P -610.0431, 34.0465, 31.2106,  0, 0, 0,  2,  defender_food_store
P 462.8873, -129.0380, -3.2249,  0, 0, 0,  2,  weapon_rack
P 1594.1620, 1410.2527, -130.3249,  0, 0, 0,  2,  Innoruk_war_banner
P 1734.4811, 1431.8235, -144.7845,  0, 0, 0,  2,  Camp_Supplies
P 1772.5557, 1449.4983, -144.7855,  0, 0, 0,  2,  Innoruk_Camp_Supplies
P 1819.4424, 1422.4823, -145.4418,  0, 0, 0,  2,  Camp_Supplies
P -516.6462, 182.8623, -9.7472,  0, 0, 0,  2,  weapon_rack
P 378.2070, 187.5261, -6.5356,  0, 0, 127,  3,  Mithaniel_Marr
P -593.8511, 1539.6143, -55.7834,  0, 0, 127,  3,  Solusek_Ro
P 500.5417, 1749.0674, -81.8469,  0, 0, 127,  3,  Rallos_Zek
P 360.9415, 206.4768, -6.6101,  0, 0, 127,  3,  Tunare
P -498.0411, -106.0879, 37.1216,  0, 0, 0,  2,  defender_food_stores
P 1826.9391, 1383.7649, -147.3623,  0, 0, 0,  2,  Innoruk_War_banner
P 1664.3356, 1055.0175, -134.2077,  0, 0, 0,  2,  Innoruk_Battle_Plans
P 1217.1023, 1509.8595, -82.1479,  0, 0, 0,  2,  Storm-charged_Water
P 1491.2515, 1675.2715, -8.8670,  0, 0, 0,  2,  Storm-Infused_Herbs
P -338.4949, 585.8273, -47.6228,  0, 0, 0,  2,  invader_siege_equipment
