P -185.8852, -523.1376, 857.2427,  0, 0, 127,  2,  Lysara
P 245.3789, -260.0194, 947.7531,  127, 0, 0,  2,  Ballafore
P -148.9719, -239.1356, 856.0350,  0, 0, 127,  2,  Narthu
P -205.0151, -296.9932, 856.4844,  0, 0, 127,  2,  Quirin
P -250.7031, -402.5489, 854.8245,  0, 0, 127,  2,  Valanor
P -328.0956, -407.5648, 1155.8750,  0, 0, 0,  2,  Command_Room
P 284.2890, -419.9837, 281.9883,  0, 0, 0,  2,  First_Plant_-_(GS)_Mushroom
P 489.7223, -657.7186, 651.2678,  0, 0, 0,  2,  Second_Plant_-_(GS)_Bamboo
P -500.0736, -178.8177, 703.9686,  0, 0, 0,  2,  Third_Plant_-_(GS)_Pumpkin
P 170.4410, -258.4995, 8.4309,  0, 0, 0,  2,  Controlling_Magic
P -175.7006, -264.1885, 8.4305,  0, 0, 0,  2,  Healing_Magic
P -160.0113, -603.1487, 8.4299,  0, 0, 0,  2,  Destruction_Magic
P 180.0047, -602.1155, 8.4295,  0, 0, 0,  2,  Beneficial_Magic
P -339.3868, -25.2188, 696.3477,  0, 0, 0,  3,  X
P 596.9787, -231.6872, 711.5687,  0, 0, 0,  2,  X
P 1.3059, -434.1207, 0.5627,  0, 0, 0,  2,  Pile_of_Crab