P 2700.2366, -113.9239, -111.7475,  0, 0, 240,  2,  Karina_Stalis_(R)
P -2362.5862, -1822.3938, 479.7391,  0, 0, 240,  2,  Sergeant_Malachi_(Q)
P -2297.6968, -1872.3158, 479.7221,  0, 0, 240,  2,  Captain_Teiya_(Q)
P -2077.7361, -1752.1331, 456.7130,  0, 0, 240,  2,  Raid_Merchant
P -2074.4949, -1466.4236, 456.1727,  0, 0, 240,  2,  Group_Merchant
P -2330.7510, -1191.8821, 462.1191,  0, 0, 240,  2,  Crystalwing_merchant
P -2383.9246, -1131.7421, 463.4935,  0, 0, 240,  2,  Slodhe_Svenson
P -2275.1050, -1291.9479, 463.5762,  0, 0, 240,  2,  Hybrid_Augs
P -2286.0027, -1302.2388, 462.0546,  0, 0, 240,  2,  Priest_Augs
P -2295.3047, -1327.1874, 462.0852,  0, 0, 240,  2,  Caster_Augs
P -2323.2327, -1339.8345, 462.1552,  0, 0, 240,  2,  Shm_&_Bst_Spells
P -2347.3035, -1344.6482, 462.2087,  0, 0, 240,  2,  Ncr_&_SK_Spells
P -2365.8274, -1341.2843, 462.2333,  0, 0, 240,  2,  Rng_&_Drd_Spells
P -2415.9937, -1293.7488, 462.3748,  0, 0, 240,  2,  Melee_Tomes
P -2421.2815, -1273.3136, 462.2841,  0, 0, 240,  2,  Clr_&_Pal_Spells
P -2424.6187, -1252.6875, 462.2201,  0, 0, 240,  2,  Enc_&_Bard_Spells
P -2373.0203, -1195.7559, 462.1638,  0, 0, 240,  2,  Wiz_&_Mag_Spells
P 1589.0000, 2417.0000, -84.4881,  0, 0, 0,  1,  Succor
