P 2999.1028, -273.9089, -118.3327,  0, 0, 127,  2,  Veronica_Dasknell
P 305.1991, -928.4171, 280.4249,  0, 0, 0,  2,  Cutthroat_Camp
P -2197.8086, -1986.7356, 477.1636,  240, 0, 0,  2,  Ledge_to_draw
P -1665.2637, -958.2159, 455.1200,  240, 0, 0,  2,  Hill_to_draw
P -1268.0879, 2408.7559, 54.0077,  0, 0, 0,  2,  Cutthroat_Camp
P -476.4168, 848.3107, 31.8970,  0, 0, 0,  2,  Cutthroat_Camp
P 2058.3860, 2037.7361, -59.5939,  240, 0, 0,  2,  Bridge_to_draw
P 2172.0684, -279.1836, -45.7813,  0, 0, 0,  2,  Cutthroat_Camp
P 500.5422, -1292.6824, 298.4966,  0, 0, 0,  2,  broken_bridge
P 696.2358, -567.2711, 262.9461,  240, 0, 0,  2,  Waterfall
P 383.1964, -3129.4822, 493.4060,  240, 0, 0,  2,  Waterfall
P -334.2159, -2296.0840, 343.7695,  0, 0, 0,  2,  Clearcut/Sheep
P -849.5435, -1175.6221, 280.5054,  0, 0, 0,  2,  Cutpurse_camp
P -1054.7549, -3119.9744, 570.9437,  0, 0, 0,  2,  Undead
P -507.5479, 2157.3826, 502.0056,  127, 64, 0,  2,  Top_of_Mu'Lin_Tower
P -479.1146, 2143.9795, 499.2556,  0, 0, 127,  2,  Arcanist_Aunrae_V'Len
P -2323.4917, -1804.0519, 481.8594,  127, 64, 0,  2,  Wyrmqueen's_Ridge
P -1963.8604, 1434.4141, 560.9600,  127, 64, 0,  2,  Mysterious_Towers
P -1578.9784, -1342.7748, 468.7330,  0, 0, 0,  2,  a_viewing_device
P -2293.0579, 1418.0944, 654.2269,  0, 0, 0,  2,  Clue_2
P -2193.6636, 1884.1698, 654.1774,  0, 0, 0,  2,  Clue_1
P -2304.1160, 1853.8499, 560.8779,  0, 0, 0,  2,  Clue_3
P -372.8432, 316.2120, 25.2602,  127, 0, 0,  2,  a_scalewrought_transport_(look_up)
P 30.7135, 139.3569, -8.8385,  127, 64, 0,  2,  Hodstock_Village
P 1486.1758, -1289.4009, 458.8472,  127, 64, 0,  2,  Bobble-by-Water
P 23.0755, -16.7661, -8.8460,  0, 0, 0,  2,  (GS)_Broken_Fence_Post
P 65.5050, 354.5244, -8.6119,  0, 0, 0,  2,  (GS)_Broken_Fence_post
P -1929.4346, 1399.1056, 561.5757,  127, 64, 0,  2,  Towers_of_Noctix
P 3524.5022, -2088.0364, -34.3107,  127, 64, 0,  2,  Shark_Island
P -2271.6602, -1862.8947, 481.3120,  0, 0, 127,  2,  Emli_Widgetton
P 1751.9646, 821.1498, 57.7926,  0, 0, 0,  2,  Hawks
P 109.2109, 227.8306, -8.7240,  0, 0, 127,  2,  Bucktooth_XXVI
P 308.3824, -1341.4004, 309.3033,  0, 0, 127,  2,  Norlan_Prellmoss
P 2963.6868, -315.8124, -116.2770,  0, 0, 127,  2,  Sergeant_Osgoog
P -1576.8655, -1290.8091, 468.7953,  0, 0, 127,  2,  Venush_the_Greenblood
P -1585.3672, -1391.3467, 468.3493,  0, 0, 127,  2,  Keikolin_the_Enlightened
P -1845.3766, -1221.5790, 439.0630,  0, 0, 127,  2,  Revol_Aleslay
P -1725.9058, -1489.2289, 439.0302,  0, 0, 127,  2,  Olmnoth
P -1872.6642, -1846.6908, 503.0158,  0, 0, 127,  2,  Harla_Dar
P -2149.3108, -1608.2948, 456.2696,  0, 0, 127,  2,  Councilmember_Lizzrel
P -2157.9512, -1596.4523, 456.2664,  0, 0, 127,  2,  Councilmember_Myjinn
P -1736.6311, -1234.4225, 438.5402,  0, 0, 127,  2,  Efiren_Soltai