L 3092.2610, 163.6237, -130.5708,  3092.1819, 146.8106, -130.5708,  127, 64, 0
L 2878.3267, 163.8540, -130.5708,  3092.2610, 163.6237, -130.5708,  127, 64, 0
L 2904.4021, 146.8138, -130.5708,  3092.1819, 146.8106, -130.5708,  127, 64, 0
L 2923.7825, 165.3115, -135.1838,  2922.0315, 174.6690, -135.2737,  0, 0, 240
L 2922.0315, 174.6690, -135.2737,  2919.1167, 179.9115, -135.1916,  0, 0, 240
L 2910.9490, 199.9680, -135.0499,  2904.6360, 227.9935, -135.1827,  0, 0, 240
L 2904.6360, 227.9935, -135.1827,  2893.4070, 259.8306, -135.3046,  0, 0, 240
L 2893.4070, 259.8306, -135.3046,  2882.9949, 283.1923, -135.2342,  0, 0, 240
L 2882.9949, 283.1923, -135.2342,  2859.2029, 330.2790, -135.1414,  0, 0, 240
L 2859.2029, 330.2790, -135.1414,  2834.3235, 375.7520, -135.1935,  0, 0, 240
L 2834.3235, 375.7520, -135.1935,  2817.4690, 401.0877, -135.0299,  0, 0, 240
L 2817.4690, 401.0877, -135.0299,  2764.1111, 470.6547, -135.1029,  0, 0, 240
L 2764.1111, 470.6547, -135.1029,  2729.0176, 538.2651, -135.1300,  0, 0, 240
L 2729.0176, 538.2651, -135.1300,  2731.6709, 573.8115, -135.2219,  0, 0, 240
L 2731.6709, 573.8115, -135.2219,  2726.7415, 609.8425, -135.1606,  0, 0, 240
L 2726.7415, 609.8425, -135.1606,  2734.1265, 642.7407, -135.2086,  0, 0, 240
L 2734.1265, 642.7407, -135.2086,  2740.6531, 683.7709, -135.0977,  0, 0, 240
L 2740.6531, 683.7709, -135.0977,  2744.8035, 702.1622, -135.1346,  0, 0, 240
L 2744.8035, 702.1622, -135.1346,  2758.2461, 757.5831, -135.0414,  0, 0, 240
L 2758.2461, 757.5831, -135.0414,  2767.3289, 790.2018, -135.3150,  0, 0, 240
L 2767.3289, 790.2018, -135.3150,  2771.4634, 813.8669, -135.0204,  0, 0, 240
L 2771.4634, 813.8669, -135.0204,  2774.4661, 820.2338, -135.1249,  0, 0, 240
L 2774.4661, 820.2338, -135.1249,  2820.4163, 833.1887, -134.9040,  0, 0, 240
L 2820.4163, 833.1887, -134.9040,  2834.2925, 890.6918, -135.2365,  0, 0, 240
L 2834.2925, 890.6918, -135.2365,  2888.6824, 905.5178, -134.9380,  0, 0, 240
L 2888.6824, 905.5178, -134.9380,  2905.1807, 908.0530, -135.1409,  0, 0, 240
L 2905.1807, 908.0530, -135.1409,  2944.7576, 919.8510, -135.1489,  0, 0, 240
L 2944.7576, 919.8510, -135.1489,  2975.2366, 917.1631, -135.2379,  0, 0, 240
L 2975.2366, 917.1631, -135.2379,  3007.9451, 927.4500, -134.9038,  0, 0, 240
L 3007.9451, 927.4500, -134.9038,  3045.6553, 946.0447, -135.3478,  0, 0, 240
L 3045.6553, 946.0447, -135.3478,  3069.7720, 961.2781, -134.7724,  0, 0, 240
L 3069.7720, 961.2781, -134.7724,  3097.9019, 980.1378, -135.1929,  0, 0, 240
L 3097.9019, 980.1378, -135.1929,  3114.9141, 1001.7458, -135.3264,  0, 0, 240
L 3114.9141, 1001.7458, -135.3264,  3126.1829, 1018.2269, -134.9877,  0, 0, 240
L 3126.1829, 1018.2269, -134.9877,  3147.5264, 1030.5977, -135.3622,  0, 0, 240
L 3147.5264, 1030.5977, -135.3622,  3165.8706, 1048.7252, -135.1211,  0, 0, 240
L 3165.8706, 1048.7252, -135.1211,  3184.3174, 1055.8207, -135.2986,  0, 0, 240
L 3184.3174, 1055.8207, -135.2986,  3246.7356, 1037.7476, -135.3814,  0, 0, 240
L 3246.7356, 1037.7476, -135.3814,  3255.0237, 1039.2719, -135.2975,  0, 0, 240
L 3255.0237, 1039.2719, -135.2975,  3291.6670, 1062.9807, -135.1313,  0, 0, 240
L 3291.6670, 1062.9807, -135.1313,  3324.2166, 1093.5154, -135.0837,  0, 0, 240
L 3324.2166, 1093.5154, -135.0837,  3329.5640, 1101.0366, -135.2574,  0, 0, 240
L 3329.5640, 1101.0366, -135.2574,  3340.4336, 1154.2418, -135.1167,  0, 0, 240
L 3340.4336, 1154.2418, -135.1167,  3347.9324, 1170.4375, -135.0519,  0, 0, 240
L 3347.9324, 1170.4375, -135.0519,  3373.3201, 1191.5460, -135.1526,  0, 0, 240
L 3373.3201, 1191.5460, -135.1526,  3385.7693, 1241.1599, -135.0416,  0, 0, 240
L 3385.7693, 1241.1599, -135.0416,  3388.5835, 1247.4701, -135.1285,  0, 0, 240
L 3388.5835, 1247.4701, -135.1285,  3395.2295, 1256.7207, -135.1844,  0, 0, 240
L 3395.2295, 1256.7207, -135.1844,  3432.1182, 1240.3296, -135.1681,  0, 0, 240
L 3432.1182, 1240.3296, -135.1681,  3464.5686, 1216.8854, -135.1043,  0, 0, 240
L 3464.5686, 1216.8854, -135.1043,  3471.6675, 1229.9596, -134.8601,  0, 0, 240
L 3471.6675, 1229.9596, -134.8601,  3479.6233, 1240.5554, -135.0717,  0, 0, 240
L 3479.6233, 1240.5554, -135.0717,  3464.6658, 1262.0956, -135.0463,  0, 0, 240
L 3464.6658, 1262.0956, -135.0463,  3439.1106, 1309.2302, -135.0008,  0, 0, 240
L 3439.1106, 1309.2302, -135.0008,  3450.9080, 1324.5531, -135.3257,  0, 0, 240
L 3450.9080, 1324.5531, -135.3257,  3461.7886, 1381.4358, -135.1038,  0, 0, 240
L 3461.7886, 1381.4358, -135.1038,  3480.8184, 1434.4856, -135.2041,  0, 0, 240
L 3480.8184, 1434.4856, -135.2041,  3483.9551, 1451.6626, -135.1941,  0, 0, 240
L 3483.9551, 1451.6626, -135.1941,  3468.9712, 1519.4614, -135.1924,  0, 0, 240
L 3468.9712, 1519.4614, -135.1924,  3464.8467, 1531.3156, -135.1851,  0, 0, 240
L 3464.8467, 1531.3156, -135.1851,  3449.7500, 1589.5009, -134.9966,  0, 0, 240
L 3449.7500, 1589.5009, -134.9966,  3393.8787, 1644.3307, -134.7268,  0, 0, 240
L 3393.8787, 1644.3307, -134.7268,  3369.5071, 1660.0144, -134.6320,  0, 0, 240
L 3369.5071, 1660.0144, -134.6320,  3324.6160, 1695.1963, -134.8243,  0, 0, 240
L 3324.6160, 1695.1963, -134.8243,  3254.8687, 1739.7996, -135.3846,  0, 0, 240
L 3254.8687, 1739.7996, -135.3846,  3247.3406, 1739.6201, -135.0445,  0, 0, 240
L 3247.3406, 1739.6201, -135.0445,  3184.5984, 1744.7809, -135.0074,  0, 0, 240
L 3184.5984, 1744.7809, -135.0074,  3165.5928, 1749.5901, -135.3805,  0, 0, 240
L 3165.5928, 1749.5901, -135.3805,  3144.5728, 1730.2827, -135.2215,  0, 0, 240
L 3144.5728, 1730.2827, -135.2215,  3115.2776, 1717.5424, -135.1886,  0, 0, 240
L 3115.2776, 1717.5424, -135.1886,  3077.6421, 1730.3678, -134.9114,  0, 0, 240
L 3077.6421, 1730.3678, -134.9114,  3044.6658, 1743.9507, -135.1752,  0, 0, 240
L 3044.6658, 1743.9507, -135.1752,  3033.2190, 1741.2040, -135.0970,  0, 0, 240
L 3033.2190, 1741.2040, -135.0970,  2974.2561, 1733.9773, -134.7027,  0, 0, 240
L 2974.2561, 1733.9773, -134.7027,  2887.9385, 1800.3650, -134.8600,  0, 0, 240
L 2887.9385, 1800.3650, -134.8820,  2888.1697, 1816.1476, -134.9673,  0, 0, 240
L 2888.1697, 1816.1476, -134.9673,  2888.7378, 1816.0349, -135.2401,  0, 0, 240
L 2888.7378, 1816.0349, -135.2401,  2893.3687, 1870.7173, -135.1690,  0, 0, 240
L 2893.3687, 1870.7173, -135.1690,  2895.6138, 1878.1969, -135.0381,  0, 0, 240
L 2895.6138, 1878.1969, -135.0381,  2904.7437, 1893.2891, -135.2121,  0, 0, 240
L 2904.7437, 1893.2891, -135.2121,  2916.9478, 1926.8687, -135.0583,  0, 0, 240
L 2916.9478, 1926.8687, -135.0583,  2929.8352, 1942.0770, -135.6615,  0, 0, 240
L 2929.8352, 1942.0770, -135.6615,  2944.7554, 1969.6199, -135.2422,  0, 0, 240
L 2944.7554, 1969.6199, -135.2422,  2973.7720, 1994.6395, -134.9699,  0, 0, 240
L 2973.7720, 1994.6395, -134.9699,  2986.8101, 1998.0681, -135.1073,  0, 0, 240
L 2986.8101, 1998.0681, -135.1073,  2991.4551, 2011.4490, -135.1584,  0, 0, 240
L 2991.4551, 2011.4490, -135.1584,  3006.1709, 2048.1116, -135.0392,  0, 0, 240
L 3006.1709, 2048.1116, -135.0392,  3001.7417, 2080.9434, -135.1115,  0, 0, 240
L 3001.7417, 2080.9434, -135.1115,  2975.7073, 2129.2742, -134.7875,  0, 0, 240
L 2975.7073, 2129.2742, -134.7875,  2967.4175, 2150.6072, -135.2776,  0, 0, 240
L 2967.4175, 2150.6072, -135.2776,  2957.3594, 2167.6099, -135.2790,  0, 0, 240
L 2957.3594, 2167.6099, -135.2790,  2924.5906, 2219.1272, -135.2599,  0, 0, 240
L 2924.5906, 2219.1272, -135.2599,  2903.5457, 2238.3699, -135.4472,  0, 0, 240
L 2903.5457, 2238.3699, -135.4472,  2877.2759, 2247.8057, -135.0168,  0, 0, 240
L 2877.2759, 2247.8057, -135.0168,  2833.2112, 2262.1719, -135.4805,  0, 0, 240
L 2833.2112, 2262.1719, -135.4805,  2798.4126, 2257.7991, -135.2733,  0, 0, 240
L 2798.4126, 2257.7991, -135.2733,  2774.2749, 2219.6675, -135.7162,  0, 0, 240
L 2774.2749, 2219.6675, -135.7162,  2783.5784, 2199.9661, -135.0562,  0, 0, 240
L 2783.5784, 2199.9661, -135.0562,  2764.1260, 2187.5049, -135.1231,  0, 0, 240
L 2764.1260, 2187.5049, -135.1231,  2740.2156, 2175.8003, -135.2543,  0, 0, 240
L 2740.2156, 2175.8003, -135.2543,  2694.4187, 2181.6709, -135.2152,  0, 0, 240
L 2694.4187, 2181.6709, -135.2152,  2665.5562, 2220.1233, -135.1761,  0, 0, 240
L 2665.5562, 2220.1233, -135.1761,  2654.2959, 2259.3396, -135.3135,  0, 0, 240
L 2654.2959, 2259.3396, -135.3135,  2644.0281, 2291.6265, -135.1128,  0, 0, 240
L 2644.0281, 2291.6265, -135.1128,  2624.6829, 2349.0269, -134.9111,  0, 0, 240
L 2624.6829, 2349.0269, -134.9111,  2602.2996, 2311.1377, -135.0881,  0, 0, 240
L 2602.2996, 2311.1377, -135.0881,  2555.2986, 2305.2957, -135.0947,  0, 0, 240
L 2555.2986, 2305.2957, -135.0947,  2549.9043, 2295.7593, -135.0158,  0, 0, 240
L 2549.9043, 2295.7593, -135.0158,  2542.7161, 2290.0110, -135.1472,  0, 0, 240
L 2542.7161, 2290.0110, -135.1472,  2484.5093, 2232.0569, -135.1981,  0, 0, 240
L 2484.5093, 2232.0569, -135.1981,  2479.6814, 2225.0149, -135.1753,  0, 0, 240
L 2479.6814, 2225.0149, -135.1753,  2477.5535, 2220.9600, -135.1095,  0, 0, 240
L 2477.5535, 2220.9600, -135.1095,  2451.4644, 2149.8787, -135.4322,  0, 0, 240
L 2451.4644, 2149.8787, -135.4322,  2443.0464, 2124.2366, -135.2235,  0, 0, 240
L 2443.0464, 2124.2366, -135.2235,  2413.7598, 2091.6934, -135.5639,  0, 0, 240
L 2413.7598, 2091.6934, -135.5639,  2405.4966, 2079.9878, -134.9151,  0, 0, 240
L 2405.4966, 2079.9878, -134.9151,  2383.6836, 2041.9579, -135.0097,  0, 0, 240
L 2383.6836, 2041.9579, -135.0097,  2362.5005, 2010.7970, -135.4069,  0, 0, 240
L 2362.5005, 2010.7970, -135.4069,  2357.4949, 1997.9895, -135.1940,  0, 0, 240
L 2357.4949, 1997.9895, -135.1940,  2344.1924, 1992.8176, -135.5081,  0, 0, 240
L 2344.1924, 1992.8176, -135.5081,  2314.2715, 1972.4691, -134.9542,  0, 0, 240
L 2314.2715, 1972.4691, -134.9542,  2274.2627, 1972.0475, -135.1207,  0, 0, 240
L 2274.2627, 1972.0475, -135.1207,  2254.2637, 1962.2532, -135.2085,  0, 0, 240
L 2254.2637, 1962.2532, -135.2085,  2242.1033, 1904.0111, -134.9027,  0, 0, 240
L 2242.1033, 1904.0111, -134.9027,  2204.2891, 1900.5193, -135.0110,  0, 0, 240
L 2204.2891, 1900.5193, -135.0110,  2179.7837, 1894.2235, -134.7979,  0, 0, 240
L 2179.7837, 1894.2235, -134.7979,  2133.4109, 1890.5895, -135.3199,  0, 0, 240
L 2133.4109, 1890.5895, -135.3199,  2121.0320, 1884.2456, -134.2421,  0, 0, 240
L 2121.0320, 1884.2456, -134.2421,  2120.2981, 1870.5885, -135.1394,  0, 0, 240
L 2120.2981, 1870.5885, -135.1394,  2106.2559, 1828.4420, -135.2351,  0, 0, 240
L 2106.2559, 1828.4420, -135.2351,  2097.4585, 1800.4673, -135.6947,  0, 0, 240
L 2097.4585, 1800.4673, -135.6947,  2095.1060, 1769.9170, -135.3266,  0, 0, 240
L 2095.1060, 1769.9170, -135.3266,  2051.9722, 1744.3043, -134.9716,  0, 0, 240
L 2051.9722, 1744.3043, -134.9716,  2033.4369, 1730.4346, -134.8595,  0, 0, 240
L 2033.4369, 1730.4346, -134.8595,  2022.9811, 1702.1747, -135.4072,  0, 0, 240
L 2022.9811, 1702.1747, -135.4072,  1994.3816, 1694.2423, -135.6199,  0, 0, 240
L 1994.3816, 1694.2423, -135.6199,  1977.2477, 1678.0933, -135.6809,  0, 0, 240
L 1977.2477, 1678.0933, -135.6809,  1967.8164, 1661.2501, -135.4100,  0, 0, 240
L 1967.8164, 1661.2501, -135.4100,  1963.9099, 1621.0431, -134.9280,  0, 0, 240
L 1963.9099, 1621.0431, -134.9280,  1924.2561, 1594.2073, -135.1776,  0, 0, 240
L 1924.2561, 1594.2073, -135.1776,  1921.4224, 1594.4817, -135.4233,  0, 0, 240
L 1921.4224, 1594.4817, -135.4233,  1912.9249, 1591.0221, -135.2300,  0, 0, 240
L 1912.9249, 1591.0221, -135.2300,  1878.3927, 1567.6165, -134.9418,  0, 0, 240
L 1878.3927, 1567.6165, -134.9418,  1854.7516, 1535.1580, -134.9925,  0, 0, 240
L 1854.7516, 1535.1580, -134.9925,  1847.5133, 1526.7112, -135.1629,  0, 0, 240
L 1847.5133, 1526.7112, -135.1629,  1844.5215, 1520.7743, -135.2870,  0, 0, 240
L 1844.5215, 1520.7743, -135.2870,  1844.8114, 1451.1133, -135.1169,  0, 0, 240
L 1844.8114, 1451.1133, -135.1169,  1829.3755, 1405.3451, -135.1906,  0, 0, 240
L 1829.3755, 1405.3451, -135.1906,  1815.5264, 1380.9110, -135.0021,  0, 0, 240
L 1815.5264, 1380.9110, -135.0021,  1801.8379, 1362.7410, -134.9995,  0, 0, 240
L 1801.8379, 1362.7410, -134.9995,  1784.5945, 1353.6171, -134.9908,  0, 0, 240
L 1784.5945, 1353.6171, -134.9908,  1769.8091, 1325.2019, -135.3938,  0, 0, 240
L 1769.8091, 1325.2019, -135.3938,  1750.6826, 1310.5211, -135.0119,  0, 0, 240
L 1750.6826, 1310.5211, -135.0119,  1736.3727, 1287.2454, -135.0602,  0, 0, 240
L 1736.3727, 1287.2454, -135.0602,  1713.5597, 1252.3916, -134.8615,  0, 0, 240
L 1713.5597, 1252.3916, -134.8615,  1710.1655, 1246.1111, -135.7197,  0, 0, 240
L 1710.1655, 1246.1111, -135.7197,  1708.9995, 1240.3715, -135.1231,  0, 0, 240
L 1708.9995, 1240.3715, -135.1231,  1711.2085, 1173.9994, -134.9919,  0, 0, 240
L 1711.2085, 1173.9994, -134.9919,  1710.0790, 1171.2791, -135.0692,  0, 0, 240
L 1710.0790, 1171.2791, -135.0692,  1701.5918, 1113.5421, -135.2556,  0, 0, 240
L 1701.5918, 1113.5421, -135.2556,  1674.9081, 1069.9789, -135.1556,  0, 0, 240
L 1674.9081, 1069.9789, -135.1556,  1665.5115, 1031.4153, -134.9175,  0, 0, 240
L 1665.5115, 1031.4153, -134.9175,  1655.2505, 1019.5496, -135.1146,  0, 0, 240
L 1655.2505, 1019.5496, -135.1146,  1644.5918, 1018.7590, -135.2714,  0, 0, 240
L 1644.5918, 1018.7590, -135.2714,  1574.9857, 994.9738, -135.2621,  0, 0, 240
L 1574.9857, 994.9738, -135.2621,  1553.9265, 981.5406, -135.4582,  0, 0, 240
L 1553.9265, 981.5406, -135.4582,  1555.2434, 960.1320, -135.8577,  0, 0, 240
L 1555.2434, 960.1320, -135.8577,  1565.6304, 891.1534, -134.8701,  0, 0, 240
L 1565.6304, 891.1534, -134.8701,  1586.3888, 820.4404, -134.8918,  0, 0, 240
L 1586.3888, 820.4404, -134.8918,  1586.0203, 808.4449, -135.8121,  0, 0, 240
L 1586.0203, 808.4449, -135.8121,  1596.9049, 750.9427, -135.1073,  0, 0, 240
L 1596.9049, 750.9427, -135.1073,  1594.5037, 730.6066, -135.5805,  0, 0, 240
L 1594.5037, 730.6066, -135.5805,  1573.8086, 703.4778, -135.5920,  0, 0, 240
L 1573.8086, 703.4778, -135.5920,  1562.1017, 692.7983, -135.4000,  0, 0, 240
L 1562.1017, 692.7983, -135.4000,  1519.0587, 680.6508, -135.1768,  0, 0, 240
L 1519.0587, 680.6508, -135.1768,  1509.1420, 676.0840, -134.8262,  0, 0, 240
L 1509.1420, 676.0840, -134.8262,  1504.9739, 669.5015, -134.8156,  0, 0, 240
L 1504.9739, 669.5015, -134.8156,  1457.9209, 658.5920, -135.1940,  0, 0, 240
L 1457.9209, 658.5920, -135.1940,  1434.5582, 650.2629, -134.7302,  0, 0, 240
L 1434.5582, 650.2629, -134.7302,  1416.7045, 629.4391, -134.9383,  0, 0, 240
L 1416.7045, 629.4391, -134.9383,  1375.4546, 610.6033, -135.2674,  0, 0, 240
L 1375.4546, 610.6033, -135.2674,  1376.1476, 598.3839, -135.1129,  0, 0, 240
L 1376.1476, 598.3839, -135.1129,  1364.0698, 569.5643, -135.1062,  0, 0, 240
L 1364.0698, 569.5643, -135.1062,  1354.6881, 549.6345, -135.1060,  0, 0, 240
L 1354.6881, 549.6345, -135.1060,  1347.8527, 541.2275, -135.3795,  0, 0, 240
L 1347.8527, 541.2275, -135.3795,  1340.6842, 495.5832, -135.0219,  0, 0, 240
L 1340.6842, 495.5832, -135.0219,  1333.3231, 471.8890, -135.2117,  0, 0, 240
L 1333.3231, 471.8890, -135.2117,  1329.1499, 434.4678, -135.1887,  0, 0, 240
L 1329.1499, 434.4678, -135.1887,  1329.7201, 401.3769, -135.0426,  0, 0, 240
L 1329.7201, 401.3769, -135.0426,  1324.8571, 371.5636, -135.2448,  0, 0, 240
L 1324.8571, 371.5636, -135.2448,  1330.5199, 330.7518, -135.0423,  0, 0, 240
L 1330.5199, 330.7518, -135.0423,  1320.1167, 303.0739, -135.3293,  0, 0, 240
L 1320.1167, 303.0739, -135.3293,  1320.4843, 262.2381, -135.4240,  0, 0, 240
L 1320.4843, 262.2381, -135.4240,  1323.9780, 231.4256, -134.9017,  0, 0, 240
L 1323.9780, 231.4256, -134.9017,  1343.1558, 189.5605, -135.2882,  0, 0, 240
L 1343.1558, 189.5605, -135.2882,  1364.7793, 165.7142, -134.7321,  0, 0, 240
L 1364.7793, 165.7142, -134.7321,  1381.8892, 121.2687, -128.7245,  0, 0, 240
L 1382.8062, 118.8868, -128.7245,  1382.8062, 118.8868, -128.7244,  0, 0, 240
L 1381.8892, 121.2687, -135.4295,  1370.5884, 114.4950, -132.5719,  0, 0, 240
L 1370.5884, 114.4950, -132.5719,  1363.9789, 91.6251, -135.3179,  0, 0, 240
L 1363.9789, 91.6251, -135.3179,  1334.3313, 80.7875, -135.1124,  0, 0, 240
L 1334.3313, 80.7875, -135.1124,  1294.5873, 57.9371, -135.0607,  0, 0, 240
L 1294.5873, 57.9371, -135.0607,  1294.5873, 57.9371, -135.0607,  0, 0, 240
L 1294.5873, 57.9371, -135.0607,  1287.6383, 57.6792, -135.1935,  0, 0, 240
L 1287.6383, 57.6792, -135.1935,  1271.2091, 49.8161, -134.4450,  0, 0, 240
L 1271.2091, 49.8161, -134.4450,  1233.2434, 41.3824, -135.2744,  0, 0, 240
L 1233.2434, 41.3824, -135.2744,  1224.4939, 21.9633, -134.4559,  0, 0, 240
L 1224.4939, 21.9633, -134.4559,  1197.6371, 8.1455, -135.0413,  0, 0, 240
L 1197.6371, 8.1455, -135.0413,  1117.5652, -50.7102, -135.3400,  0, 0, 240
L 1117.5652, -50.7102, -135.3400,  1086.2578, -87.6011, -135.2253,  0, 0, 240
L 1086.2578, -87.6011, -135.2253,  1065.1421, -134.3821, -135.2115,  0, 0, 240
L 1065.1421, -134.3821, -135.2115,  1068.9424, -160.5524, -134.8655,  0, 0, 240
L 1068.9424, -160.5524, -134.8655,  1067.1189, -172.5683, -135.1678,  0, 0, 240
L 1067.1189, -172.5683, -135.1678,  1050.7599, -200.0480, -134.5213,  0, 0, 240
L 1050.7599, -200.0480, -134.5213,  1018.7267, -193.0407, -135.0334,  0, 0, 240
L 1018.7267, -193.0407, -135.0334,  988.4766, -199.7789, -135.4273,  0, 0, 240
L 988.4766, -199.7789, -135.4273,  952.6348, -204.0387, -135.0258,  0, 0, 240
L 952.6348, -204.0387, -135.0258,  929.2256, -202.0867, -135.5100,  0, 0, 240
L 929.2256, -202.0867, -135.5100,  868.7404, -205.1667, -135.8778,  0, 0, 240
L 868.7404, -205.1667, -135.8778,  872.6719, -229.6107, -134.9411,  0, 0, 240
L 872.6719, -229.6107, -134.9411,  871.4620, -280.1707, -135.8527,  0, 0, 240
L 871.4620, -280.1707, -135.8527,  871.4150, -278.6753, -135.9001,  0, 0, 240
L 871.4150, -278.6753, -135.9001,  873.2629, -300.0257, -134.0428,  0, 0, 240
L 873.2629, -300.0257, -134.0428,  862.3219, -346.3095, -134.3646,  0, 0, 240
L 862.3219, -346.3095, -134.3646,  834.1147, -347.6778, -135.0438,  0, 0, 240
L 834.1147, -347.6778, -135.0438,  815.1786, -345.9626, -135.9822,  0, 0, 240
L 815.1786, -345.9626, -135.9822,  814.7722, -369.5055, -134.7688,  0, 0, 240
L 814.7722, -369.5055, -134.7688,  825.2249, -409.3581, -135.9273,  0, 0, 240
L 825.2249, -409.3581, -135.9273,  825.2249, -409.3581, -135.9273,  0, 0, 240
L 825.2249, -409.3581, -135.9273,  838.6002, -439.1364, -135.1970,  0, 0, 240
L 838.6002, -439.1364, -135.1970,  819.9590, -477.9163, -135.7913,  0, 0, 240
L 819.9590, -477.9163, -135.7913,  814.4894, -497.4698, -134.7036,  0, 0, 240
L 814.4894, -497.4698, -134.7036,  807.7475, -490.2888, -139.1069,  0, 0, 240
L 807.7475, -490.2888, -139.1069,  795.3604, -484.7287, -134.9492,  0, 0, 240
L 795.3604, -484.7287, -134.9492,  784.8440, -485.3632, -134.9967,  0, 0, 240
L 784.8440, -485.3632, -134.9967,  784.7092, -485.6623, -135.1539,  0, 0, 240
L 784.7092, -485.6623, -135.1539,  781.1407, -489.9556, -135.0298,  0, 0, 240
L 781.1407, -489.9556, -135.0298,  779.4952, -490.4604, -134.9307,  0, 0, 240
L 779.4952, -490.4604, -134.9307,  770.9095, -499.8146, -134.4771,  0, 0, 240
L 770.9095, -499.8146, -134.4771,  772.1185, -491.6208, -134.2673,  0, 0, 240
L 772.1185, -491.6208, -134.2673,  771.4907, -486.7122, -134.2093,  0, 0, 240
L 771.4907, -486.7122, -134.2093,  763.8899, -472.8623, -134.3317,  0, 0, 240
L 763.8899, -472.8623, -134.3317,  753.5179, -467.7974, -134.9416,  0, 0, 240
L 753.5179, -467.7974, -134.9416,  755.0303, -460.0269, -134.6310,  0, 0, 240
L 755.0303, -460.0269, -134.6310,  756.0604, -455.5116, -134.9734,  0, 0, 240
L 756.0604, -455.5116, -134.9734,  732.3965, -441.4804, -135.2180,  0, 0, 240
L 732.3965, -441.4804, -135.2180,  720.4349, -455.6930, -135.1804,  0, 0, 240
L 720.4349, -455.6930, -135.1804,  718.2859, -460.0414, -134.4394,  0, 0, 240
L 718.2859, -460.0414, -134.4394,  709.4543, -467.6111, -135.6984,  0, 0, 240
L 709.4543, -467.6111, -135.6984,  707.6135, -466.8553, -135.1407,  0, 0, 240
L 707.6135, -466.8553, -135.1407,  693.7804, -465.6981, -135.6310,  0, 0, 240
L 693.7804, -465.6981, -135.6310,  691.4382, -470.0723, -135.1736,  0, 0, 240
L 691.4382, -470.0723, -135.1736,  679.7698, -482.6595, -135.1270,  0, 0, 240
L 679.7698, -482.6595, -135.1270,  667.0192, -489.0625, -135.2655,  0, 0, 240
L 667.0192, -489.0625, -135.2655,  653.6282, -472.8307, -135.4245,  0, 0, 240
L 653.6282, -472.8307, -135.4245,  654.4307, -471.4105, -135.6281,  0, 0, 240
L 573.8817, -488.7220, -135.0099,  556.9874, -448.3336, -134.3095,  0, 0, 240
L 556.9874, -448.3336, -134.3095,  559.4337, -439.5979, -134.3309,  0, 0, 240
L 559.4337, -439.5979, -134.3309,  558.6970, -368.4540, -134.2311,  0, 0, 240
L 558.6970, -368.4540, -134.2311,  567.8939, -325.4692, -133.5761,  0, 0, 240
L 567.8939, -325.4692, -133.5761,  565.8009, -299.2293, -132.9237,  0, 0, 240
L 565.8009, -299.2293, -132.9237,  598.7020, -277.9854, -135.0980,  0, 0, 240
L 598.7020, -277.9854, -135.0980,  651.4104, -230.6048, -134.9888,  0, 0, 240
L 651.4104, -230.6048, -134.9888,  650.4591, -220.8276, -133.2632,  0, 0, 240
L 650.4591, -220.8276, -133.2632,  660.6381, -160.1788, -133.3285,  0, 0, 240
L 660.6381, -160.1788, -133.3285,  659.1587, -156.4617, -133.6424,  0, 0, 240
L 659.1587, -156.4617, -133.6424,  655.9255, -154.8879, -133.8089,  0, 0, 240
L 655.9255, -154.8879, -133.8089,  591.5981, -101.1818, -134.0821,  0, 0, 240
L 591.5981, -101.1818, -134.0821,  544.4700, -90.4920, -133.7986,  0, 0, 240
L 544.4700, -90.4920, -133.7986,  514.4825, -73.3394, -133.7986,  0, 0, 240
L 514.4825, -73.3394, -133.7986,  454.8131, -18.9836, -133.7986,  0, 0, 240
L 454.8131, -18.9836, -133.7986,  438.1544, 51.7177, -133.7879,  0, 0, 240
L 438.1544, 51.7177, -133.7879,  444.8621, 82.7720, -133.4311,  0, 0, 240
L 444.8621, 82.7720, -133.4311,  520.2963, 194.0146, -133.4311,  0, 0, 240
L 520.2963, 194.0146, -133.4311,  528.4675, 199.5962, -133.4311,  0, 0, 240
L 528.4675, 199.5962, -133.4311,  561.5038, 231.5484, -133.4311,  0, 0, 240
L 561.5038, 231.5484, -133.4311,  571.4597, 261.2968, -134.3515,  0, 0, 240
L 571.4597, 261.2968, -134.3515,  582.2052, 271.6625, -133.9028,  0, 0, 240
L 582.2052, 271.6625, -133.9028,  595.4617, 282.4585, -133.9028,  0, 0, 240
L 595.4617, 282.4585, -133.9028,  623.9800, 301.2754, -133.8815,  0, 0, 240
L 623.9800, 301.2754, -133.8815,  676.3526, 318.2839, -133.7606,  0, 0, 240
L 676.3526, 318.2839, -133.7606,  734.9034, 325.8034, -133.4118,  0, 0, 240
L 734.9034, 325.8034, -133.4118,  805.1558, 341.7558, -133.3488,  0, 0, 240
L 805.1558, 341.7558, -133.3488,  890.6693, 383.7884, -134.7715,  0, 0, 240
L 890.6693, 383.7884, -134.7715,  910.0728, 399.8413, -134.2359,  0, 0, 240
L 910.0728, 399.8413, -134.2359,  926.3801, 419.1759, -134.1594,  0, 0, 240
L 926.3801, 419.1759, -134.1594,  945.0304, 531.6855, -134.5866,  0, 0, 240
L 945.0304, 531.6855, -134.5866,  947.2209, 537.8215, -133.8565,  0, 0, 240
L 947.2209, 537.8215, -133.8565,  942.7263, 610.8127, -133.8471,  0, 0, 240
L 942.7263, 610.8127, -133.8471,  932.0928, 681.5933, -133.5826,  0, 0, 240
L 932.0928, 681.5933, -133.5826,  950.5706, 739.7877, -133.4788,  0, 0, 240
L 950.5706, 739.7877, -133.4788,  952.6543, 750.9864, -134.3128,  0, 0, 240
L 952.6543, 750.9864, -134.3128,  976.0297, 792.7928, -135.1448,  0, 0, 240
L 976.0297, 792.7928, -135.1448,  980.7918, 822.4340, -134.5272,  0, 0, 240
L 980.7918, 822.4340, -134.5272,  995.8937, 837.7504, -133.7387,  0, 0, 240
L 995.8937, 837.7504, -133.7387,  1008.4482, 890.7450, -133.6199,  0, 0, 240
L 1008.4482, 890.7450, -133.6199,  1011.6056, 892.4039, -133.6199,  0, 0, 240
L 1011.6056, 892.4039, -133.2500,  1013.6334, 910.7344, -133.7354,  0, 0, 240
L 1013.6334, 910.7344, -133.7354,  1023.5565, 949.6783, -133.7486,  0, 0, 240
L 1023.5565, 949.6783, -133.7486,  1014.0000, 990.7972, -135.1671,  0, 0, 240
L 1014.0000, 990.7972, -135.1671,  1009.4402, 1031.1301, -136.2329,  0, 0, 240
L 1009.4402, 1031.1301, -136.2329,  1007.4924, 1039.4635, -134.1202,  0, 0, 240
L 1007.4924, 1039.4635, -134.1202,  1017.7645, 1167.7286, -134.2450,  0, 0, 240
L 1017.7645, 1167.7286, -134.2450,  1022.6015, 1170.7069, -135.2700,  0, 0, 240
L 1022.6015, 1170.7069, -135.2700,  1047.5173, 1205.3260, -134.7663,  0, 0, 240
L 1047.5173, 1205.3260, -134.7663,  1086.2432, 1228.8917, -135.4151,  0, 0, 240
L 1086.2432, 1228.8917, -135.4151,  1094.3781, 1232.1606, -135.5858,  0, 0, 240
L 1094.3781, 1232.1606, -135.5858,  1140.1306, 1256.7092, -135.3120,  0, 0, 240
L 1140.1306, 1256.7092, -135.3120,  1154.3507, 1262.0365, -135.4585,  0, 0, 240
L 1154.3507, 1262.0365, -135.4585,  1185.7379, 1279.2660, -135.1817,  0, 0, 240
L 1185.7379, 1279.2660, -135.1817,  1214.7031, 1309.5291, -135.1414,  0, 0, 240
L 1214.7031, 1309.5291, -135.1414,  1222.3926, 1313.6642, -136.3581,  0, 0, 240
L 1222.3926, 1313.6642, -136.3581,  1224.9420, 1318.7708, -135.2407,  0, 0, 240
L 1224.9420, 1318.7708, -135.2407,  1258.6302, 1345.7162, -135.1246,  0, 0, 240
L 1258.6302, 1345.7162, -135.1246,  1293.5076, 1362.5739, -135.5393,  0, 0, 240
L 1293.5076, 1362.5739, -135.5393,  1304.9359, 1369.7297, -134.8737,  0, 0, 240
L 1304.9359, 1369.7297, -134.8737,  1330.6624, 1380.6670, -135.0633,  0, 0, 240
L 1330.6624, 1380.6670, -135.0633,  1356.6844, 1389.5028, -135.7986,  0, 0, 240
L 1356.6844, 1389.5028, -135.7986,  1365.7557, 1392.2195, -135.6988,  0, 0, 240
L 1365.7557, 1392.2195, -135.6988,  1404.0236, 1412.6742, -134.9296,  0, 0, 240
L 1404.0236, 1412.6742, -134.9296,  1434.2676, 1430.6189, -135.2643,  0, 0, 240
L 1434.2676, 1430.6189, -135.2643,  1443.5103, 1441.6755, -135.0530,  0, 0, 240
L 1443.5103, 1441.6755, -135.0530,  1483.6271, 1471.7078, -135.0670,  0, 0, 240
L 1483.6271, 1471.7078, -135.0670,  1505.3853, 1483.8834, -135.7515,  0, 0, 240
L 1505.3853, 1483.8834, -135.7515,  1522.3054, 1504.9897, -137.3767,  0, 0, 240
L 1522.3054, 1504.9897, -137.3767,  1528.6780, 1521.0184, -134.8092,  0, 0, 240
L 1528.6780, 1521.0184, -134.8092,  1534.5769, 1560.6478, -135.3788,  0, 0, 240
L 1534.5769, 1560.6478, -135.3788,  1554.6659, 1590.6729, -135.0733,  0, 0, 240
L 1554.6659, 1590.6729, -135.0733,  1554.6765, 1610.5068, -135.8047,  0, 0, 240
L 1554.6765, 1610.5068, -135.8047,  1568.2277, 1660.0833, -134.9529,  0, 0, 240
L 1568.2277, 1660.0833, -134.9529,  1557.0313, 1731.3936, -135.1470,  0, 0, 240
L 1557.0313, 1731.3936, -135.1470,  1557.3105, 1750.5848, -135.6546,  0, 0, 240
L 1557.3105, 1750.5848, -135.6546,  1554.7772, 1798.9043, -134.7856,  0, 0, 240
L 1554.7772, 1798.9043, -134.7856,  1557.1827, 1817.2753, -135.6247,  0, 0, 240
L 1557.1827, 1817.2753, -135.6247,  1557.2263, 1871.6263, -134.9630,  0, 0, 240
L 1557.2263, 1871.6263, -134.9630,  1560.8655, 1884.8763, -135.6682,  0, 0, 240
L 1560.8655, 1884.8763, -135.6682,  1564.5349, 1941.1437, -134.9329,  0, 0, 240
L 1564.5349, 1941.1437, -134.9329,  1566.8540, 1949.2869, -135.2825,  0, 0, 240
L 1566.8540, 1949.2869, -135.2825,  1575.9840, 1973.3053, -135.3881,  0, 0, 240
L 1575.9840, 1973.3053, -135.3881,  1593.5846, 1991.0634, -134.8123,  0, 0, 240
L 1593.5846, 1991.0634, -134.8123,  1596.8369, 2010.9331, -135.0015,  0, 0, 240
L 1596.8369, 2010.9331, -135.0015,  1623.3135, 2032.0020, -134.7802,  0, 0, 240
L 1623.3135, 2032.0020, -134.7802,  1623.4308, 2080.4443, -134.8716,  0, 0, 240
L 1623.4308, 2080.4443, -134.8716,  1632.8866, 2092.1721, -135.9176,  0, 0, 240
L 1632.8866, 2092.1721, -135.9176,  1643.8002, 2095.5996, -135.2649,  0, 0, 240
L 1643.8002, 2095.5996, -135.2649,  1711.8036, 2081.8037, -134.1860,  0, 0, 240
L 1711.8036, 2081.8037, -134.1860,  1714.4443, 2083.1572, -133.3680,  0, 0, 240
L 1714.4443, 2083.1572, -133.3680,  1719.2745, 2080.6250, -133.9514,  0, 0, 240
L 1719.2745, 2080.6250, -133.9514,  1784.8434, 2060.5454, -134.7801,  0, 0, 240
L 1784.8434, 2060.5454, -134.7801,  1800.2106, 2064.1023, -134.7616,  0, 0, 240
L 1800.2106, 2064.1023, -134.7616,  1853.7970, 2060.9463, -134.9132,  0, 0, 240
L 1853.7970, 2060.9463, -134.9132,  1865.1901, 2070.1533, -134.6940,  0, 0, 240
L 1865.1901, 2070.1533, -134.6940,  1897.0082, 2091.3899, -135.5565,  0, 0, 240
L 1897.0082, 2091.3899, -135.5565,  1907.8282, 2100.2573, -134.1340,  0, 0, 240
L 1907.8282, 2100.2573, -134.1340,  1943.6840, 2118.5364, -134.1697,  0, 0, 240
L 1972.5271, 2138.4646, -134.9503,  1984.2047, 2161.6904, -134.7279,  0, 0, 240
L 1984.2047, 2161.6904, -134.7279,  2007.1285, 2179.7908, -135.0513,  0, 0, 240
L 2007.1285, 2179.7908, -135.0513,  2019.2946, 2197.0674, -135.3392,  0, 0, 240
L 2019.2946, 2197.0674, -135.3392,  2043.3440, 2221.8904, -135.3601,  0, 0, 240
L 2043.3440, 2221.8904, -135.3601,  2043.7963, 2242.8572, -135.0944,  0, 0, 240
L 2043.7963, 2242.8572, -135.0944,  2064.3972, 2264.6353, -134.8998,  0, 0, 240
L 2064.3972, 2264.6353, -134.8998,  2078.5161, 2275.5767, -135.1887,  0, 0, 240
L 2078.5161, 2275.5767, -135.1887,  2087.1699, 2292.8657, -134.5761,  0, 0, 240
L 2087.1699, 2292.8657, -134.5761,  2109.4014, 2315.7354, -135.3879,  0, 0, 240
L 2109.4014, 2315.7354, -135.3879,  2131.3821, 2361.4731, -134.8037,  0, 0, 240
L 2131.3821, 2361.4731, -134.8037,  2133.7820, 2362.3594, -136.0389,  0, 0, 240
L 2133.7820, 2362.3594, -136.0389,  2134.2148, 2366.9966, -134.9847,  0, 0, 240
L 2134.2148, 2366.9966, -134.9847,  2161.6841, 2406.1265, -135.4892,  0, 0, 240
L 2161.6841, 2406.1265, -135.4892,  2171.0107, 2430.7024, -135.2589,  0, 0, 240
L 2171.0107, 2430.7024, -135.2589,  2181.5854, 2453.6001, -135.1258,  0, 0, 240
L 2181.5854, 2453.6001, -135.1258,  2190.4131, 2500.1011, -134.9659,  0, 0, 240
L 2190.4131, 2500.1011, -134.9659,  2198.7830, 2506.3945, -135.1393,  0, 0, 240
L 2198.7830, 2506.3945, -135.1393,  2204.4966, 2526.4231, -135.2547,  0, 0, 240
L 2204.4966, 2526.4231, -135.2547,  2226.5413, 2549.3315, -135.1646,  0, 0, 240
L 2226.5413, 2549.3315, -135.1646,  2234.1348, 2571.8259, -134.0914,  0, 0, 240
L 2234.1348, 2571.8259, -134.0914,  2256.8796, 2589.1497, -135.1438,  0, 0, 240
L 2256.8796, 2589.1497, -135.1438,  2267.8975, 2640.8992, -134.9081,  0, 0, 240
L 2267.8975, 2640.8992, -134.9081,  2271.3118, 2643.4692, -134.9607,  0, 0, 240
L 2271.3118, 2643.4692, -134.9607,  2274.2280, 2660.7632, -134.6930,  0, 0, 240
L 2274.2280, 2660.7632, -134.6930,  2294.2246, 2690.9556, -135.0392,  0, 0, 240
L 2294.2246, 2690.9556, -135.0392,  2295.6206, 2710.4229, -135.3438,  0, 0, 240
L 2295.6206, 2710.4229, -135.3438,  2322.3484, 2732.8608, -135.2321,  0, 0, 240
L 2322.3484, 2732.8608, -135.2321,  2341.7283, 2780.0925, -134.9787,  0, 0, 240
L 2341.7283, 2780.0925, -134.9787,  2344.3481, 2782.4893, -134.8815,  0, 0, 240
L 2344.3481, 2782.4893, -134.8815,  2391.3945, 2804.7026, -136.1842,  0, 0, 240
L 2391.3945, 2804.7026, -136.1842,  2407.4248, 2850.4985, -134.3336,  0, 0, 240
L 2407.4248, 2850.4985, -134.3336,  2413.9214, 2860.7705, -134.7185,  0, 0, 240
L 2413.9214, 2860.7705, -134.7185,  2452.0950, 2883.7683, -135.5553,  0, 0, 240
L 2452.0950, 2883.7683, -135.5553,  2463.7275, 2920.3311, -135.2357,  0, 0, 240
L 2463.7275, 2920.3311, -135.2357,  2464.9202, 2940.6548, -134.8283,  0, 0, 240
L 2464.9202, 2940.6548, -134.8283,  2462.5122, 2990.0391, -135.0499,  0, 0, 240
L 2462.5122, 2990.0391, -135.0499,  2470.0039, 3006.2437, -135.1009,  0, 0, 240
L 2470.0039, 3006.2437, -135.1009,  2481.6487, 3059.7200, -134.5943,  0, 0, 240
L 2786.3811, 3154.6533, -0.4079,  1978.0975, 2902.8484, 340.4519,  0, 0, 0
L 1978.0975, 2902.8484, 453.5609,  1615.4127, 2902.8423, 469.7767,  0, 0, 0
L 1615.4127, 2902.8423, 469.7767,  184.5644, 2902.8213, 590.7422,  0, 0, 0
L 184.5644, 2902.8213, 590.7422,  110.5865, 2818.2764, 531.6022,  0, 0, 0
L 110.5865, 2818.2764, 540.2669,  44.2368, 2806.2129, 551.6544,  0, 0, 0
L 44.2368, 2806.2129, 551.6544,  20.6643, 2755.7092, 457.6900,  0, 0, 0
L 20.6643, 2755.7092, 457.6900,  -74.5263, 2775.8835, 677.0436,  0, 0, 0
L -74.5263, 2775.8835, 677.0436,  -212.5958, 2902.8484, 799.1453,  0, 0, 0
L -212.5958, 2902.8484, 799.1453,  -397.2078, 2902.8269, 614.7802,  0, 0, 0
L -397.2078, 2902.8269, 614.7802,  -487.9405, 2850.1440, 537.6698,  0, 0, 0
L -487.9405, 2850.1440, 537.6698,  -551.7731, 2879.5430, 521.3996,  0, 0, 0
L -551.7731, 2879.5430, 521.3996,  -606.9684, 2872.3071, 474.1314,  0, 0, 0
L -606.9684, 2872.3071, 474.1314,  -686.4077, 2902.8477, 500.1698,  0, 0, 0
L -686.4077, 2902.8477, 500.1698,  -747.3994, 2902.8481, 492.9292,  0, 0, 0
L -747.3994, 2902.8481, 492.9292,  -791.8386, 2883.8562, 506.7703,  0, 0, 0
L -791.8386, 2883.8562, 506.7703,  -829.9133, 2880.7229, 534.6735,  0, 0, 0
L -829.9133, 2880.7229, 534.6735,  -912.7160, 2898.8337, 646.5880,  0, 0, 0
L -912.7160, 2898.8337, 646.5880,  -1731.4197, 2965.3616, 427.4102,  0, 0, 0
L -1731.4197, 2965.3616, 427.4102,  -1858.0372, 3027.6521, 478.4205,  0, 0, 0
L -1858.0372, 3027.6521, 478.4205,  -1916.6879, 2887.9231, 549.0397,  0, 0, 0
L -1916.6879, 2887.9231, 549.0397,  -1987.9764, 2989.9492, 524.8654,  0, 0, 0
L -1987.9764, 2989.9492, 524.8654,  -2067.0627, 3088.5574, 591.0288,  0, 0, 0
L -2067.0627, 3088.5574, 591.0288,  -2207.6514, 3164.2827, 661.7744,  0, 0, 0
L -2207.6514, 3164.2827, 661.7744,  -2223.4775, 3160.6489, 647.0413,  0, 0, 0
L -2223.4775, 3160.6489, 647.0413,  -2301.3687, 3225.9346, 701.2319,  0, 0, 0
L -2301.3687, 3225.9346, 701.2319,  -2573.6274, 3226.3179, 698.2347,  0, 0, 0
L -2573.6274, 3226.3179, 698.2347,  -2762.1116, 3208.0657, 958.5500,  0, 0, 0
L -2762.1116, 3208.0657, 958.5500,  -2767.7185, 3158.3408, 832.9902,  0, 0, 0
L -2767.7185, 3158.3408, 832.9902,  -2776.4722, 3080.7527, 700.0625,  0, 0, 0
L -2776.4722, 3080.7527, 700.0625,  -2786.9194, 2988.1414, 677.0527,  0, 0, 0
L -2786.9194, 2988.1414, 677.0527,  -2796.1892, 2905.9067, 652.0024,  0, 0, 0
L -2796.1892, 2905.9067, 652.0024,  -2808.4329, 2797.4248, 688.2493,  0, 0, 0
L -2808.4329, 2797.4248, 688.2493,  -2820.7869, 2687.9053, 683.6149,  0, 0, 0
L -2820.7869, 2687.9053, 683.6149,  -2837.1152, 1549.6067, 770.8607,  0, 0, 0
L -2837.1152, 1549.6067, 770.8607,  -2697.5095, 1412.6815, 678.0048,  0, 0, 0
L -2697.5095, 1412.6815, 678.0048,  -2533.2847, 1260.2632, 560.5250,  0, 0, 0
L -2533.2847, 1260.2632, 560.5250,  -2416.2571, 1177.2062, 562.2814,  0, 0, 0
L -2416.2571, 1177.2062, 562.2814,  -2403.2190, 1013.6227, 712.1605,  0, 0, 0
L -2403.2190, 1013.6227, 712.1605,  -2392.3589, 976.6610, 707.6322,  0, 0, 0
L -2392.3589, 976.6610, 707.6322,  -2366.8640, 924.0367, 697.8688,  0, 0, 0
L -2366.8640, 924.0367, 697.8688,  -2363.2769, 880.8444, 689.8667,  0, 0, 0
L -2363.2769, 880.8444, 689.8667,  -2361.8687, 765.6715, 669.3550,  0, 0, 0
L -2361.8687, 765.6715, 669.3550,  -2387.4456, 679.6642, 841.6533,  0, 0, 0
L -2387.4456, 679.6642, 841.6533,  -2392.3643, 595.7815, 699.2971,  0, 0, 0
L -2392.3643, 595.7815, 699.2971,  -2396.4194, 526.6253, 630.9465,  0, 0, 0
L -2396.4194, 526.6253, 630.9465,  -2402.2463, 427.2527, 666.8903,  0, 0, 0
L -2402.2463, 427.2527, 666.8903,  -2414.2017, 190.9389, 768.3661,  0, 0, 0
L -2414.2017, 190.9389, 768.3661,  -2392.0332, 140.8185, 766.1772,  0, 0, 0
L -2392.0332, 140.8185, 766.1772,  -2409.1130, 74.0320, 608.8491,  0, 0, 0
L -2409.1130, 74.0320, 608.8491,  -2491.4321, -7.2193, 599.8876,  0, 0, 0
L -2491.4321, -7.2193, 599.8876,  -2523.4084, -69.6319, 555.1371,  0, 0, 0
L -2523.4084, -69.6319, 555.1371,  -2539.7583, -146.8186, 510.2365,  0, 0, 0
L -2539.7583, -146.8186, 510.2365,  -2561.2766, -248.4052, 497.9133,  0, 0, 0
L -2561.2766, -248.4052, 497.9133,  -2577.1282, -323.2422, 488.2140,  0, 0, 0
L -2577.1282, -323.2422, 488.2140,  -2606.2698, -475.7613, 460.5569,  0, 0, 0
L -2606.2698, -475.7613, 460.5569,  -2606.2700, -603.9041, 437.5660,  0, 0, 0
L -2606.2700, -603.9041, 437.5660,  -2577.4341, -1817.7899, 563.7701,  0, 0, 0
L -2577.4341, -1817.7899, 563.7701,  -2501.4871, -2180.0808, 548.0804,  0, 0, 0
L -2501.4871, -2180.0808, 548.0804,  -2471.9204, -2261.9236, 905.6357,  0, 0, 0
L -2471.9204, -2261.9236, 905.6357,  -2340.0610, -2505.3269, 727.7379,  0, 0, 0
L -2340.0610, -2505.3269, 727.7379,  -2162.6553, -2662.2180, 746.0697,  0, 0, 0
L -2162.6553, -2662.2180, 746.0697,  -2039.9434, -2777.5659, 861.1216,  0, 0, 0
L -2039.9434, -2777.5659, 861.1216,  -1972.8010, -2845.1941, 740.3504,  0, 0, 0
L -1972.8010, -2845.1941, 740.3504,  -1789.4724, -3005.0320, 802.6578,  0, 0, 0
L -1789.4724, -3005.0320, 802.6578,  -1599.7159, -3170.4741, 795.5376,  0, 0, 0
L -1599.7159, -3170.4741, 795.5376,  -1404.3411, -3340.8157, 966.3987,  0, 0, 0
L -1404.3411, -3340.8157, 966.3987,  -1365.7526, -3356.5918, 948.5016,  0, 0, 0
L -1365.7526, -3356.5918, 948.5016,  -1228.5709, -3351.4260, 861.8027,  0, 0, 0
L -1228.5709, -3351.4260, 861.8027,  -1069.3021, -3345.4087, 949.8729,  0, 0, 0
L -1069.3021, -3345.4087, 949.8729,  -1007.0024, -3343.0833, 665.6122,  0, 0, 0
L -1007.0024, -3343.0833, 665.6122,  -959.7168, -3333.7483, 650.2319,  0, 0, 0
L -959.7168, -3333.7483, 650.2319,  -884.9081, -3313.7178, 722.2258,  0, 0, 0
L -884.9081, -3313.7178, 722.2258,  -721.6028, -3269.9888, 797.9486,  0, 0, 0
L -721.6028, -3269.9888, 797.9486,  -635.5152, -3286.0991, 727.9299,  0, 0, 0
L -635.5152, -3286.0991, 727.9299,  -604.0400, -3324.0161, 728.9234,  0, 0, 0
L -604.0400, -3324.0161, 728.9234,  -564.4244, -3344.7605, 716.0098,  0, 0, 0
L -564.4244, -3344.7605, 716.0098,  -451.5576, -3403.7761, 728.6342,  0, 0, 0
L -451.5576, -3403.7761, 728.6342,  -443.7288, -3405.0691, 717.4740,  0, 0, 0
L -443.7288, -3405.0691, 717.4740,  -410.1211, -3357.8306, 659.2809,  0, 0, 0
L -410.1211, -3357.8306, 659.2809,  -398.9581, -3300.6118, 634.3212,  0, 0, 0
L -398.9581, -3300.6118, 634.3212,  -379.1559, -3265.6550, 684.9448,  0, 0, 0
L -379.1559, -3265.6550, 684.9448,  -333.8274, -3254.1311, 768.7691,  0, 0, 0
L -333.8274, -3254.1311, 768.7691,  -280.3123, -3180.6162, 664.8073,  0, 0, 0
L -280.3123, -3180.6162, 664.8073,  -241.7643, -3178.1362, 612.5397,  0, 0, 0
L -241.7643, -3178.1362, 612.5397,  -192.1578, -3180.1875, 598.3674,  0, 0, 0
L -192.1578, -3180.1875, 598.3674,  -140.0801, -3192.4893, 580.6248,  0, 0, 0
L -140.0801, -3192.4893, 580.6248,  -67.7399, -3226.5125, 576.6540,  0, 0, 0
L -67.7399, -3226.5125, 576.6540,  -23.7161, -3267.3262, 574.1434,  0, 0, 0
L -23.7161, -3267.3262, 574.1434,  31.4221, -3338.7314, 571.9650,  0, 0, 0
L 31.4221, -3338.7314, 571.9650,  37.8322, -3388.6016, 571.8406,  0, 0, 0
L 37.8322, -3388.6016, 571.8406,  39.3104, -3401.2876, 571.8129,  0, 0, 0
L 39.3104, -3401.2876, 571.8129,  56.7119, -3406.7664, 570.1927,  0, 0, 0
L 56.7119, -3406.7664, 570.1927,  123.4685, -3409.1377, 526.7130,  0, 0, 0
L 123.4685, -3409.1377, 526.7130,  198.3627, -3435.2166, 329.1812,  0, 0, 0
L 198.3627, -3435.2166, 329.1812,  222.3869, -3448.0754, 272.6676,  0, 0, 0
L 222.3869, -3448.0754, 272.6676,  237.8891, -3455.8750, 272.0232,  0, 0, 240
L 237.1634, -3456.0110, 329.9829,  243.9590, -3459.4731, 330.6564,  0, 0, 0
L 243.9590, -3459.4731, 330.6564,  293.4546, -3451.4143, 322.5352,  0, 0, 0
L 293.4546, -3451.4143, 322.5352,  345.7828, -3448.0381, 301.9887,  0, 0, 0
L 345.7828, -3448.0381, 301.9887,  391.6848, -3457.4858, 285.3740,  0, 0, 0
L 391.6848, -3457.4858, 285.3740,  425.3441, -3452.2292, 298.2587,  0, 0, 0
L 425.3441, -3452.2292, 298.2587,  441.8050, -3478.0793, 299.3588,  0, 0, 0
L 441.8050, -3478.0793, 299.3588,  472.6493, -3467.8005, 291.3467,  0, 0, 0
L 472.6493, -3467.8005, 291.3467,  479.4947, -3470.7722, 292.1294,  0, 0, 0
L 479.4947, -3470.7722, 292.1294,  549.7123, -3493.2397, 314.2021,  0, 0, 0
L 549.7123, -3493.2397, 314.2021,  548.7916, -3514.5342, 349.7107,  0, 0, 0
L 548.7916, -3514.5342, 349.7107,  573.9426, -3514.7991, 414.9719,  0, 0, 0
L 573.9426, -3514.7991, 414.9719,  589.6661, -3485.9316, 472.1673,  0, 0, 0
L 589.6661, -3485.9316, 472.1673,  602.5919, -3448.6213, 488.9568,  0, 0, 0
L 602.5919, -3448.6213, 488.9568,  625.9661, -3416.8118, 489.2332,  0, 0, 0
L 625.9661, -3416.8118, 489.2332,  685.2372, -3367.1394, 490.0064,  0, 0, 0
L 685.2372, -3367.1394, 490.0064,  729.3923, -3350.1782, 493.9637,  0, 0, 0
L 729.3923, -3350.1782, 493.9637,  755.8922, -3366.6479, 503.2697,  0, 0, 0
L 755.8922, -3366.6479, 503.2697,  798.0535, -3376.4666, 490.5783,  0, 0, 0
L 798.0535, -3376.4666, 490.5783,  865.6745, -3368.3323, 504.0432,  0, 0, 0
L 865.6745, -3368.3323, 504.0432,  908.7250, -3375.5522, 522.9318,  0, 0, 0
L 908.7250, -3375.5522, 522.9318,  957.1224, -3396.2161, 525.0873,  0, 0, 0
L 957.1224, -3396.2161, 525.0873,  969.7916, -3409.2278, 541.3224,  0, 0, 0
L 969.7916, -3409.2278, 541.3224,  975.6226, -3396.8823, 529.9856,  0, 0, 0
L 975.6226, -3396.8823, 529.9856,  982.7994, -3366.3901, 523.8750,  0, 0, 0
L 982.7994, -3366.3901, 523.8750,  983.5333, -3350.1924, 518.1539,  0, 0, 0
L 983.5333, -3350.1924, 518.1539,  985.8948, -3276.0696, 506.3748,  0, 0, 0
L 985.8948, -3276.0696, 506.3748,  991.6912, -3158.3347, 461.7574,  0, 0, 0
L 991.6912, -3158.3347, 458.0121,  1082.4559, -3158.3403, 473.6660,  0, 0, 0
L 1082.4563, -3158.3401, 473.6809,  1082.4550, -2756.3796, 666.6056,  0, 0, 0
L 1082.4550, -2756.3796, 668.0127,  1978.5013, -2756.3757, 874.5574,  0, 0, 0
L 1978.5013, -2756.3757, 870.9423,  1978.5000, -3473.5347, 931.1121,  0, 0, 0
L 1978.5000, -3473.5347, 931.1121,  4410.8135, -3473.5286, 709.4998,  0, 0, 0
L 4410.8135, -3473.5286, 709.4998,  4410.8140, 3154.6636, -134.5867,  0, 0, 240
L 4410.8140, 3154.6636, -134.5867,  2786.3811, 3154.6533, -134.5867,  0, 0, 0
L 4169.2598, 3024.5520, -134.9467,  4174.3184, 3106.1489, -134.9670,  0, 0, 0
L 4174.3184, 3106.1489, -134.9670,  4174.5781, 3154.6621, -134.9650,  0, 0, 0
L 4169.2598, 3024.5520, -134.9933,  4168.5957, 2710.7805, -134.9727,  0, 0, 0
L 4041.6475, 2175.9929, -134.9778,  4039.9678, 2173.9038, -134.9777,  0, 0, 0
L 4039.9678, 2173.9038, -134.9777,  3991.2808, 2093.8987, -134.9916,  0, 0, 0
L 3991.2808, 2093.8987, -134.9916,  3843.5334, 2123.1633, -134.9853,  0, 0, 0