P -1649.4501, -573.1733, 188.6122,  0, 0, 127,  2,  Tarnamil(Sk_1.5)
P -2130.9929, -441.2279, 245.6360,  127, 0, 0,  2,  cloaked_figure*_(Brd_1.5)
P -2308.4673, -813.2051, 270.7456,  127, 0, 0,  2,  Advisor_C'zatl
P -2291.7256, -794.3246, 269.5803,  127, 0, 0,  2,  War_Priestess
P -2301.9263, -787.7970, 269.5398,  127, 0, 0,  1,  Adjutant_D'kan
P -2314.6797, -802.1292, 271.7721,  127, 0, 0,  2,  Tasi
P -2305.7422, -830.3083, 270.2431,  127, 0, 0,  2,  Coercer_Q'ioul
P -2299.3838, -808.6965, 269.5330,  127, 0, 0,  1,  Brigadier
P -2293.4551, -811.2560, 269.5627,  127, 0, 0,  1,  Ioltos
P -1699.1917, -1524.1631, 193.2238,  0, 0, 127,  2,  Giz_X`Tin*(Druid1.0)
