P -823.9922, 306.2672, -183.5400,  0, 0, 127,  2,  Scout_Trais
P 56.1258, 429.8826, -202.4804,  0, 0, 0,  2,  Northwest_Room
P 47.0840, 1125.9257, -204.4709,  0, 0, 0,  2,  Southeast_Room
P -790.8629, 978.7323, -184.7885,  0, 0, 0,  2,  Southwest_Room
P -780.2098, 491.8387, -184.5246,  0, 0, 0,  2,  Northwest_Room
P -781.8763, 343.1610, -182.5483,  0, 0, 0,  2,  North_Hall
P -232.0220, 284.6712, -194.7756,  240, 0, 0,  2,  scalewrought_operator*
P -259.1042, 1111.3429, -209.3069,  240, 0, 0,  2,  scalewrought_skykeeper
P -234.4016, 474.1526, -750.4998,  0, 0, 0,  2,  north_Veins
P -1303.5739, 756.6072, -627.3079,  0, 0, 0,  2,  Veins_just_west
P -205.6187, 779.1987, -448.1162,  0, 0, 0,  2,  Veins_at_the_southern_room
P -488.1979, 909.5185, -174.1345,  0, 0, 0,  2,  Magical_Device_2
P -501.9273, 569.0888, -180.7125,  0, 0, 0,  2,  Magical_Device_1
P -564.6702, 649.9801, -736.7314,  0, 0, 0,  1,  Magical_Device_3
P -393.9221, 476.7432, -736.2123,  0, 0, 0,  2,  Magical_Device_4
P -672.3729, 351.9560, -685.7744,  0, 0, 127,  2,  Thedran_Narrok
