L -90.6201, 125.3368, -64.2643,  -70.6850, 119.2881, -58.2613,  0, 0, 0
L -70.6850, 119.2881, -58.2613,  -56.8953, 112.0651, -53.4309,  0, 0, 0
L -56.8953, 112.0651, -53.4309,  -42.4993, 107.9822, -46.8940,  0, 0, 0
L -42.4993, 107.9822, -46.8940,  -26.4234, 104.9697, -42.9211,  0, 0, 0
L -26.4234, 104.9697, -42.9211,  -14.6821, 98.4831, -41.9129,  0, 0, 0
L -14.6821, 98.4831, -41.9129,  -0.7297, 91.3141, -39.8531,  0, 0, 0
L -0.7297, 91.3141, -39.8531,  12.5316, 78.1537, -40.0343,  0, 0, 0
L 12.5316, 78.1537, -40.0343,  27.0497, 55.4911, -39.4028,  0, 0, 0
L 27.0497, 55.4911, -39.4028,  42.3525, 40.3886, -38.3588,  0, 0, 0
L 42.3525, 40.3886, -38.3588,  55.9638, 16.6299, -39.2569,  0, 0, 0
L 55.9638, 16.6299, -39.2569,  62.1336, -5.4176, -39.7293,  0, 0, 0
L 62.1336, -5.4176, -39.7293,  63.4200, -17.1007, -40.1293,  0, 0, 0
L 63.4200, -17.1007, -40.1293,  63.3955, -28.9493, -40.6978,  0, 0, 0
L 63.3955, -28.9493, -40.6978,  67.1418, -41.3372, -38.2111,  0, 0, 0
L -110.2942, 59.9373, -63.4874,  -76.2565, 52.4382, -54.2737,  0, 0, 0
L -76.2565, 52.4382, -54.2737,  -60.6772, 53.6805, -48.4781,  0, 0, 0
L -60.6772, 53.6805, -48.4781,  -38.9919, 33.9043, -40.6506,  0, 0, 0
L -38.9919, 33.9043, -40.6506,  -10.3734, 16.0540, -39.6824,  0, 0, 0
L -10.3734, 16.0540, -39.6824,  -3.9411, -4.3796, -37.9283,  0, 0, 0
L -3.9411, -4.3796, -37.9283,  15.9746, -41.3182, -39.4162,  0, 0, 0
L 15.6997, -41.2835, -39.0656,  67.1418, -41.3372, -41.0189,  255, 0, 255
L -110.2942, 59.9373, -71.2552,  -126.4086, 67.1828, -83.5044,  0, 0, 0
L -126.4086, 67.1828, -83.5044,  -150.1499, 65.7911, -96.9856,  0, 0, 0
L -150.1499, 65.7911, -96.9856,  -177.4473, 69.1624, -107.8984,  0, 0, 0
L -177.4473, 69.1624, -107.8984,  -194.6280, 75.8283, -117.9828,  0, 0, 0
L -194.6280, 75.8283, -117.9828,  -214.6243, 90.7749, -116.2832,  0, 0, 0
L -214.6243, 90.7749, -116.2832,  -230.2662, 99.6062, -116.3298,  0, 0, 0
L -230.2662, 99.6062, -116.3298,  -247.7929, 112.8545, -115.4059,  0, 0, 0
L -247.7929, 112.8545, -114.7453,  -261.2399, 135.4988, -118.8457,  0, 0, 0
L -261.2399, 135.4988, -118.8457,  -266.5670, 155.8970, -124.5400,  0, 0, 0
L -266.5670, 155.8970, -124.5400,  -267.7502, 171.2949, -130.3474,  0, 0, 0
L -267.7502, 171.2949, -130.3474,  -275.6382, 199.3849, -141.0549,  0, 0, 0
L -275.6382, 199.3849, -141.0549,  -275.4603, 223.3068, -154.8995,  0, 0, 0
L -275.4603, 223.3068, -154.8995,  -270.1906, 257.2010, -174.4110,  0, 0, 0
L -270.1906, 257.2010, -174.4110,  -274.4706, 277.4192, -187.0919,  0, 0, 0
L -274.4706, 277.4192, -187.0919,  -274.9365, 295.8196, -199.5923,  0, 0, 0
L -274.9365, 295.8196, -199.5923,  -275.4257, 309.8862, -200.4949,  0, 0, 0
L -275.4257, 309.8862, -200.4949,  -277.9703, 317.5145, -197.0497,  0, 0, 0
L -277.9703, 317.5145, -197.0497,  -284.3989, 326.2973, -198.9163,  0, 0, 0
L -284.3989, 326.2973, -198.9163,  -285.3616, 331.1019, -209.1723,  0, 0, 0
L -285.3616, 331.1019, -209.1723,  -299.7063, 331.4160, -209.1723,  0, 0, 0
L -299.7063, 331.4160, -209.1723,  -306.7833, 327.3137, -208.1684,  0, 0, 0
L -306.7833, 327.3137, -208.1684,  -312.9248, 318.0844, -206.4780,  0, 0, 0
L -312.9248, 318.0844, -206.4780,  -318.0686, 305.1969, -205.5419,  0, 0, 0
L -318.0686, 305.1969, -205.5419,  -344.1164, 302.7485, -203.1211,  0, 0, 0
L -344.1164, 302.7485, -203.1211,  -393.2798, 304.0615, -195.5014,  0, 0, 0
L -393.2798, 304.0615, -195.5014,  -428.4800, 311.2091, -189.2306,  0, 0, 0
L -428.4800, 311.2091, -189.2306,  -436.2115, 315.6211, -188.3951,  0, 0, 0
L -436.2115, 315.6211, -188.3951,  -447.4425, 318.0581, -187.0359,  0, 0, 0
L -447.4425, 318.0581, -187.0359,  -461.0102, 312.5048, -185.2975,  0, 0, 0
L -461.0102, 312.5048, -185.2975,  -475.3723, 307.9191, -183.5395,  0, 0, 0
L -475.3723, 307.9191, -183.5395,  -501.8500, 302.4902, -183.5395,  0, 0, 0
L -501.8500, 302.4902, -183.5395,  -557.5546, 301.4367, -183.5395,  0, 0, 0
L -557.5546, 301.4367, -183.5395,  -584.8827, 307.5913, -183.5396,  0, 0, 0
L -584.8827, 307.5913, -183.5396,  -597.3611, 309.2893, -177.6510,  0, 0, 0
L -597.3611, 309.2893, -177.6510,  -603.6432, 313.1042, -183.5395,  0, 0, 0
L -603.6432, 313.1042, -183.5395,  -619.3429, 317.9884, -183.5382,  0, 0, 0
L -619.3429, 317.9884, -183.5382,  -634.3932, 313.8163, -183.5396,  0, 0, 0
L -634.3932, 313.8163, -183.5396,  -646.4272, 307.4082, -181.5490,  0, 0, 0
L -646.4272, 307.4082, -181.5490,  -679.2560, 297.0187, -183.5398,  0, 0, 0
L -679.2560, 297.0187, -183.5398,  -696.3334, 294.3792, -183.5399,  0, 0, 0
L -696.3334, 294.3792, -183.5399,  -743.6037, 287.0717, -183.5401,  0, 0, 0
L -743.6037, 287.0717, -183.5401,  -746.9485, 287.0157, -183.5397,  0, 0, 0
L -746.9485, 287.0157, -183.5397,  -746.9496, 302.5274, -183.5401,  0, 0, 0
L -746.9496, 302.5274, -183.5401,  -770.9485, 302.5265, -183.5381,  0, 0, 0
L -770.9485, 302.5265, -183.5381,  -770.9481, 326.5268, -183.5401,  0, 0, 0
L -770.9481, 326.5268, -183.5401,  -819.9421, 326.5269, -183.5400,  0, 0, 0
L -819.9421, 326.5269, -183.5400,  -819.9415, 302.5271, -183.5400,  0, 0, 0
L -819.9415, 302.5271, -183.5400,  -842.7111, 302.5269, -183.5401,  0, 0, 0
L -842.7111, 302.5269, -183.5401,  -842.7111, 377.2835, -183.5400,  0, 0, 0
L -842.7111, 377.2835, -183.5400,  -820.9974, 377.2828, -183.5400,  0, 0, 0
L -820.9974, 377.2828, -183.5400,  -821.1356, 368.8048, -183.5400,  0, 0, 0
L -821.1356, 368.8048, -183.5401,  -772.1456, 368.8040, -183.5401,  0, 0, 0
L -772.1456, 368.8040, -183.5413,  -772.1207, 377.2829, -183.5390,  0, 0, 0
L -772.1207, 377.2829, -183.5390,  -758.5739, 377.2835, -183.5387,  0, 0, 0
L -758.5739, 377.2835, -183.5387,  -758.5735, 365.8206, -183.5400,  0, 0, 0
L -758.5735, 365.8206, -183.5400,  -734.5739, 365.8222, -183.5388,  0, 0, 0
L -734.5739, 365.8222, -183.5388,  -734.5743, 341.8220, -183.5401,  0, 0, 0
L -734.5743, 341.8220, -183.5401,  -683.8354, 341.8193, -183.5398,  0, 0, 0
L -683.8354, 341.8193, -183.5397,  -683.8360, 365.8229, -183.5386,  0, 0, 0
L -683.8360, 365.8229, -183.5386,  -659.8353, 365.8227, -183.5398,  0, 0, 0
L -659.8353, 365.8227, -183.5399,  -659.8346, 414.8169, -183.5400,  0, 0, 0
L -659.8346, 414.8169, -183.5400,  -683.8356, 414.8150, -183.5384,  0, 0, 0
L -683.8356, 414.8150, -183.5384,  -683.8347, 438.8156, -183.5400,  0, 0, 0
L -683.8347, 438.8156, -183.5400,  -704.9384, 438.8153, -183.5391,  0, 0, 0
L -704.9384, 438.8153, -183.5391,  -704.9340, 452.3587, -183.5430,  0, 0, 0
L -704.9340, 452.3587, -183.5430,  -696.4597, 452.3588, -183.5424,  0, 0, 0
L -696.4597, 452.3588, -183.5400,  -696.4542, 502.2102, -183.5400,  0, 0, 0
L -696.4542, 502.2102, -183.5429,  -704.9383, 502.2101, -183.5430,  0, 0, 0
L -704.9383, 502.2101, -183.5430,  -704.9385, 528.1365, -183.5400,  0, 0, 0
L -704.9385, 528.1365, -183.5400,  -713.4716, 528.1443, -183.5400,  0, 0, 0
L -713.4716, 528.1443, -183.5400,  -713.4720, 502.2102, -183.5429,  0, 0, 0
L -713.4720, 502.2102, -183.5429,  -721.9518, 502.2102, -183.5429,  0, 0, 0
L -721.9518, 502.2102, -183.5400,  -721.9493, 452.3587, -183.5400,  0, 0, 0
L -721.9493, 452.3587, -183.5423,  -713.4705, 452.3587, -183.5408,  0, 0, 0
L -713.4705, 452.3587, -183.5408,  -713.4713, 438.8155, -183.5382,  0, 0, 0
L -713.4713, 438.8155, -183.5382,  -734.5745, 438.8149, -183.5400,  0, 0, 0
L -734.5745, 438.8149, -183.5400,  -734.5739, 414.8155, -183.5383,  0, 0, 0
L -734.5739, 414.8155, -183.5383,  -758.5753, 414.8170, -183.5400,  0, 0, 0
L -758.5753, 414.8170, -183.5400,  -758.5740, 385.8161, -183.5384,  0, 0, 0
L -758.5740, 385.8161, -183.5384,  -772.1423, 385.8177, -183.5446,  0, 0, 0
L -772.1423, 385.8177, -183.5446,  -772.1420, 394.2950, -183.5422,  0, 0, 0
L -772.1420, 394.2950, -183.5400,  -821.9938, 394.2949, -183.5399,  0, 0, 0
L -821.9938, 394.2949, -183.5430,  -821.9939, 385.8156, -183.5430,  0, 0, 0
L -821.9939, 385.8156, -183.5430,  -842.7111, 385.8162, -183.5380,  0, 0, 0
L -842.7111, 385.8162, -183.5380,  -842.7114, 400.4851, -183.5399,  0, 0, 0
L -842.7114, 400.4851, -183.5399,  -848.4738, 400.4845, -183.5399,  0, 0, 0
L -848.4738, 400.4845, -183.5399,  -848.4736, 495.4915, -183.5380,  0, 0, 0
L -848.4736, 495.4915, -183.5380,  -842.7104, 495.4897, -183.5399,  0, 0, 0
L -842.7104, 495.4897, -183.5399,  -842.7108, 600.2050, -183.5398,  0, 0, 0
L -842.7108, 600.2050, -183.5398,  -857.8073, 600.2043, -183.5381,  0, 0, 0
L -857.8073, 600.2043, -183.5381,  -857.8086, 616.5450, -183.5439,  0, 0, 0
L -857.8086, 616.5450, -183.5439,  -849.3284, 616.5450, -183.5411,  0, 0, 0
L -849.3284, 616.5450, -183.5398,  -849.3288, 675.8224, -183.5398,  0, 0, 0
L -849.3288, 675.8224, -183.5428,  -857.8068, 675.8226, -183.5428,  0, 0, 0
L -857.8068, 675.8226, -183.5428,  -857.8055, 689.2106, -183.5379,  0, 0, 0
L -857.8055, 689.2106, -183.5379,  -840.5615, 689.2114, -183.5398,  0, 0, 0
L -840.5615, 689.2114, -183.5399,  -840.5620, 713.2119, -183.5381,  0, 0, 0
L -840.5620, 713.2119, -183.5381,  -816.5607, 713.2103, -183.5399,  0, 0, 0
L -816.5607, 713.2103, -183.5399,  -816.5621, 733.4581, -183.5383,  0, 0, 0
L -816.5621, 733.4581, -183.5383,  -812.6138, 733.4564, -183.5430,  0, 0, 0
L -812.6138, 733.4564, -183.5430,  -812.6138, 724.9789, -183.5401,  0, 0, 0
L -812.6138, 724.9789, -183.5399,  -762.7247, 724.9780, -183.5399,  0, 0, 0
L -762.7247, 724.9780, -183.5396,  -762.7621, 733.4517, -183.5429,  0, 0, 0
L -762.7621, 733.4517, -183.5429,  -758.5741, 733.4579, -183.5399,  0, 0, 0
L -758.5741, 733.4579, -183.5399,  -758.5746, 713.2079, -183.5399,  0, 0, 0
L -758.5746, 713.2079, -183.5399,  -734.5740, 713.2115, -183.5380,  0, 0, 0
L -734.5740, 713.2115, -183.5380,  -734.5768, 689.2111, -183.5399,  0, 0, 0
L -734.5768, 689.2111, -183.5399,  -713.4713, 689.2115, -183.5384,  0, 0, 0
L -713.4713, 689.2115, -183.5384,  -713.4713, 675.4521, -183.5429,  0, 0, 0
L -713.4713, 675.4521, -183.5429,  -721.9521, 675.4677, -183.5399,  0, 0, 0
L -721.9521, 675.4677, -183.5399,  -721.9490, 625.6003, -183.5399,  0, 0, 0
L -721.9490, 625.6003, -183.5413,  -713.4703, 625.6005, -183.5444,  0, 0, 0
L -713.4703, 625.6005, -183.5444,  -713.4717, 599.6744, -183.5384,  0, 0, 0
L -713.4717, 599.6744, -183.5399,  -704.9380, 599.6805, -183.5399,  0, 0, 0
L -704.9380, 599.6805, -183.5383,  -704.9399, 625.6006, -183.5436,  0, 0, 0
L -704.9399, 625.6006, -183.5436,  -696.4587, 625.6001, -183.5409,  0, 0, 0
L -696.4587, 625.6001, -183.5399,  -696.4604, 675.4521, -183.5399,  0, 0, 0
L -696.4604, 675.4521, -183.5429,  -704.9380, 675.4521, -183.5429,  0, 0, 0
L -704.9380, 675.4521, -183.5429,  -704.9387, 689.2115, -183.5385,  0, 0, 0
L -704.9387, 689.2115, -183.5385,  -683.8349, 689.2123, -183.5399,  0, 0, 0
L -683.8349, 689.2123, -183.5399,  -683.8361, 713.2118, -183.5384,  0, 0, 0
L -683.8361, 713.2118, -183.5384,  -659.8351, 713.2110, -183.5399,  0, 0, 0
L -659.8351, 713.2110, -183.5399,  -659.8314, 762.2037, -183.5400,  0, 0, 0
L -659.8314, 762.2037, -183.5400,  -683.8358, 762.2043, -183.5384,  0, 0, 0
L -683.8358, 762.2043, -183.5384,  -683.8339, 786.2048, -183.5400,  0, 0, 0
L -683.8339, 786.2048, -183.5400,  -704.9386, 786.2045, -183.5381,  0, 0, 0
L -704.9386, 786.2045, -183.5381,  -704.9380, 799.7477, -183.5444,  0, 0, 0
L -704.9380, 799.7477, -183.5444,  -696.4597, 799.7471, -183.5425,  0, 0, 0
L -696.4597, 799.7471, -183.5400,  -696.4583, 849.5699, -183.5400,  0, 0, 0
L -696.4583, 849.5699, -183.5400,  -704.9379, 849.5990, -183.5431,  0, 0, 0
L -704.9379, 849.5990, -183.5431,  -704.9388, 875.5259, -183.5394,  0, 0, 0
L -704.9388, 875.5259, -183.5400,  -713.4717, 875.5334, -183.5400,  0, 0, 0
L -713.4717, 875.5334, -183.5400,  -713.4720, 849.5990, -183.5430,  0, 0, 0
L -713.4720, 849.5990, -183.5430,  -721.9489, 849.5990, -183.5430,  0, 0, 0
L -721.9489, 849.5990, -183.5400,  -721.9501, 799.6992, -183.5400,  0, 0, 0
L -721.9501, 799.6992, -183.5393,  -713.4717, 799.7476, -183.5429,  0, 0, 0
L -713.4717, 799.7476, -183.5429,  -713.4713, 786.2043, -183.5386,  0, 0, 0
L -713.4713, 786.2043, -183.5386,  -734.5746, 786.2050, -183.5400,  0, 0, 0
L -734.5746, 786.2050, -183.5400,  -734.5738, 762.2043, -183.5384,  0, 0, 0
L -734.5738, 762.2043, -183.5384,  -758.5743, 762.2053, -183.5400,  0, 0, 0
L -758.5743, 762.2053, -183.5400,  -758.5743, 741.9908, -183.5381,  0, 0, 0
L -758.5743, 741.9908, -183.5381,  -762.7621, 741.9897, -183.5420,  0, 0, 0
L -762.7621, 741.9897, -183.5420,  -762.7081, 750.4694, -183.5395,  0, 0, 0
L -762.7081, 750.4694, -183.5399,  -812.6136, 750.4692, -183.5399,  0, 0, 0
L -812.6136, 750.4692, -183.5429,  -812.6138, 741.9910, -183.5429,  0, 0, 0
L -812.6138, 741.9910, -183.5429,  -816.5620, 741.9905, -183.5380,  0, 0, 0
L -816.5620, 741.9905, -183.5380,  -816.5615, 762.2056, -183.5399,  0, 0, 0
L -816.5615, 762.2056, -183.5399,  -840.5618, 762.2040, -183.5380,  0, 0, 0
L -840.5618, 762.2040, -183.5380,  -840.5616, 786.2049, -183.5399,  0, 0, 0
L -840.5616, 786.2049, -183.5399,  -857.8075, 786.2042, -183.5399,  0, 0, 0
L -857.8075, 786.2042, -183.5399,  -857.8079, 799.9036, -183.5439,  0, 0, 0
L -857.8079, 799.9036, -183.5439,  -849.3277, 799.9017, -183.5403,  0, 0, 0
L -849.3277, 799.9017, -183.5399,  -849.3260, 859.1812, -183.5399,  0, 0, 0
L -849.3260, 859.1812, -183.5428,  -857.8069, 859.1810, -183.5430,  0, 0, 0
L -857.8069, 859.1810, -183.5430,  -857.8071, 875.2119, -183.5386,  0, 0, 0
L -857.8071, 875.2119, -183.5386,  -842.6860, 875.2103, -183.5399,  0, 0, 0
L -848.4744, 1074.9318, -183.5382,  -848.4739, 979.9247, -183.5379,  0, 0, 0
L -848.4739, 979.9247, -183.5379,  -842.7117, 979.9247, -183.5398,  0, 0, 0
L -842.7117, 979.9247, -183.5399,  -842.6860, 875.2103, -183.5398,  0, 0, 0
L -848.4741, 1074.9318, -183.5379,  -842.7109, 1074.9314, -183.5399,  0, 0, 0
L -842.7109, 1074.9314, -183.5399,  -842.7119, 1089.5355, -183.5383,  0, 0, 0
L -842.7119, 1089.5355, -183.5383,  -821.9940, 1089.5353, -183.5429,  0, 0, 0
L -821.9940, 1089.5353, -183.5429,  -821.9958, 1081.0569, -183.5418,  0, 0, 0
L -821.9958, 1081.0569, -183.5398,  -772.1418, 1081.0536, -183.5398,  0, 0, 0
L -772.1418, 1081.0536, -183.5426,  -772.1422, 1089.5348, -183.5435,  0, 0, 0
L -772.1422, 1089.5348, -183.5435,  -758.5737, 1089.5349, -183.5380,  0, 0, 0
L -758.5737, 1089.5349, -183.5380,  -758.5724, 1060.6112, -183.5399,  0, 0, 0
L -758.5724, 1060.6112, -183.5399,  -734.5740, 1060.6111, -183.5379,  0, 0, 0
L -734.5740, 1060.6111, -183.5379,  -734.5734, 1036.6046, -183.5399,  0, 0, 0
L -734.5734, 1036.6046, -183.5399,  -713.4719, 1036.6111, -183.5380,  0, 0, 0
L -713.4719, 1036.6111, -183.5380,  -713.4716, 1022.8411, -183.5430,  0, 0, 0
L -713.4716, 1022.8411, -183.5430,  -721.9496, 1022.8417, -183.5411,  0, 0, 0
L -721.9496, 1022.8417, -183.5399,  -721.9515, 972.9512, -183.5399,  0, 0, 0
L -721.9515, 972.9512, -183.5399,  -713.4717, 972.9894, -183.5433,  0, 0, 0
L -713.4717, 972.9894, -183.5433,  -713.4708, 947.0626, -183.5399,  0, 0, 0
L -713.4708, 947.0626, -183.5400,  -704.9380, 947.0704, -183.5399,  0, 0, 0
L -704.9380, 947.0704, -183.5399,  -704.9399, 972.9894, -183.5434,  0, 0, 0
L -704.9399, 972.9894, -183.5434,  -696.4585, 972.9661, -183.5400,  0, 0, 0
L -696.4585, 972.9661, -183.5399,  -696.4590, 1022.8411, -183.5399,  0, 0, 0
L -696.4590, 1022.8411, -183.5429,  -704.9379, 1022.8411, -183.5429,  0, 0, 0
L -704.9379, 1022.8411, -183.5429,  -704.9380, 1036.6118, -183.5380,  0, 0, 0
L -704.9380, 1036.6118, -183.5380,  -683.8337, 1036.6079, -183.5399,  0, 0, 0
L -683.8337, 1036.6079, -183.5399,  -683.8351, 1060.6116, -183.5379,  0, 0, 0
L -683.8351, 1060.6116, -183.5379,  -659.8339, 1060.6085, -183.5399,  0, 0, 0
L -659.8349, 1109.6028, -183.5400,  -659.8339, 1060.6085, -183.5399,  0, 0, 0
L -659.8349, 1109.6028, -183.5400,  -683.8357, 1109.6044, -183.5383,  0, 0, 0
L -683.8357, 1109.6044, -183.5383,  -683.8362, 1133.6028, -183.5400,  0, 0, 0
L -683.8362, 1133.6028, -183.5400,  -734.5770, 1133.6082, -183.5400,  0, 0, 0
L -734.5770, 1133.6082, -183.5400,  -734.5739, 1109.6051, -183.5381,  0, 0, 0
L -734.5739, 1109.6051, -183.5381,  -758.5741, 1109.6056, -183.5400,  0, 0, 0
L -758.5741, 1109.6056, -183.5400,  -758.5740, 1098.0684, -183.5383,  0, 0, 0
L -758.5740, 1098.0684, -183.5383,  -772.1422, 1098.0701, -183.5444,  0, 0, 0
L -772.1422, 1098.0701, -183.5444,  -772.1423, 1106.5453, -183.5428,  0, 0, 0
L -772.1423, 1106.5453, -183.5399,  -822.0137, 1106.5476, -183.5399,  0, 0, 0
L -822.0137, 1106.5476, -183.5400,  -821.9940, 1098.0685, -183.5408,  0, 0, 0
L -821.9940, 1098.0685, -183.5408,  -842.7115, 1098.0680, -183.5397,  0, 0, 0
L -842.7115, 1098.0680, -183.5397,  -842.7112, 1178.6514, -183.5381,  0, 0, 0
L -842.7112, 1178.6514, -183.5381,  -800.7109, 1178.6508, -183.5401,  0, 0, 0
L -800.7109, 1178.6508, -183.5401,  -800.7104, 1202.6511, -183.5381,  0, 0, 0
L -800.7104, 1202.6511, -183.5381,  -776.7114, 1202.6498, -184.6555,  0, 0, 0
L -776.7114, 1202.6498, -185.5401,  -776.7122, 1224.1332, -185.5385,  0, 0, 0
L -776.7122, 1224.1332, -185.5385,  -744.8901, 1224.1282, -189.1728,  0, 0, 0
L -744.8901, 1224.1282, -189.1728,  -617.7665, 1254.2454, -189.1728,  0, 0, 0
L -617.7665, 1254.2454, -189.1728,  -553.8510, 1254.5071, -191.2105,  0, 0, 0
L -553.8510, 1254.5071, -196.8888,  -551.0826, 1246.1714, -197.6255,  127, 64, 0
L -551.0826, 1246.1714, -197.6255,  -546.7233, 1236.8794, -198.7797,  127, 64, 0
L -546.7233, 1236.8794, -198.7797,  -538.8793, 1232.5355, -200.9433,  127, 64, 0
L -538.8793, 1232.5355, -200.9433,  -523.4791, 1233.0381, -204.1234,  127, 64, 0
L -523.4791, 1233.0381, -204.1234,  -516.3770, 1238.8837, -201.2456,  127, 64, 0
L -516.3770, 1238.8837, -201.2456,  -509.4584, 1248.0818, -201.3705,  127, 64, 0
L -509.4584, 1248.0818, -201.3705,  -512.5281, 1262.3739, -199.9989,  127, 64, 0
L -512.5281, 1262.3739, -199.9989,  -515.7584, 1282.0031, -199.8629,  127, 64, 0
L -515.7584, 1282.0031, -199.8629,  -517.3418, 1291.2189, -199.6319,  127, 64, 0
L -517.3418, 1291.2189, -199.6319,  -533.8235, 1304.2222, -199.1750,  127, 64, 0
L -533.8235, 1304.2222, -199.1750,  -547.9078, 1316.9093, -200.0907,  127, 64, 0
L -547.9078, 1316.9093, -200.0907,  -564.8218, 1330.0525, -197.6051,  127, 64, 0
L -564.8218, 1330.0525, -197.6051,  -582.2571, 1330.6587, -200.4764,  127, 64, 0
L -582.2571, 1330.6587, -200.4764,  -612.1551, 1331.1405, -205.8473,  127, 64, 0
L -612.1551, 1331.1405, -205.8473,  -632.0694, 1336.0211, -214.7464,  127, 64, 0
L -632.0694, 1336.0211, -214.7464,  -651.0004, 1332.7405, -223.4264,  127, 64, 0
L -651.0004, 1332.7405, -223.4264,  -669.8300, 1330.3146, -233.3790,  127, 64, 0
L -669.8300, 1330.3146, -233.3790,  -688.7676, 1331.4905, -246.5569,  127, 64, 0
L -688.7676, 1331.4905, -246.5569,  -711.7172, 1335.2853, -261.8910,  127, 64, 0
L -711.7172, 1335.2853, -261.8910,  -726.4725, 1332.1041, -268.8672,  127, 64, 0
L -726.4725, 1332.1041, -268.8672,  -755.2908, 1329.9408, -292.1263,  127, 64, 0
L -755.2908, 1329.9408, -292.1263,  -773.0616, 1332.1134, -306.1173,  127, 64, 0
L -773.0616, 1332.1134, -306.1173,  -789.8682, 1335.1602, -316.6726,  127, 64, 0
L -789.8682, 1335.1602, -316.6726,  -806.0215, 1332.5325, -322.7272,  127, 64, 0
L -806.0215, 1332.5325, -322.7272,  -831.9147, 1330.5580, -339.0762,  127, 64, 0
L -831.9147, 1330.5580, -339.0762,  -857.7518, 1331.3224, -346.7276,  127, 64, 0
L -857.7518, 1331.3224, -346.7276,  -869.4265, 1334.6260, -350.7089,  127, 64, 0
L -869.4265, 1334.6260, -350.7089,  -877.8028, 1335.1908, -351.7496,  127, 64, 0
L -877.8028, 1335.1908, -351.7496,  -900.9993, 1330.6925, -353.4246,  127, 64, 0
L -900.9993, 1330.6925, -353.4246,  -912.4363, 1329.3418, -352.5647,  127, 64, 0
L -912.4363, 1329.3418, -352.5647,  -928.4500, 1329.2229, -352.0863,  127, 64, 0
L -928.4500, 1329.2229, -352.0863,  -947.8339, 1331.8495, -354.3094,  127, 64, 0
L -947.8339, 1331.8495, -354.3094,  -961.6328, 1323.9053, -354.9299,  127, 64, 0
L -961.6328, 1323.9053, -354.9299,  -980.7026, 1312.8540, -354.9589,  127, 64, 0
L -980.7026, 1312.8540, -354.9589,  -1001.0588, 1304.4658, -356.7599,  127, 64, 0
L -1001.0588, 1304.4658, -356.7599,  -1008.4268, 1302.1980, -358.1174,  127, 64, 0
L -1008.4268, 1302.1980, -358.1174,  -1012.6385, 1297.6212, -359.7147,  127, 64, 0
L -1012.6385, 1297.6212, -359.7147,  -1016.9973, 1284.2394, -361.3020,  127, 64, 0
L -1016.9973, 1284.2394, -361.3020,  -1029.2257, 1264.7333, -372.0309,  127, 64, 0
L -1029.2257, 1264.7333, -372.0309,  -1042.6782, 1244.5885, -384.9045,  127, 64, 0
L -1042.6782, 1244.5885, -384.9045,  -1042.3617, 1214.2256, -403.8698,  0, 0, 0
L -1042.3617, 1214.2256, -403.8698,  -1043.8534, 1198.1173, -415.0290,  0, 0, 0
L -1043.8534, 1198.1173, -415.0290,  -1046.7423, 1179.8402, -426.4070,  0, 0, 0
L -1046.7423, 1179.8402, -426.4070,  -1038.0192, 1160.3258, -433.8206,  0, 0, 0
L -1038.0192, 1160.3258, -433.8206,  -1030.6309, 1145.9094, -438.1427,  0, 0, 0
L -1030.6309, 1145.9094, -438.1427,  -1019.0132, 1116.7820, -449.0739,  0, 0, 0
L -1019.0132, 1116.7820, -449.0739,  -1004.5917, 1108.2891, -454.6032,  0, 0, 0
L -1004.5917, 1108.2891, -454.6032,  -975.3552, 1086.0382, -467.2036,  0, 0, 0
L -975.3552, 1086.0382, -467.2036,  -963.9044, 1074.9961, -470.6787,  0, 0, 0
L -963.9044, 1074.9961, -470.6787,  -949.3160, 1074.2599, -471.6401,  0, 0, 0
L -949.3160, 1074.2599, -471.6401,  -933.6686, 1071.6852, -472.5797,  0, 0, 0
L -933.6686, 1071.6852, -472.5797,  -921.9373, 1071.4878, -472.1260,  0, 0, 0
L -921.9373, 1071.4878, -472.1260,  -915.0657, 1074.2223, -468.7474,  0, 0, 0
L -915.0657, 1074.2223, -468.7474,  -906.0302, 1080.3219, -472.5250,  0, 0, 0
L -906.0302, 1080.3219, -472.5250,  -899.3290, 1090.9419, -479.7561,  0, 0, 0
L -899.3290, 1090.9419, -479.7561,  -901.4557, 1096.3405, -479.7561,  0, 0, 0
L -901.4557, 1096.3405, -479.7561,  -905.8121, 1103.6879, -479.7556,  0, 0, 0
L -905.8121, 1103.6879, -479.7556,  -913.1612, 1107.4755, -479.7578,  0, 0, 0
L -913.1612, 1107.4755, -479.7578,  -913.6078, 1134.3743, -479.7560,  127, 64, 0
L -913.6078, 1134.3743, -476.1732,  -915.5073, 1157.2948, -475.1208,  127, 64, 0
L -915.5073, 1157.2948, -475.1208,  -908.8610, 1157.2909, -475.1174,  127, 64, 0
L -908.8610, 1157.2909, -474.1732,  -908.8605, 1212.4269, -474.1732,  127, 64, 0
L -908.8605, 1212.4269, -474.1903,  -917.3400, 1212.4352, -474.1830,  127, 64, 0
L -917.3400, 1212.4352, -474.1830,  -917.3398, 1222.7747, -474.1732,  127, 64, 0
L -917.3398, 1222.7747, -474.1732,  -896.2358, 1222.7753, -474.1732,  127, 64, 0
L -896.2358, 1222.7753, -474.1732,  -896.2372, 1246.7743, -474.1732,  127, 64, 0
L -896.2372, 1246.7743, -474.1732,  -872.2367, 1246.7748, -474.1732,  127, 64, 0
L -872.2367, 1246.7748, -474.1733,  -872.2369, 1287.8446, -474.1713,  127, 64, 0
L -872.2369, 1287.8446, -474.1713,  -715.2261, 1287.8439, -474.1137,  127, 64, 0
L -715.2261, 1287.8439, -474.1137,  -715.2439, 1280.5255, -474.1733,  127, 64, 0
L -715.2439, 1280.5255, -474.1733,  -696.3594, 1280.5281, -474.1733,  127, 64, 0
L -696.3574, 1272.6255, -474.1734,  -696.3594, 1280.5281, -474.1732,  127, 64, 0
L -696.3574, 1272.6255, -474.1732,  -672.7465, 1272.6139, -474.1715,  127, 64, 0
L -672.7465, 1272.6139, -474.1715,  -672.7462, 1248.6133, -474.1734,  127, 64, 0
L -672.7462, 1248.6133, -474.1733,  -623.7531, 1248.6139, -474.1733,  127, 64, 0
L -623.7531, 1248.6139, -474.1731,  -623.7544, 1272.6139, -474.1714,  127, 64, 0
L -623.7544, 1272.6139, -474.1714,  -599.7535, 1272.6145, -474.1734,  127, 64, 0
L -599.7535, 1272.6145, -474.1733,  -599.7549, 1288.1648, -474.1732,  127, 64, 0
L -599.7549, 1288.1648, -474.1732,  -532.9957, 1288.1631, -479.7578,  127, 64, 0
L -532.9957, 1288.1631, -479.7578,  -530.5275, 1281.1714, -479.7543,  0, 127, 0
L -530.5275, 1281.1714, -479.7543,  -524.8979, 1270.9231, -479.7552,  0, 127, 0
L -524.8979, 1270.9231, -479.7552,  -515.8073, 1266.9530, -479.7505,  0, 127, 0
L -515.8073, 1266.9530, -479.7505,  -503.6909, 1268.0663, -478.9144,  0, 127, 0
L -503.6909, 1268.0663, -478.9144,  -496.7876, 1275.5775, -473.7793,  0, 127, 0
L -496.7876, 1275.5775, -473.7793,  -492.5896, 1284.0569, -472.8022,  0, 127, 0
L -492.5896, 1284.0569, -472.8022,  -494.8296, 1294.8771, -471.7321,  0, 127, 0
L -494.8296, 1294.8771, -471.7321,  -502.5072, 1324.7224, -466.4618,  0, 127, 0
L -502.5072, 1324.7224, -466.4618,  -516.5926, 1337.8784, -469.8991,  0, 127, 0
L -516.5926, 1337.8784, -469.8991,  -537.5850, 1352.9292, -466.0507,  0, 127, 0
L -537.5850, 1352.9292, -466.0507,  -550.4933, 1365.9098, -469.6292,  0, 127, 0
L -550.4933, 1365.9098, -469.6292,  -565.2385, 1367.7289, -471.2205,  0, 127, 0
L -565.2385, 1367.7289, -471.2205,  -582.9477, 1370.0370, -472.0036,  0, 127, 0
L -582.9477, 1370.0370, -472.0036,  -597.4034, 1375.5205, -477.1097,  0, 127, 0
L -597.4034, 1375.5205, -477.1097,  -618.5236, 1386.6869, -485.3311,  0, 127, 0
L -618.5236, 1386.6869, -485.3311,  -656.2183, 1394.1428, -505.8677,  0, 127, 0
L -656.2183, 1394.1428, -505.8677,  -681.0492, 1404.8075, -522.6136,  0, 127, 0
L -681.0492, 1404.8075, -522.6136,  -696.8293, 1413.2177, -533.1743,  0, 127, 0
L -696.8293, 1413.2177, -533.1743,  -724.4075, 1416.2217, -552.4996,  0, 127, 0
L -724.4075, 1416.2217, -552.4996,  -745.2792, 1419.7550, -565.2444,  0, 127, 0
L -745.2792, 1419.7550, -565.2444,  -764.3364, 1425.1979, -572.3650,  0, 127, 0
L -764.3364, 1425.1979, -572.3650,  -779.9658, 1431.2273, -575.1266,  0, 127, 0
L -779.9658, 1431.2273, -575.1266,  -797.8553, 1425.7916, -574.1428,  0, 127, 0
L -797.8553, 1425.7916, -574.1428,  -809.2602, 1415.6355, -577.7471,  0, 127, 0
L -809.2602, 1415.6355, -577.7471,  -814.2473, 1405.3936, -584.6169,  0, 127, 0
L -814.2473, 1405.3936, -584.6169,  -809.1793, 1394.5364, -582.9529,  0, 127, 0
L -809.1793, 1394.5364, -582.9529,  -805.6404, 1389.6272, -579.5735,  0, 127, 0
L -805.6404, 1389.6272, -579.5735,  -822.2953, 1364.8092, -576.3887,  0, 127, 0
L -822.2953, 1364.8092, -576.3887,  -845.0533, 1345.3119, -578.0283,  0, 127, 0
L -845.0533, 1345.3119, -578.0283,  -865.7028, 1333.4894, -576.8481,  0, 127, 0
L -865.7028, 1333.4894, -576.8481,  -882.7350, 1327.1731, -575.6631,  0, 127, 0
L -882.7350, 1327.1731, -575.6631,  -907.9844, 1321.6687, -573.1302,  0, 127, 0
L -907.9844, 1321.6687, -573.1302,  -931.1985, 1321.5780, -572.9995,  0, 127, 0
L -931.1985, 1321.5780, -572.9995,  -949.3838, 1325.3098, -576.7686,  0, 127, 0
L -949.3838, 1325.3098, -576.7686,  -966.9879, 1330.9148, -577.5822,  0, 127, 0
L -966.9879, 1330.9148, -577.5822,  -989.8683, 1341.6172, -575.3394,  0, 127, 0
L -989.8683, 1341.6172, -575.3394,  -1010.5889, 1355.0188, -568.8356,  0, 127, 0
L -1010.5889, 1355.0188, -568.8356,  -1018.3517, 1360.9547, -565.1505,  0, 127, 0
L -1018.3517, 1360.9547, -565.1505,  -1025.4429, 1371.8914, -569.7755,  0, 127, 0
L -1025.4429, 1371.8914, -569.7755,  -1034.5647, 1388.0371, -574.6214,  0, 127, 0
L -1034.5647, 1388.0371, -574.6214,  -1039.5259, 1398.7814, -577.0376,  0, 127, 0
L -1039.5259, 1398.7814, -577.0376,  -1045.1377, 1405.0164, -575.5464,  0, 127, 0
L -1045.1377, 1405.0164, -575.5464,  -1062.6449, 1415.7288, -571.8519,  0, 127, 0
L -1062.6449, 1415.7288, -571.8519,  -1101.3196, 1421.1597, -567.4655,  0, 127, 0
L -1101.3196, 1421.1597, -567.4655,  -1139.8069, 1415.0609, -567.6756,  0, 127, 0
L -1139.8069, 1415.0609, -567.6756,  -1158.3235, 1404.7228, -573.8464,  0, 127, 0
L -1158.3235, 1404.7228, -573.8464,  -1166.5734, 1394.1403, -576.4189,  0, 127, 0
L -1166.5734, 1394.1403, -576.4189,  -1175.0775, 1377.8069, -574.0115,  0, 127, 0
L -1175.0775, 1377.8069, -574.0115,  -1190.6375, 1360.7350, -577.8859,  0, 127, 0
L -1190.6375, 1360.7350, -577.8859,  -1211.6273, 1343.3633, -576.8773,  0, 127, 0
L -1211.6273, 1343.3633, -576.8773,  -1231.6741, 1332.8521, -577.4186,  0, 127, 0
L -1231.6741, 1332.8521, -577.4186,  -1259.8977, 1323.6488, -575.6909,  0, 127, 0
L -1259.8977, 1323.6488, -575.6909,  -1276.6052, 1321.7322, -574.7535,  0, 127, 0
L -1276.6052, 1321.7322, -574.7535,  -1304.6913, 1324.1791, -578.5981,  0, 127, 0
L -1304.6913, 1324.1791, -578.5981,  -1319.9723, 1327.0465, -576.3271,  0, 127, 0
L -1319.9723, 1327.0465, -576.3271,  -1340.3965, 1334.8567, -577.3361,  0, 127, 0
L -1340.3965, 1334.8567, -577.3361,  -1358.4347, 1343.8225, -575.0127,  0, 127, 0
L -1358.4347, 1343.8225, -575.0127,  -1377.0153, 1359.3988, -575.7905,  0, 127, 0
L -1377.0153, 1359.3988, -575.7905,  -1394.2357, 1381.1155, -577.7950,  0, 127, 0
L -1394.2357, 1381.1155, -577.7950,  -1407.4944, 1407.1384, -577.1721,  0, 127, 0
L -1407.4944, 1407.1384, -577.1721,  -1414.1243, 1427.8042, -575.9857,  0, 127, 0
L -1414.1243, 1427.8042, -575.9857,  -1416.8174, 1445.9860, -573.2576,  0, 127, 0
L -1416.8174, 1445.9860, -573.2576,  -1416.6676, 1465.0603, -572.7748,  0, 127, 0
L -1416.6676, 1465.0603, -572.7748,  -1412.0038, 1486.1620, -577.0516,  0, 127, 0
L -1412.0038, 1486.1620, -577.0516,  -1405.7346, 1504.8446, -578.7125,  0, 127, 0
L -1405.7346, 1504.8446, -578.7125,  -1402.0134, 1513.5352, -575.9144,  0, 127, 0
L -1402.0134, 1513.5352, -575.9144,  -1392.3235, 1529.8098, -576.9952,  0, 127, 0
L -1392.3235, 1529.8098, -576.9952,  -1377.9689, 1547.7090, -576.1370,  0, 127, 0
L -1377.9689, 1547.7090, -576.1370,  -1355.1503, 1564.9043, -578.5273,  0, 127, 0
L -1355.1503, 1564.9043, -578.5273,  -1338.7660, 1574.4418, -576.1669,  0, 127, 0
L -1338.7660, 1574.4418, -576.1669,  -1322.0803, 1580.8369, -574.8346,  0, 127, 0
L -1322.0803, 1580.8369, -574.8346,  -1303.2764, 1585.3029, -574.3472,  0, 127, 0
L -1303.2764, 1585.3029, -574.3472,  -1281.3617, 1585.8865, -577.7813,  0, 127, 0
L -1281.3617, 1585.8865, -577.7813,  -1257.1923, 1583.0276, -578.5712,  0, 127, 0
L -1257.1923, 1583.0276, -578.5712,  -1232.4274, 1576.5216, -574.8072,  0, 127, 0
L -1232.4274, 1576.5216, -574.8072,  -1209.6183, 1563.5913, -576.2028,  0, 127, 0
L -1209.6183, 1563.5913, -576.2028,  -1195.3737, 1549.7953, -581.5323,  0, 127, 0
L -1195.3737, 1549.7953, -581.5323,  -1185.3208, 1541.6276, -576.3188,  0, 127, 0
L -1185.3208, 1541.6276, -576.3188,  -1172.7117, 1526.0847, -575.3101,  0, 127, 0
L -1172.7117, 1526.0847, -575.3101,  -1162.3560, 1506.2262, -575.9554,  0, 127, 0
L -1162.3560, 1506.2262, -575.9554,  -1143.4462, 1493.0735, -569.9758,  0, 127, 0
L -1143.4462, 1493.0735, -569.9758,  -1101.8971, 1482.6671, -576.8107,  0, 127, 0
L -1101.8971, 1482.6671, -576.8107,  -1060.1343, 1491.6287, -575.5629,  0, 127, 0
L -1060.1343, 1491.6287, -575.5629,  -1047.0094, 1503.6089, -567.1356,  0, 127, 0
L -1047.0094, 1503.6089, -567.1356,  -1033.4070, 1525.2681, -569.3029,  0, 127, 0
L -1033.4070, 1525.2681, -569.3029,  -1016.0728, 1545.8916, -573.3843,  0, 127, 0
L -1016.0728, 1545.8916, -573.3843,  -1000.0470, 1561.0310, -570.5040,  0, 127, 0
L -1000.0470, 1561.0310, -570.5040,  -975.6008, 1574.8472, -573.0566,  0, 127, 0
L -975.6008, 1574.8472, -573.0566,  -960.4344, 1580.6033, -572.8832,  0, 127, 0
L -960.4344, 1580.6033, -572.8832,  -936.7648, 1586.4213, -571.3321,  0, 127, 0
L -936.7648, 1586.4213, -571.3321,  -917.0526, 1586.8895, -574.4955,  0, 127, 0
L -917.0526, 1586.8895, -574.4955,  -895.4589, 1584.3362, -575.8047,  0, 127, 0
L -895.4589, 1584.3362, -575.8047,  -878.7668, 1579.8784, -574.9023,  0, 127, 0
L -878.7668, 1579.8784, -574.9023,  -864.2286, 1574.4700, -574.8464,  0, 127, 0
L -864.2286, 1574.4700, -574.8464,  -842.9584, 1562.7345, -573.7674,  0, 127, 0
L -842.9584, 1562.7345, -573.7674,  -825.2881, 1547.0924, -576.0448,  0, 127, 0
L -825.2881, 1547.0924, -576.0448,  -813.6280, 1533.3672, -574.9966,  0, 127, 0
L -813.6280, 1533.3672, -574.9966,  -805.4874, 1518.4679, -579.0566,  0, 127, 0
L -805.4874, 1518.4679, -579.0566,  -807.9206, 1515.2677, -582.5442,  0, 127, 0
L -807.9206, 1515.2677, -582.5442,  -811.1237, 1509.6505, -583.6520,  0, 127, 0
L -811.1237, 1509.6505, -583.6520,  -812.6118, 1504.2230, -584.4373,  0, 127, 0
L -812.6118, 1504.2230, -584.4373,  -810.9949, 1490.9735, -582.4098,  0, 127, 0
L -810.9949, 1490.9735, -582.4098,  -804.5950, 1483.8445, -578.5840,  0, 127, 0
L -804.5950, 1483.8445, -578.5840,  -796.9344, 1479.2791, -576.4347,  0, 127, 0
L -796.9344, 1479.2791, -576.4347,  -780.2959, 1476.0343, -575.7739,  0, 127, 0
L -780.2959, 1476.0343, -575.7739,  -762.6400, 1480.6720, -573.2778,  0, 127, 0
L -762.6400, 1480.6720, -573.2778,  -749.4311, 1481.0934, -569.1812,  0, 127, 0
L -749.4311, 1481.0934, -569.1812,  -731.5356, 1477.7311, -560.5187,  0, 127, 0
L -731.5356, 1477.7311, -560.5187,  -712.7285, 1472.8845, -542.8047,  0, 127, 0
L -712.7285, 1472.8845, -542.8047,  -701.5281, 1467.1677, -534.5583,  0, 127, 0
L -701.5281, 1467.1677, -534.5583,  -673.6965, 1460.7504, -519.1223,  0, 127, 0
L -673.6965, 1460.7504, -519.1223,  -658.2405, 1455.6216, -509.7656,  0, 127, 0
L -658.2405, 1455.6216, -509.7656,  -636.0916, 1445.8384, -496.6039,  0, 127, 0
L -636.0916, 1445.8384, -496.6039,  -619.8987, 1436.0972, -488.8865,  0, 127, 0
L -619.8987, 1436.0972, -488.8865,  -597.3160, 1432.9097, -479.9090,  0, 127, 0
L -597.3160, 1432.9097, -479.9090,  -573.3922, 1427.5397, -474.4692,  0, 127, 0
L -573.3922, 1427.5397, -474.4692,  -549.2438, 1419.9850, -471.6464,  0, 127, 0
L -549.2438, 1419.9850, -471.6464,  -529.0878, 1410.0873, -471.4193,  0, 127, 0
L -529.0878, 1410.0873, -471.4193,  -508.0210, 1405.9507, -469.6187,  0, 127, 0
L -508.0210, 1405.9507, -469.6187,  -486.2981, 1392.5396, -470.5443,  0, 127, 0
L -486.2981, 1392.5396, -470.5443,  -472.5627, 1378.4397, -469.3984,  0, 127, 0
L -472.5627, 1378.4397, -469.3984,  -460.0654, 1352.3539, -471.4548,  0, 127, 0
L -460.0654, 1352.3539, -471.4548,  -444.6694, 1331.1455, -470.5257,  0, 127, 0
L -444.6694, 1331.1455, -470.5257,  -435.8327, 1304.7523, -470.8056,  0, 127, 0
L -435.8327, 1304.7523, -470.8056,  -434.4340, 1285.0590, -471.0509,  0, 127, 0
L -434.4340, 1285.0590, -471.0509,  -420.9399, 1268.3120, -471.9724,  0, 127, 0
L -420.9399, 1268.3120, -471.9724,  -410.0031, 1266.9528, -478.9837,  0, 127, 0
L -410.0031, 1266.9528, -478.9837,  -401.3053, 1273.3866, -479.0468,  0, 127, 0
L -401.3053, 1273.3866, -479.0468,  -395.9034, 1285.8217, -479.3956,  0, 127, 0
L -395.9034, 1285.8217, -479.3956,  -367.7740, 1282.2051, -479.2576,  127, 64, 0
L -367.7740, 1282.2051, -479.2576,  -328.8906, 1279.1697, -479.4711,  127, 64, 0
L -328.8906, 1279.1697, -479.4711,  -290.4209, 1282.2404, -479.5251,  127, 64, 0
L -290.4209, 1282.2404, -479.5251,  -250.3091, 1287.1426, -479.6510,  127, 64, 0
L -250.3091, 1287.1426, -479.6510,  -208.4547, 1284.8915, -479.7556,  127, 64, 0
L -208.4547, 1284.8915, -479.7556,  -170.8273, 1268.0302, -479.7560,  127, 64, 0
L -170.8273, 1268.0302, -479.7560,  -129.3583, 1255.1271, -479.5664,  127, 64, 0
L -129.3583, 1255.1271, -479.5664,  -105.5386, 1261.9375, -479.4264,  127, 64, 0
L -105.5386, 1261.9375, -479.4264,  -85.3314, 1268.7338, -479.3675,  127, 64, 0
L -85.3314, 1268.7338, -479.3675,  -49.2532, 1284.6392, -479.4147,  127, 64, 0
L -49.2532, 1284.6392, -479.4147,  -11.5675, 1288.0155, -479.4510,  127, 64, 0
L -11.5675, 1288.0155, -479.4510,  122.7042, 1287.8141, -474.9008,  127, 64, 0
L 122.7042, 1287.8141, -474.9008,  144.8404, 1287.8141, -474.8984,  127, 64, 0
L 144.8404, 1287.8141, -474.8984,  144.8404, 1254.8721, -474.9004,  127, 64, 0
L 144.8404, 1254.8721, -474.9004,  168.8409, 1254.8712, -474.8985,  127, 64, 0
L 168.8409, 1254.8712, -474.8985,  168.8415, 1230.8722, -474.9004,  127, 64, 0
L 168.8415, 1230.8722, -474.9004,  210.4677, 1230.8716, -474.8985,  127, 64, 0
L 210.4677, 1230.8716, -474.8985,  210.4677, 1127.1836, -474.9004,  127, 64, 0
L 210.4677, 1127.1836, -474.9005,  216.2310, 1127.1829, -474.8986,  127, 64, 0
L 216.2310, 1127.1829, -474.8986,  216.2302, 1032.1753, -474.8985,  127, 64, 0
L 216.2302, 1032.1753, -474.8985,  210.4678, 1032.1749, -474.9004,  127, 64, 0
L 210.4678, 1032.1749, -474.9004,  210.4676, 927.4617, -474.9003,  127, 64, 0
L 210.4676, 927.4617, -474.9003,  216.2310, 927.4628, -474.8988,  127, 64, 0
L 216.2310, 927.4628, -474.8988,  216.2305, 838.4551, -474.5232,  127, 64, 0
L 216.2305, 838.4551, -474.5232,  208.3185, 838.4557, -474.9004,  127, 64, 0
L 208.3185, 838.4557, -474.9004,  208.3190, 814.4556, -474.9004,  127, 64, 0
L 208.3190, 814.4556, -474.9004,  184.3183, 814.4565, -474.9004,  127, 64, 0
L 184.3183, 814.4565, -474.9004,  184.3184, 765.4623, -474.9005,  127, 64, 0
L 184.3184, 765.4623, -474.9005,  208.3186, 765.4636, -474.9005,  127, 64, 0
L 208.3186, 765.4636, -474.9005,  208.3171, 741.4634, -474.9005,  127, 64, 0
L 208.3171, 741.4634, -474.9005,  216.2310, 741.4633, -474.5225,  127, 64, 0
L 216.2310, 741.4633, -474.5225,  216.2311, 652.4557, -474.9004,  127, 64, 0
L 216.2311, 652.4557, -474.9004,  210.4668, 652.4550, -474.9004,  127, 64, 0
L 210.4668, 652.4550, -474.9004,  210.4671, 547.7426, -474.9001,  127, 64, 0
L 210.4671, 547.7426, -474.9001,  216.2313, 547.7429, -474.9001,  127, 64, 0
L 216.2313, 547.7429, -474.9001,  216.2311, 452.7354, -474.9261,  127, 64, 0
L 216.2311, 452.7354, -474.9261,  210.4685, 452.7349, -474.9233,  127, 64, 0
L 210.4685, 452.7349, -474.9248,  210.4690, 349.0227, -474.9470,  127, 64, 0
L 210.4690, 349.0227, -474.9470,  168.9870, 349.0242, -474.2500,  127, 64, 0
L 168.9870, 349.0242, -474.1813,  168.9867, 325.0226, -474.1689,  127, 64, 0
L 168.9867, 325.0226, -474.1689,  144.9859, 325.0235, -474.3891,  127, 64, 0
L 144.9859, 325.0235, -474.6010,  144.9882, 306.2413, -474.2011,  127, 64, 0
L 144.9882, 306.2413, -474.2011,  104.3603, 308.2000, -475.5428,  127, 64, 0
L 104.3603, 308.2000, -475.5428,  65.6452, 306.0597, -473.4990,  127, 64, 0
L 65.6452, 306.0597, -473.4990,  -3.2521, 296.2223, -474.3479,  127, 64, 0
L -3.2521, 296.2223, -474.3479,  -11.0679, 295.1777, -474.4690,  127, 64, 0
L -11.0679, 295.1777, -474.4690,  -10.8840, 334.7319, -474.4694,  127, 64, 0
L -10.8840, 334.7319, -474.4694,  -3.6961, 364.4794, -474.1103,  127, 64, 0
L -3.6961, 364.4794, -474.1103,  -1.5860, 373.7687, -473.3203,  127, 64, 0
L -1.5860, 373.7687, -473.3203,  6.9358, 397.7372, -470.0948,  127, 64, 0
L 6.9358, 397.7372, -470.0948,  11.7024, 411.7831, -470.1988,  127, 64, 0
L 11.7024, 411.7831, -470.1988,  -1.2606, 450.0030, -468.2651,  127, 64, 0
L -1.2606, 450.0030, -468.2651,  -7.2978, 486.9250, -466.3045,  127, 64, 0
L -7.2978, 486.9250, -466.3045,  -23.2559, 490.6219, -466.5223,  127, 64, 0
L -23.2559, 490.6219, -466.5223,  -51.3880, 501.4335, -459.6299,  127, 64, 0
L -51.3880, 501.4335, -459.6299,  -88.3635, 499.2207, -450.2580,  127, 64, 0
L -88.3635, 499.2207, -450.2580,  -96.5313, 497.9750, -449.8138,  127, 64, 0
L -96.5313, 497.9750, -449.8138,  -100.8648, 421.0061, -450.8100,  127, 64, 0
L -100.8648, 421.0061, -450.8100,  -102.2775, 411.2211, -450.8045,  127, 64, 0
L -102.2775, 411.2211, -450.8045,  -102.8854, 372.7362, -450.3970,  127, 64, 0
L -102.8854, 372.7362, -450.3970,  -92.6816, 292.3663, -449.2409,  127, 64, 0
L -92.6816, 292.3663, -449.2409,  -147.0680, 292.3673, -445.9315,  127, 64, 0
L -147.0680, 292.3673, -445.9315,  -174.3441, 292.3670, -445.6017,  127, 64, 0
L -174.3441, 292.3670, -445.6017,  -290.4349, 292.3663, -450.6600,  127, 64, 0
L -290.4349, 292.3663, -450.6600,  -285.2142, 311.5889, -450.3980,  127, 64, 0
L -285.2142, 311.5889, -450.3980,  -279.5942, 346.6388, -449.4537,  127, 64, 0
L -279.5942, 346.6388, -449.4537,  -277.9419, 371.2071, -448.7491,  127, 64, 0
L -277.9419, 371.2071, -448.7491,  -280.6934, 387.1675, -448.2271,  127, 64, 0
L -280.6934, 387.1675, -448.2271,  -283.7634, 411.7323, -448.6027,  127, 64, 0
L -283.7634, 411.7323, -448.6027,  -288.0238, 430.6055, -449.4276,  127, 64, 0
L -288.0238, 430.6055, -449.4276,  -291.3083, 451.2857, -450.3698,  127, 64, 0
L -291.3083, 451.2857, -450.3698,  -293.2677, 492.0970, -450.7954,  127, 64, 0
L -293.2677, 492.0970, -450.7954,  -287.2881, 515.2787, -449.7116,  127, 64, 0
L -287.2881, 515.2787, -449.7116,  -284.1321, 531.2873, -449.8111,  127, 64, 0
L -284.1321, 531.2873, -449.8111,  -281.0645, 549.3594, -450.3566,  127, 64, 0
L -281.0645, 549.3594, -450.3566,  -276.9670, 571.8879, -449.6747,  127, 64, 0
L -276.9670, 571.8879, -449.6747,  -280.7097, 591.2758, -449.2942,  127, 64, 0
L -280.7097, 591.2758, -449.2942,  -283.8473, 611.6075, -448.8744,  127, 64, 0
L -283.8473, 611.6075, -448.8744,  -288.6830, 629.4720, -449.0756,  127, 64, 0
L -288.6830, 629.4720, -449.0756,  -293.2236, 652.4119, -449.5279,  127, 64, 0
L -293.2236, 652.4119, -449.5279,  -287.6728, 672.5008, -449.6444,  127, 64, 0
L -287.6728, 672.5008, -449.6444,  -283.6379, 692.5956, -450.0345,  127, 64, 0
L -283.6379, 692.5956, -450.0345,  -281.1156, 707.1277, -448.3545,  127, 64, 0
L -281.1156, 707.1277, -448.3545,  -277.7792, 732.1478, -447.4203,  127, 64, 0
L -277.7792, 732.1478, -447.4203,  -281.4139, 751.7023, -447.5309,  127, 64, 0
L -281.4139, 751.7023, -447.5309,  -283.2216, 772.4354, -448.1719,  127, 64, 0
L -283.2216, 772.4354, -448.1719,  -289.0626, 790.2596, -450.8453,  127, 64, 0
L -289.0626, 790.2596, -450.8453,  -293.0378, 810.3586, -450.8514,  127, 64, 0
L -293.0378, 810.3586, -450.8514,  -272.2485, 804.6929, -450.5926,  127, 64, 0
L -272.2485, 804.6929, -450.5926,  -237.6157, 797.0103, -450.0605,  127, 64, 0
L -237.6157, 797.0103, -450.0605,  -216.7883, 793.1973, -447.6826,  127, 64, 0
L -216.7883, 793.1973, -447.6826,  -201.1787, 793.9861, -447.4788,  127, 64, 0
L -201.1787, 793.9861, -447.4788,  -168.9621, 798.7252, -445.4616,  127, 64, 0
L -168.9621, 798.7252, -445.4616,  -141.9890, 803.3214, -442.3007,  127, 64, 0
L -141.9890, 803.3214, -442.3007,  -130.7885, 803.9747, -446.6610,  127, 64, 0
L -130.7885, 803.9747, -446.6610,  -112.6480, 807.9665, -447.7489,  127, 64, 0
L -112.6480, 807.9665, -447.7489,  -92.0736, 811.5237, -449.0014,  127, 64, 0
L -92.0736, 811.5237, -449.0014,  -92.4938, 793.5198, -449.4132,  127, 64, 0
L -92.4938, 793.5198, -449.4132,  -92.7996, 776.6492, -449.8010,  127, 64, 0
L -92.7996, 776.6492, -449.8010,  -101.7916, 731.6944, -450.3580,  127, 64, 0
L -101.7916, 731.6944, -450.3580,  -107.5126, 691.7231, -450.8566,  127, 64, 0
L -107.5126, 691.7231, -450.8566,  -106.3574, 675.4590, -450.8565,  127, 64, 0
L -106.3574, 675.4590, -450.8565,  -103.2996, 653.4004, -448.8103,  127, 64, 0
L -103.2996, 653.4004, -448.8103,  -103.6897, 625.3489, -450.2406,  127, 64, 0
L -103.6897, 625.3489, -450.2406,  -102.5614, 603.8014, -450.0292,  127, 64, 0
L -102.5614, 603.8014, -450.0292,  -89.0071, 600.6185, -450.3690,  127, 64, 0
L -89.0071, 600.6185, -450.3690,  -66.5066, 594.4800, -455.5410,  127, 64, 0
L -66.5066, 594.4800, -455.5410,  -54.2708, 590.3489, -458.3836,  127, 64, 0
L -54.2708, 590.3489, -458.3836,  -4.3390, 598.5305, -467.7503,  127, 64, 0
L -4.3390, 598.5305, -467.7503,  -4.9972, 624.9561, -469.3017,  127, 64, 0
L -4.9972, 624.9561, -469.3017,  -3.9954, 650.4903, -469.3722,  127, 64, 0
L -3.9954, 650.4903, -469.3722,  0.5818, 680.1498, -469.6815,  127, 64, 0
L 0.5818, 680.1498, -469.6815,  2.7894, 695.4894, -469.6725,  127, 64, 0
L 2.7894, 695.4894, -469.6725,  -1.1999, 713.1020, -469.4317,  127, 64, 0
L -1.1999, 713.1020, -469.4317,  -5.6866, 734.0726, -469.1610,  127, 64, 0
L -5.6866, 734.0726, -469.1610,  -4.9687, 773.4296, -469.2687,  127, 64, 0
L -4.9687, 773.4296, -469.2687,  4.2642, 813.4203, -469.8908,  127, 64, 0
L 4.2642, 813.4203, -469.8908,  -5.0996, 854.0624, -469.6826,  127, 64, 0
L -5.0996, 854.0624, -469.6826,  -6.0195, 870.1805, -470.6128,  127, 64, 0
L -6.0195, 870.1805, -470.6128,  -10.8918, 894.4031, -471.7883,  127, 64, 0
L -10.8918, 894.4031, -471.7883,  -7.3854, 919.3268, -472.4075,  127, 64, 0
L -7.3854, 919.3268, -472.4075,  -5.1697, 934.7732, -474.8184,  127, 64, 0
L -5.1697, 934.7732, -474.8184,  -1.3732, 951.1884, -477.8406,  127, 64, 0
L -1.3732, 951.1884, -477.8406,  3.9920, 974.3774, -477.5325,  127, 64, 0
L 3.9920, 974.3774, -475.8009,  -48.7539, 1014.6165, -477.9112,  127, 64, 0
L -48.7539, 1014.6165, -478.2321,  -129.5641, 1086.6831, -478.4296,  127, 64, 0
L -129.5641, 1086.6831, -478.4296,  -165.5126, 1091.5115, -477.2587,  127, 64, 0
L -165.5126, 1091.5115, -477.2587,  -199.6156, 1098.2242, -473.8059,  127, 64, 0
L -199.6156, 1098.2242, -473.8059,  -214.3889, 1101.2012, -472.4342,  127, 64, 0
L -214.3889, 1101.2012, -472.4342,  -239.1227, 1100.7172, -470.3613,  127, 64, 0
L -239.1227, 1100.7172, -470.3613,  -262.2082, 1101.1122, -465.3945,  127, 64, 0
L -262.2082, 1101.1122, -465.3945,  -272.1938, 1102.6881, -463.1740,  127, 64, 0
L -272.1938, 1102.6881, -463.1740,  -297.0149, 1106.8712, -457.6506,  127, 64, 0
L -297.0149, 1106.8712, -457.6506,  -306.0694, 1110.7744, -455.5989,  127, 64, 0
L -306.0694, 1110.7744, -455.5989,  -317.4069, 1107.5995, -452.6634,  127, 64, 0
L -317.4069, 1107.5995, -452.6634,  -334.0037, 1109.0059, -449.8572,  127, 64, 0
L -334.0037, 1109.0059, -449.8572,  -348.5977, 1110.2179, -449.8572,  127, 64, 0
L -348.5977, 1110.2179, -449.8572,  -349.2555, 1096.3898, -446.7028,  127, 64, 0
L -349.2555, 1096.3898, -446.7028,  -349.3202, 1074.8202, -445.8866,  127, 64, 0
L -349.3202, 1074.8202, -445.8866,  -348.8705, 1064.2079, -444.2885,  127, 64, 0
L -348.8705, 1064.2079, -444.2885,  -346.2976, 1016.0229, -444.4347,  127, 64, 0
L -346.2976, 1016.0229, -444.4347,  -346.1122, 1002.3351, -444.4358,  127, 64, 0
L -346.1122, 1002.3351, -444.4358,  -364.0765, 1002.3365, -444.1974,  127, 64, 0
L -364.0765, 1002.3365, -444.1713,  -364.0759, 978.3349, -444.1528,  127, 64, 0
L -364.0759, 978.3349, -444.1528,  -388.0760, 978.3362, -443.8119,  127, 64, 0
L -388.0760, 978.3362, -443.7791,  -388.0788, 929.3414, -443.7697,  127, 64, 0
L -388.0788, 929.3414, -443.7804,  -364.0757, 929.3422, -444.2009,  127, 64, 0
L -364.0757, 929.3422, -444.2009,  -364.0753, 905.3385, -443.8134,  127, 64, 0
L -364.0753, 905.3385, -443.9108,  -356.1649, 905.3416, -443.9095,  127, 64, 0
L -356.1649, 905.3416, -443.9095,  -356.1639, 816.3333, -444.3404,  127, 64, 0
L -356.1639, 816.3333, -444.3404,  -361.9272, 816.3447, -444.3062,  127, 64, 0
L -361.9272, 816.3447, -444.1357,  -361.9272, 711.6199, -444.1480,  127, 64, 0
L -361.9272, 711.6199, -444.2134,  -356.1641, 711.6217, -444.3516,  127, 64, 0
L -356.1641, 711.6217, -444.3516,  -356.1639, 616.6146, -444.3331,  127, 64, 0
L -356.1639, 616.6146, -444.3331,  -361.9284, 616.6155, -444.1973,  127, 64, 0
L -361.9284, 616.6155, -444.0860,  -361.9263, 512.9019, -444.0685,  127, 64, 0
L -361.9263, 512.9019, -444.0685,  -403.4098, 512.9025, -443.9700,  127, 64, 0
L -403.4098, 512.9025, -443.9685,  -403.4074, 509.5913, -443.9635,  127, 64, 0
L -403.4074, 509.5913, -443.9635,  -427.2509, 509.5654, -444.0521,  127, 64, 0
L -427.2509, 509.5654, -444.0521,  -427.2482, 502.2722, -444.0434,  127, 64, 0
L -427.2482, 502.2722, -444.0434,  -437.5889, 502.2722, -444.0844,  127, 64, 0
L -437.5889, 502.2722, -443.1352,  -437.5930, 443.4341, -418.1357,  127, 64, 0
L -437.5930, 443.4341, -418.1357,  -437.5959, 415.6075, -418.1358,  127, 64, 0
L -437.5959, 415.6075, -418.1358,  -437.5938, 364.5651, -393.1358,  127, 64, 0
L -437.5938, 364.5651, -393.1358,  -437.5933, 358.3848, -393.1358,  127, 64, 0
L -459.6063, 502.2747, -443.0671,  -459.6056, 444.7924, -418.0386,  127, 64, 0
L -459.6056, 444.7924, -418.0386,  -459.6051, 415.6062, -418.0387,  127, 64, 0
L -459.6051, 415.6062, -418.0387,  -459.6049, 363.4228, -393.0387,  127, 64, 0
L -459.6049, 363.4228, -393.0387,  -459.6091, 358.3836, -393.0387,  127, 64, 0
L -459.6063, 502.2747, -444.2457,  -581.6439, 502.2717, -444.2727,  127, 64, 0
L -581.6439, 502.2717, -444.2727,  -581.6430, 510.1802, -444.2744,  127, 64, 0
L -581.6430, 510.1802, -444.2744,  -605.6439, 510.1796, -444.2730,  127, 64, 0
L -605.6439, 510.1796, -444.2730,  -605.6384, 534.1793, -444.2743,  127, 64, 0
L -605.6384, 534.1793, -444.2744,  -654.6382, 534.1804, -444.2744,  127, 64, 0
L -654.6382, 534.1804, -444.2744,  -654.6366, 510.1792, -444.2729,  127, 64, 0
L -654.6366, 510.1792, -444.2729,  -678.6370, 510.1794, -444.2744,  127, 64, 0
L -678.6370, 510.1794, -444.2745,  -678.6367, 492.3676, -444.2727,  127, 64, 0
L -678.6367, 492.3676, -444.2727,  -807.8295, 492.3674, -449.8582,  127, 64, 0
L -807.8295, 492.3674, -449.8582,  -816.3619, 511.1830, -449.8568,  127, 0, 100
L -816.3619, 511.1830, -449.8568,  -823.3492, 515.1784, -449.8568,  127, 0, 100
L -823.3492, 515.1784, -449.8568,  -836.6605, 514.7977, -449.8570,  127, 0, 100
L -836.6605, 514.7977, -449.8570,  -848.2416, 505.5839, -445.8925,  127, 0, 100
L -848.2416, 505.5839, -445.8925,  -852.3030, 498.2421, -444.4326,  127, 0, 100
L -852.3030, 498.2421, -444.4326,  -851.8636, 481.1826, -441.5220,  127, 0, 100
L -851.8636, 481.1826, -441.5220,  -847.5110, 455.6429, -441.6906,  127, 0, 100
L -847.5110, 455.6429, -441.6906,  -852.2802, 402.7824, -472.0230,  127, 0, 100
L -852.2802, 402.7824, -472.0230,  -843.8427, 352.0654, -490.4675,  127, 0, 100
L -843.8427, 352.0654, -490.4675,  -855.9441, 312.7977, -509.8208,  127, 0, 100
L -855.9441, 312.7977, -509.8208,  -847.7650, 288.0601, -507.3428,  127, 0, 100
L -847.7650, 288.0601, -507.3428,  -844.8176, 264.3336, -500.1262,  127, 0, 100
L -844.8176, 264.3336, -500.1262,  -855.6104, 234.5767, -500.5236,  127, 0, 100
L -855.6104, 234.5767, -500.5236,  -861.7269, 211.7301, -507.0231,  127, 0, 100
L -861.7269, 211.7301, -507.0231,  -875.1365, 180.9961, -505.2831,  127, 0, 100
L -875.1365, 180.9961, -505.2831,  -887.7360, 166.0445, -504.7217,  127, 0, 100
L -887.7360, 166.0445, -504.7217,  -901.8763, 155.6814, -506.6163,  127, 0, 100
L -901.8763, 155.6814, -506.6163,  -917.3824, 136.8905, -507.9009,  127, 0, 100
L -917.3824, 136.8905, -507.9009,  -937.0511, 122.4503, -510.5622,  127, 0, 100
L -937.0511, 122.4503, -510.5622,  -955.8698, 112.3667, -515.3110,  127, 0, 100
L -955.8698, 112.3667, -515.3110,  -985.2410, 105.2639, -533.4875,  127, 0, 100
L -985.2410, 105.2639, -533.4875,  -1014.6147, 96.8069, -553.9236,  127, 0, 100
L -1014.6147, 96.8069, -553.9236,  -1043.5380, 94.7179, -572.0789,  127, 0, 100
L -1043.5380, 94.7179, -572.0789,  -1065.4581, 100.0478, -583.0974,  127, 0, 100
L -1065.4581, 100.0478, -583.0974,  -1086.1228, 99.3012, -583.4215,  127, 0, 100
L -1086.1228, 99.3012, -583.4215,  -1112.6589, 106.9154, -587.4215,  127, 0, 100
L -1112.6589, 106.9154, -587.4215,  -1136.3816, 121.9331, -589.4237,  127, 0, 100
L -1136.3816, 121.9331, -589.4237,  -1151.1687, 136.6183, -589.9512,  127, 0, 100
L -1151.1687, 136.6183, -589.9512,  -1171.4949, 151.2004, -594.8004,  127, 0, 100
L -1171.4949, 151.2004, -594.8004,  -1189.4739, 172.9162, -604.4075,  127, 0, 100
L -1189.4739, 172.9162, -604.4075,  -1202.7489, 197.2804, -614.3554,  127, 0, 100
L -1202.7489, 197.2804, -614.3554,  -1211.9403, 222.8491, -622.5234,  127, 0, 100
L -1211.9403, 222.8491, -622.5234,  -1222.0055, 242.5083, -621.6729,  127, 0, 100
L -1222.0055, 242.5083, -621.6729,  -1225.0658, 270.1468, -624.3851,  127, 0, 100
L -1225.0658, 270.1468, -624.3851,  -1227.4187, 287.3993, -627.7942,  127, 0, 100
L -1227.4187, 287.3993, -627.7942,  -1237.2566, 295.4994, -633.4146,  127, 0, 100
L -1237.2566, 295.4994, -633.4146,  -1248.2822, 294.7946, -633.3803,  127, 0, 100
L -1248.2822, 294.7946, -633.3803,  -1252.5215, 292.7209, -632.5709,  127, 0, 100
L -1252.5215, 292.7209, -632.5709,  -1259.0986, 293.8786, -632.4132,  127, 0, 100
L -1259.0986, 293.8786, -632.4132,  -1267.8228, 335.3484, -634.9860,  127, 0, 100
L -1267.8228, 335.3484, -634.9860,  -1268.2682, 358.7464, -635.0732,  127, 0, 100
L -1268.2682, 358.7464, -635.0732,  -1278.1619, 386.5703, -634.2682,  127, 0, 100
L -1278.1619, 386.5703, -634.2682,  -1294.2994, 407.8916, -631.3625,  127, 0, 100
L -1294.2994, 407.8916, -631.3625,  -1314.2593, 436.2628, -628.4228,  127, 0, 100
L -1314.2593, 436.2628, -628.4228,  -1321.9980, 461.1540, -627.3901,  127, 0, 100
L -1321.9980, 461.1540, -627.3901,  -1325.0980, 533.9645, -634.4182,  127, 0, 100
L -1325.0980, 533.9645, -634.4182,  -1325.9373, 543.6950, -634.2197,  127, 0, 100
L -1325.9373, 543.6950, -634.2197,  -1325.3268, 556.9158, -632.5497,  127, 0, 100
L -1325.3268, 556.9158, -632.5497,  -1323.6409, 561.3533, -631.9820,  127, 0, 100
L -1323.6409, 561.3533, -631.9820,  -1322.5883, 610.4816, -628.9078,  127, 0, 100
L -1322.5883, 610.4816, -628.9078,  -1314.9510, 635.9609, -630.0348,  127, 0, 100
L -1314.9510, 635.9609, -630.0348,  -1297.7250, 660.5046, -633.7921,  127, 0, 100
L -1297.7250, 660.5046, -633.7921,  -1296.6174, 685.0942, -634.2827,  127, 0, 100
L -1296.6174, 685.0942, -634.2827,  -1310.9489, 710.0117, -635.1360,  127, 0, 100
L -1310.9489, 710.0117, -635.1360,  -1314.5804, 718.3499, -634.9543,  127, 0, 100
L -1314.5804, 718.3499, -634.9543,  -1322.2131, 736.8641, -634.9117,  127, 0, 100
L -1322.2131, 736.8641, -634.9117,  -1321.1165, 747.7128, -633.0197,  127, 0, 100
L -1321.1165, 747.7128, -633.0197,  -1322.6370, 783.9872, -634.9199,  127, 0, 100
L -1322.6370, 783.9872, -634.9199,  -1323.5817, 790.0087, -634.9360,  127, 0, 100
L -1323.5817, 790.0087, -634.9360,  -1323.5817, 799.5925, -634.9360,  127, 0, 100
L -1323.5817, 799.5925, -634.9360,  -1322.3059, 816.1439, -634.9417,  127, 0, 100
L -1322.3059, 816.1439, -634.9417,  -1320.1671, 823.6561, -632.8055,  127, 0, 100
L -1320.1671, 823.6561, -632.8055,  -1322.3207, 836.2206, -634.9858,  127, 0, 100
L -1322.3207, 836.2206, -634.9858,  -1314.4121, 860.4493, -635.2871,  127, 0, 100
L -1314.4121, 860.4493, -635.2871,  -1295.1790, 886.6557, -635.1342,  127, 0, 100
L -1295.1790, 886.6557, -635.1342,  -1313.4717, 913.6039, -631.4867,  127, 0, 100
L -1313.4717, 913.6039, -631.4867,  -1320.1545, 936.2513, -629.1606,  127, 0, 100
L -1320.1545, 936.2513, -629.1606,  -1320.9688, 985.9871, -631.0498,  127, 0, 100
L -1320.9688, 985.9871, -631.0498,  -1323.1254, 992.3425, -631.7167,  127, 0, 100
L -1323.1254, 992.3425, -631.7167,  -1323.2574, 1012.5159, -634.2754,  127, 0, 100
L -1323.2574, 1012.5159, -634.2754,  -1322.3105, 1018.0453, -634.9543,  127, 0, 100
L -1322.3105, 1018.0453, -634.9543,  -1320.4487, 1058.1483, -629.5358,  127, 0, 100
L -1320.4487, 1058.1483, -629.5358,  -1319.7112, 1086.0652, -627.6031,  127, 0, 100
L -1319.7112, 1086.0652, -627.6031,  -1308.7813, 1108.5719, -627.8860,  127, 0, 100
L -1308.7813, 1108.5719, -627.8860,  -1287.4889, 1132.9338, -629.6869,  127, 0, 100
L -1287.4889, 1132.9338, -629.6869,  -1274.1725, 1136.3287, -630.2629,  127, 0, 100
L -1274.1725, 1136.3287, -630.2629,  -1257.4519, 1140.4869, -631.9749,  127, 0, 100
L -1257.4519, 1140.4869, -631.9749,  -1225.4874, 1146.3059, -635.2227,  127, 0, 100
L -1225.4874, 1146.3059, -635.2227,  -1192.5160, 1144.0760, -635.5457,  127, 0, 100
L -1192.5160, 1144.0760, -635.5457,  -1166.9196, 1146.5116, -635.5677,  127, 0, 100
L -1166.9196, 1146.5116, -635.5677,  -1140.8748, 1136.9656, -632.0941,  127, 0, 100
L -1140.8748, 1136.9656, -632.0941,  -1122.9647, 1136.9651, -632.0933,  127, 0, 100
L -1122.9647, 1136.9651, -632.0933,  -1123.2101, 1134.7704, -632.0944,  127, 0, 100
L -1123.2101, 1134.7704, -631.9405,  -1104.1377, 1134.7711, -630.0984,  127, 0, 100
L -1104.1377, 1134.7711, -630.0984,  -1104.1404, 1126.2922, -630.0964,  127, 0, 100
L -1104.1404, 1126.2922, -630.0949,  -1047.4390, 1126.2925, -630.0946,  127, 0, 100
L -1047.4390, 1126.2925, -630.0945,  -1047.4598, 1134.7700, -630.0928,  127, 0, 100
L -1047.4598, 1134.7700, -630.0928,  -1037.4202, 1134.7710, -630.0927,  127, 0, 100
L -1037.4202, 1134.7710, -630.0927,  -1037.4187, 1113.6687, -630.0945,  127, 0, 100
L -1037.4187, 1113.6687, -630.0944,  -1013.4199, 1113.6683, -630.2955,  127, 0, 100
L -1013.4199, 1113.6683, -630.2955,  -1013.4201, 1089.6688, -630.2973,  127, 0, 100
L -1013.4201, 1089.6688, -630.3251,  -972.3493, 1089.6683, -630.7391,  127, 0, 100
L -972.3493, 1089.6683, -630.7391,  -972.3491, 1026.2179, -630.5489,  127, 0, 100
L -972.3491, 1026.2179, -630.5489,  -979.6719, 1026.2118, -630.5360,  127, 0, 100
L -979.6719, 1026.2118, -630.5217,  -979.6362, 975.9036, -630.2864,  127, 0, 100
L -979.6362, 975.9036, -630.3052,  -972.3499, 975.8871, -630.3148,  127, 0, 100
L -972.3499, 975.8871, -630.3148,  -972.3500, 932.4077, -630.0737,  127, 0, 100
L -972.3500, 932.4077, -630.0737,  -979.6688, 932.4088, -630.0759,  127, 0, 100
L -979.6688, 932.4088, -630.2484,  -979.6678, 910.4796, -630.2311,  127, 0, 100
L -979.6678, 910.4796, -630.1899,  -983.6982, 910.4757, -630.1896,  127, 0, 100
L -983.6982, 910.4757, -630.1744,  -983.6974, 861.6477, -632.0897,  127, 0, 100
L -983.6974, 861.6477, -632.0390,  -966.8035, 861.6490, -632.0602,  127, 0, 100
L -966.8035, 861.6490, -632.0602,  -966.8043, 841.9933, -635.1490,  127, 0, 100
L -966.8043, 841.9933, -635.1490,  -980.8851, 835.6207, -635.2896,  127, 0, 100
L -980.8851, 835.6207, -635.2896,  -985.5773, 826.8766, -635.0042,  127, 0, 100
L -985.5773, 826.8766, -635.0042,  -984.9239, 814.9273, -633.2621,  127, 0, 100
L -984.9239, 814.9273, -633.2621,  -977.9166, 806.6920, -629.2538,  127, 0, 100
L -977.9166, 806.6920, -629.2538,  -970.7725, 802.0856, -627.3307,  127, 0, 100
L -970.7725, 802.0856, -627.3307,  -956.2718, 803.8532, -626.1118,  127, 0, 100
L -956.2718, 803.8532, -626.1118,  -936.1283, 803.4728, -628.4764,  127, 0, 100
L -936.1283, 803.4728, -628.4764,  -916.5515, 800.0126, -635.1527,  127, 0, 100
L -916.5515, 800.0126, -635.1527,  -889.4760, 802.9489, -650.1852,  127, 0, 100
L -889.4760, 802.9489, -650.1852,  -864.8535, 804.4785, -665.9944,  127, 0, 100
L -864.8535, 804.4785, -665.9944,  -835.9462, 799.3118, -687.9164,  127, 0, 100
L -835.9462, 799.3118, -687.9164,  -811.9628, 802.6713, -704.1516,  127, 0, 100
L -811.9628, 802.6713, -704.1516,  -792.4754, 805.0148, -714.2643,  127, 0, 100
L -792.4754, 805.0148, -714.2643,  -777.0674, 803.2601, -722.0654,  127, 0, 100
L -777.0674, 803.2601, -722.0654,  -764.6061, 803.1219, -722.6483,  127, 0, 100
L -764.6061, 803.1219, -722.6483,  -750.1583, 798.3176, -730.0228,  127, 0, 100
L -750.1583, 798.3176, -730.0228,  -738.0782, 802.2865, -729.4600,  127, 0, 100
L -738.0782, 802.2865, -729.4600,  -723.4178, 804.3574, -730.1788,  127, 0, 100
L -723.4178, 804.3574, -730.1788,  -711.1240, 805.7462, -729.8314,  127, 0, 100
L -711.1240, 805.7462, -729.8314,  -704.2549, 811.6815, -729.5994,  127, 0, 100
L -704.2549, 811.6815, -729.5994,  -697.5693, 825.7152, -740.0911,  127, 0, 100
L -697.5693, 825.7152, -740.0909,  -701.9369, 834.7315, -740.3073,  127, 0, 100
L -701.9369, 834.7315, -740.3073,  -711.1830, 839.5975, -740.8159,  127, 0, 100
L -711.1830, 839.5975, -740.8159,  -710.3380, 907.7956, -741.1602,  127, 0, 100
L -710.3380, 907.7956, -741.1602,  -755.5134, 937.5568, -741.1602,  127, 0, 100
L -755.5134, 937.5568, -741.1602,  -759.8613, 941.1373, -741.1602,  127, 0, 100
L -759.8613, 941.1373, -741.1602,  -782.4629, 955.1044, -741.1597,  127, 0, 100
L -782.4629, 955.1044, -741.1597,  -811.7535, 975.3843, -741.1602,  127, 0, 100
L -811.7535, 975.3843, -741.1602,  -860.0900, 994.3242, -741.1602,  127, 0, 100
L -860.0900, 994.3242, -741.1602,  -858.6215, 1040.2996, -741.1599,  127, 0, 100
L -858.6215, 1040.2996, -741.1599,  -848.0557, 1089.4788, -741.1601,  127, 0, 100
L -848.0557, 1089.4788, -741.1601,  -846.5835, 1132.2289, -741.1600,  127, 0, 100
L -846.5835, 1132.2289, -741.1600,  -862.8034, 1194.0590, -735.7173,  127, 0, 100
L -862.8034, 1194.0590, -739.1889,  -864.6454, 1224.1328, -741.1601,  127, 0, 100
L -864.6454, 1224.1328, -741.1601,  -746.3012, 1224.1183, -741.1602,  127, 0, 100
L -746.3012, 1224.1183, -741.1602,  -714.2927, 1231.3657, -741.1602,  127, 0, 100
L -714.2927, 1231.3657, -741.1602,  -679.0432, 1239.6108, -741.1602,  127, 0, 100
L -679.0432, 1239.6108, -741.1602,  -660.6342, 1221.7396, -741.1602,  127, 0, 100
L -660.6342, 1221.7396, -741.1602,  -630.6171, 1190.8173, -741.1604,  127, 0, 100
L -630.6171, 1190.8173, -741.1604,  -594.0045, 1148.2900, -741.1627,  127, 0, 100
L -594.0045, 1148.2900, -741.1627,  -588.5565, 1129.5137, -741.1649,  127, 0, 100
L -588.5565, 1129.5137, -741.1649,  -586.8004, 1119.9381, -741.1649,  127, 0, 100
L -586.8004, 1119.9381, -741.1649,  -552.3813, 1094.8921, -750.6755,  127, 0, 100
L -552.3813, 1094.8921, -750.6755,  -540.5867, 1082.6388, -757.6348,  127, 0, 100
L -540.5867, 1082.6388, -757.6348,  -532.7791, 1073.3987, -759.9857,  127, 0, 100
L -532.7791, 1073.3987, -759.9857,  -482.1446, 1084.8431, -757.6691,  127, 0, 100
L -482.1446, 1084.8431, -757.6691,  -456.1327, 1106.6162, -757.0151,  127, 0, 100
L -456.1327, 1106.6162, -757.0151,  -437.0429, 1122.0662, -757.0144,  127, 0, 100
L -437.0429, 1122.0662, -757.0144,  -438.0077, 1197.7694, -757.0143,  127, 0, 100
L -438.0077, 1197.7694, -757.0143,  -429.8306, 1248.4779, -757.0126,  127, 0, 100
L -429.8306, 1248.4779, -757.0126,  -393.5797, 1239.7201, -757.0143,  127, 0, 100
L -393.5797, 1239.7201, -757.0143,  -374.4012, 1244.0682, -757.0143,  127, 0, 100
L -374.4012, 1244.0682, -757.0143,  -343.7209, 1248.6443, -757.0143,  127, 0, 100
L -343.7209, 1248.6443, -757.0143,  -290.1215, 1245.7605, -757.0146,  127, 0, 100
L -290.1215, 1245.7605, -757.0146,  -241.8048, 1276.1083, -757.0146,  127, 0, 100
L -241.8048, 1276.1083, -757.0146,  -214.8467, 1271.2983, -757.0145,  127, 0, 100
L -214.8467, 1271.2983, -757.0145,  -202.1111, 1264.0638, -757.0142,  127, 0, 100
L -202.1111, 1264.0638, -757.0142,  -194.3917, 1260.5355, -757.0142,  127, 0, 100
L -194.3917, 1260.5355, -757.0142,  -182.5132, 1258.3281, -757.0142,  127, 0, 100
L -182.5132, 1258.3281, -757.0142,  -171.6344, 1258.8423, -757.0142,  127, 0, 100
L -171.6344, 1258.8423, -757.0142,  -45.4439, 1253.0236, -757.0142,  127, 0, 100
L -45.4439, 1253.0236, -757.0142,  -45.4399, 1241.9615, -757.0143,  127, 0, 100
L -43.4007, 1241.5018, -757.0143,  22.5359, 1241.5011, -757.0142,  127, 0, 100
L 22.5359, 1241.5011, -757.0142,  22.5412, 1234.1823, -757.0144,  127, 0, 100
L 22.5412, 1234.1823, -757.0141,  74.1243, 1234.1823, -757.0142,  127, 0, 100
L 74.1243, 1234.1823, -757.0144,  74.1043, 1241.5013, -757.0145,  127, 0, 100
L 74.1043, 1241.5013, -757.0145,  115.9090, 1241.5013, -757.0145,  127, 0, 100
L 115.9090, 1241.5013, -757.0145,  115.9090, 1234.1827, -757.0145,  127, 0, 100
L 115.9090, 1234.1827, -757.0145,  140.3018, 1234.1833, -757.0145,  127, 0, 100
L 140.3018, 1234.1833, -757.0145,  140.3007, 1230.8737, -757.0145,  127, 0, 100
L 140.3007, 1230.8737, -757.0145,  181.9291, 1230.8676, -757.0126,  127, 0, 100
L 181.9291, 1230.8676, -757.0126,  181.9276, 1127.1844, -757.0142,  127, 0, 100
L 181.9276, 1127.1844, -757.0145,  187.6914, 1127.1831, -757.0145,  127, 0, 100
L 187.6914, 1127.1831, -757.0145,  187.6915, 1032.1760, -757.0145,  127, 0, 100
L 187.6915, 1032.1760, -757.0145,  181.9282, 1032.1738, -757.0145,  127, 0, 100
L 181.9282, 1032.1738, -757.0145,  181.9276, 927.4625, -754.1606,  127, 0, 100
L 181.9276, 927.4625, -753.4781,  187.6913, 927.4630, -753.0126,  127, 0, 100
L 187.6913, 927.4630, -753.0126,  187.6912, 838.4556, -752.4844,  127, 0, 100
L 187.6912, 838.4556, -752.4844,  179.7796, 838.4550, -753.0146,  127, 0, 100
L 179.7796, 838.4550, -753.0146,  179.7790, 814.4556, -753.9504,  127, 0, 100
L 179.7790, 814.4556, -753.9504,  155.7790, 814.4556, -755.6093,  127, 0, 100
L 155.7790, 814.4556, -756.3505,  155.7777, 765.4622, -756.4261,  127, 0, 100
L 155.7777, 765.4622, -755.2774,  179.7791, 765.4630, -753.9973,  127, 0, 100
L 179.7791, 765.4630, -753.9973,  179.7721, 741.4583, -753.0146,  127, 0, 100
L 179.7721, 741.4583, -753.0146,  187.6916, 741.4630, -752.4842,  127, 0, 100
L 187.6916, 741.4630, -752.4842,  187.6913, 652.4554, -753.0145,  127, 0, 100
L 187.6913, 652.4554, -753.0145,  181.9285, 652.4552, -753.3991,  127, 0, 100
L 181.9285, 652.4552, -754.6368,  181.9280, 547.7416, -757.0146,  127, 0, 100
L 181.9280, 547.7416, -757.0146,  187.6915, 547.7430, -757.0146,  127, 0, 100
L 187.6915, 547.7430, -757.0146,  187.6911, 452.7349, -757.0146,  127, 0, 100
L 187.6911, 452.7349, -757.0146,  181.9286, 452.7361, -757.0147,  127, 0, 100
L 181.9286, 452.7361, -757.0147,  181.9298, 349.0230, -757.0146,  127, 0, 100
L 181.9298, 349.0230, -757.0146,  140.4461, 349.0229, -757.0146,  127, 0, 100
L 140.4461, 349.0229, -757.0146,  140.4494, 338.3921, -757.0146,  127, 0, 100
L 140.4494, 338.3921, -757.0146,  73.9505, 338.3945, -757.0143,  127, 0, 100
L 73.9634, 345.7175, -756.9443,  73.9505, 338.3945, -756.9420,  127, 0, 100
L 73.9634, 345.7175, -757.0143,  23.1535, 345.7111, -757.0142,  127, 0, 100
L 23.1535, 345.7111, -756.9089,  23.1653, 336.0784, -756.9002,  127, 0, 100
L 23.1653, 336.0784, -756.9002,  6.6509, 339.6652, -759.0142,  127, 0, 100
L 6.6509, 339.6652, -759.0142,  6.6509, 339.6652, -759.0142,  127, 0, 100
L 6.6509, 339.6652, -759.0142,  -42.5626, 330.8433, -761.6130,  127, 0, 100
L -42.5626, 330.8433, -761.6130,  -59.3914, 329.9414, -759.9261,  127, 0, 100
L -59.3914, 329.9414, -759.9261,  -87.1523, 329.3651, -755.6541,  127, 0, 100
L -87.1523, 329.3651, -755.6541,  -137.7556, 329.9023, -750.1011,  127, 0, 100
L -137.7556, 329.9023, -750.1011,  -155.9002, 358.2852, -749.4161,  127, 0, 100
L -155.9002, 358.2852, -749.4161,  -160.1944, 365.6617, -750.0760,  127, 0, 100
L -160.1944, 365.6617, -750.0760,  -181.0465, 422.6726, -757.4623,  127, 0, 100
L -181.0465, 422.6726, -757.4623,  -196.9597, 445.5642, -760.5854,  127, 0, 100
L -196.9597, 445.5642, -760.5854,  -212.5638, 464.8185, -757.5278,  127, 0, 100
L -212.5638, 464.8185, -757.5278,  -252.4879, 460.6335, -746.6534,  127, 0, 100
L -252.4879, 460.6335, -746.6534,  -289.9061, 457.6485, -743.7260,  127, 0, 100
L -289.9061, 457.6485, -743.7260,  -297.9551, 450.3646, -742.0948,  127, 0, 100
L -297.9551, 450.3646, -742.0948,  -327.0982, 421.1895, -741.2184,  127, 0, 100
L -327.0982, 421.1895, -741.2184,  -333.2867, 359.7736, -740.3643,  127, 0, 100
L -333.2867, 359.7736, -740.3643,  -343.4615, 302.7200, -733.4933,  127, 0, 100
L -343.4615, 302.7200, -733.4933,  -398.1587, 304.4770, -733.4937,  127, 0, 100
L -398.1587, 304.4770, -733.4937,  -428.4553, 311.2030, -733.4937,  127, 0, 100
L -428.4553, 311.2030, -733.4937,  -436.3897, 315.7917, -733.4937,  127, 0, 100
L -436.3897, 315.7917, -733.4937,  -445.8328, 318.2368, -733.4937,  127, 0, 100
L -445.8328, 318.2368, -733.4937,  -454.8070, 315.1102, -733.4885,  127, 0, 100
L -454.8070, 315.1102, -733.4885,  -468.1484, 307.8384, -734.2532,  127, 0, 100
L -468.1484, 307.8384, -734.2532,  -490.0156, 303.7426, -734.0454,  127, 0, 100
L -490.0156, 303.7426, -734.0454,  -500.9852, 304.3646, -734.1216,  127, 0, 100
L -500.9852, 304.3646, -734.1216,  -493.3164, 375.1468, -738.9288,  127, 0, 100
L -493.3164, 375.1468, -738.9288,  -484.5859, 432.3614, -739.2271,  127, 0, 100
L -484.5859, 432.3614, -739.2271,  -485.2244, 471.6045, -741.1597,  127, 0, 100
L -485.2244, 471.6045, -741.1597,  -522.3986, 504.0821, -741.1594,  127, 0, 100
L -522.3986, 504.0821, -741.1594,  -552.8577, 526.8918, -741.1595,  127, 0, 100
L -552.8577, 526.8918, -741.1595,  -586.6595, 546.5874, -741.1595,  127, 0, 100
L -586.6595, 546.5874, -741.1595,  -659.4047, 580.6423, -741.1596,  127, 0, 100
L -659.4047, 580.6423, -741.1596,  -711.3214, 616.8326, -741.1601,  127, 0, 100
L -711.3214, 616.8326, -741.1601,  -711.1641, 709.7502, -741.1601,  127, 0, 100
L -711.1641, 709.7502, -741.1601,  -702.2593, 714.3840, -741.1601,  127, 0, 100
L -702.2593, 714.3840, -741.1601,  -697.8708, 720.8746, -741.1000,  127, 0, 100
L -697.8708, 720.8746, -741.1000,  -698.8354, 734.9993, -739.6516,  127, 0, 100
L -698.8354, 734.9993, -739.6516,  -703.7494, 741.7993, -736.7656,  127, 0, 100
L -703.7494, 741.7993, -736.7656,  -708.9221, 745.5383, -734.9966,  127, 0, 100
L -708.9221, 745.5383, -734.9966,  -725.7680, 747.6182, -733.3467,  127, 0, 100
L -725.7680, 747.6182, -733.3467,  -737.2599, 745.2028, -728.1575,  127, 0, 100
L -737.2599, 745.2028, -728.1575,  -753.0369, 749.3174, -728.3435,  127, 0, 100
L -753.0369, 749.3174, -728.3435,  -769.1762, 746.6627, -726.4555,  127, 0, 100
L -769.1762, 746.6627, -726.4555,  -785.8373, 745.1870, -720.1218,  127, 0, 100
L -785.8373, 745.1870, -720.1218,  -797.3163, 745.0922, -714.5016,  127, 0, 100
L -797.3163, 745.0922, -714.5016,  -808.7274, 746.0220, -708.1851,  127, 0, 100
L -808.7274, 746.0220, -708.1851,  -821.9012, 749.8828, -701.4669,  127, 0, 100
L -821.9012, 749.8828, -701.4669,  -832.8865, 751.9962, -694.2358,  127, 0, 100
L -832.8865, 751.9962, -694.2358,  -841.0789, 751.8141, -689.5244,  127, 0, 100
L -841.0789, 751.8141, -689.5244,  -854.3088, 746.1224, -676.8906,  127, 0, 100
L -854.3088, 746.1224, -676.8906,  -878.4116, 743.7313, -657.7953,  127, 0, 100
L -878.4116, 743.7313, -657.7953,  -890.0000, 744.8560, -650.4579,  127, 0, 100
L -890.0000, 744.8560, -650.4579,  -908.8722, 749.5682, -640.5787,  127, 0, 100
L -908.8722, 749.5682, -640.5787,  -928.7341, 746.5524, -631.7985,  127, 0, 100
L -928.7341, 746.5524, -631.7985,  -967.1401, 744.7434, -626.0071,  127, 0, 100
L -967.1401, 744.7434, -626.0071,  -974.4243, 742.2559, -625.7141,  127, 0, 100
L -974.4243, 742.2559, -625.7141,  -987.1017, 726.9600, -635.2899,  127, 0, 100
L -987.1017, 726.9600, -635.2899,  -981.6974, 715.1296, -635.4012,  127, 0, 100
L -981.6974, 715.1296, -635.4012,  -973.1857, 710.2437, -635.4023,  127, 0, 100
L -973.1857, 710.2437, -635.4023,  -971.2585, 698.5023, -632.2761,  127, 0, 100
L -971.2585, 698.5023, -632.2761,  -969.2352, 684.6240, -632.0950,  127, 0, 100
L -969.2352, 684.6240, -632.0950,  -969.1776, 667.4211, -630.0986,  127, 0, 100
L -969.1776, 667.4211, -630.0986,  -969.1572, 620.8404, -630.3030,  127, 0, 100
L -969.1572, 620.8404, -630.3030,  -997.7216, 620.8398, -630.2170,  127, 0, 100
L -997.7216, 620.8398, -630.2128,  -997.7211, 596.8405, -630.2160,  127, 0, 100
L -997.7211, 596.8405, -630.2160,  -1021.7216, 596.8421, -630.1370,  127, 0, 100
L -1021.7216, 596.8421, -630.1327,  -1021.7248, 547.8464, -630.1326,  127, 0, 100
L -1021.7248, 547.8464, -630.1439,  -997.7206, 547.8461, -630.2953,  127, 0, 100
L -997.7206, 547.8461, -630.2953,  -997.6931, 524.1780, -630.3754,  127, 0, 100
L -989.8132, 524.1779, -630.3754,  -997.7629, 524.1780, -630.3752,  127, 0, 100
L -989.8132, 524.1779, -630.4532,  -989.8140, 345.6131, -630.4681,  127, 0, 100
L -989.8140, 345.6131, -630.4017,  -1000.4501, 345.6105, -630.3936,  127, 0, 100
L -1000.4501, 345.6105, -630.3741,  -1000.4443, 297.6115, -630.3828,  127, 0, 100
L -1000.4443, 297.6115, -630.3828,  -1104.1667, 297.6149, -630.0949,  127, 0, 100
L -1104.1667, 297.6149, -630.0949,  -1104.1632, 285.7835, -630.0948,  127, 0, 100
L -1104.1632, 285.7835, -630.0948,  -1131.0330, 286.8206, -632.0961,  127, 0, 100
L -1131.0330, 286.8206, -632.0961,  -1133.8890, 290.9899, -632.0949,  127, 0, 100
L -1133.8890, 290.9899, -632.0949,  -1141.3643, 294.7981, -632.1719,  127, 0, 100
L -1141.3643, 294.7981, -632.1719,  -1156.1981, 294.7946, -635.5681,  127, 0, 100
L -1156.1981, 294.7946, -635.5681,  -1165.6276, 286.6966, -630.5497,  127, 0, 100
L -1165.6276, 286.6966, -630.5497,  -1168.1433, 281.3815, -627.7909,  127, 0, 100
L -1168.1433, 281.3815, -627.7909,  -1167.9509, 270.2011, -627.8738,  127, 0, 100
L -1167.9509, 270.2011, -627.8738,  -1162.4846, 253.6677, -624.4647,  127, 0, 100
L -1162.4846, 253.6677, -624.4647,  -1162.0376, 241.7354, -624.2042,  127, 0, 100
L -1162.0376, 241.7354, -624.2042,  -1159.6832, 230.3074, -622.0201,  127, 0, 100
L -1159.6832, 230.3074, -622.0201,  -1146.5278, 214.3882, -618.6450,  127, 0, 100
L -1146.5278, 214.3882, -618.6450,  -1135.0812, 198.7212, -611.7770,  127, 0, 100
L -1135.0812, 198.7212, -611.7770,  -1120.8013, 174.7654, -602.3445,  127, 0, 100
L -1120.8013, 174.7654, -602.3445,  -1099.9609, 167.5916, -594.3350,  127, 0, 100
L -1099.9609, 167.5916, -594.3350,  -1075.3934, 156.6539, -585.7482,  127, 0, 100
L -1075.3934, 156.6539, -585.7482,  -1060.6595, 148.4964, -580.6324,  127, 0, 100
L -1060.6595, 148.4964, -580.6324,  -1042.0740, 151.4425, -570.1377,  127, 0, 100
L -1042.0740, 151.4425, -570.1377,  -1011.0093, 153.0297, -549.3573,  127, 0, 100
L -1011.0093, 153.0297, -549.3573,  -999.2386, 152.8813, -540.8592,  127, 0, 100
L -999.2386, 152.8813, -540.8592,  -991.4732, 155.5799, -534.4728,  127, 0, 100
L -991.4732, 155.5799, -534.4728,  -986.6618, 162.0514, -526.1883,  127, 0, 100
L -986.6618, 162.0514, -526.1883,  -955.5052, 180.0342, -511.7550,  127, 0, 100
L -955.5052, 180.0342, -511.7550,  -936.8016, 190.0746, -506.4332,  127, 0, 100
L -936.8016, 190.0746, -506.4332,  -928.5654, 212.2756, -503.6833,  127, 0, 100
L -928.5654, 212.2756, -503.6833,  -904.0160, 249.4947, -507.4712,  127, 0, 100
L -904.0160, 249.4947, -507.4712,  -907.8699, 274.6920, -505.2804,  127, 0, 100
L -907.8699, 274.6920, -505.2804,  -905.3162, 305.8777, -504.7217,  127, 0, 100
L -905.3162, 305.8777, -504.7217,  -901.6429, 317.8553, -505.2299,  127, 0, 100
L -901.6429, 317.8553, -505.2299,  -906.9119, 345.3624, -496.9502,  127, 0, 100
L -906.9119, 345.3624, -496.9502,  -906.5106, 374.7987, -485.7111,  127, 0, 100
L -906.5106, 374.7987, -485.7111,  -901.4557, 399.1199, -473.4005,  127, 0, 100
L -901.4557, 399.1199, -473.4005,  -905.2581, 424.3574, -457.6325,  127, 0, 100
L -905.2581, 424.3574, -457.6325,  -906.7172, 446.9179, -443.5898,  127, 0, 100
L -906.7172, 446.9179, -443.5898,  -901.8229, 486.0810, -439.5860,  127, 0, 100
L -904.3408, 465.9344, -439.5860,  -902.3346, 482.9797, -439.4776,  127, 0, 100
L -901.8229, 486.0810, -441.5924,  -905.3411, 501.3824, -440.6931,  127, 0, 100
L -905.3411, 501.3824, -440.6931,  -910.5832, 509.4522, -445.0950,  127, 0, 100
L -910.5832, 509.4522, -445.0950,  -916.7252, 514.7966, -453.6505,  127, 0, 100
L -916.7252, 514.7966, -453.6505,  -925.2414, 514.7972, -453.6506,  127, 0, 100
L -925.2414, 514.7972, -453.6506,  -932.4223, 511.8788, -452.9282,  127, 0, 100
L -932.4223, 511.8788, -452.9282,  -934.1058, 565.7258, -464.3377,  127, 64, 0
L -934.1058, 565.7258, -464.3377,  -935.4467, 594.6785, -472.5241,  127, 64, 0
L -935.4467, 594.6785, -472.5241,  -935.8694, 614.8345, -473.5628,  127, 64, 0
L -935.8694, 614.8345, -473.5628,  -935.8705, 635.2607, -473.4966,  127, 64, 0
L -935.8705, 635.2607, -473.4966,  -912.7107, 635.2603, -471.6050,  127, 64, 0
L -912.7107, 635.2603, -471.3466,  -912.7092, 650.4109, -472.0788,  127, 64, 0
L -912.7092, 650.4109, -471.9930,  -904.2319, 650.4059, -471.9856,  127, 64, 0
L -904.2319, 650.4059, -472.3051,  -904.2319, 712.2588, -474.1702,  127, 64, 0
L -904.2319, 712.2588, -474.1762,  -912.7098, 712.2589, -474.1762,  127, 64, 0
L -912.7098, 712.2589, -474.1762,  -912.7084, 725.4541, -474.1714,  127, 64, 0
L -912.7084, 725.4541, -474.1714,  -895.4647, 725.4511, -474.1732,  127, 64, 0
L -895.4647, 725.4511, -474.1732,  -895.4673, 749.4534, -474.1714,  127, 64, 0
L -895.4673, 749.4534, -474.1718,  -871.4678, 749.4546, -474.1733,  127, 64, 0
L -871.4678, 749.4546, -474.1714,  -871.4630, 798.4476, -474.1733,  127, 64, 0
L -871.4630, 798.4476, -474.1734,  -895.4652, 798.4472, -474.1715,  127, 64, 0
L -895.4652, 798.4472, -474.1715,  -895.4650, 822.4481, -474.1715,  127, 64, 0
L -895.4650, 822.4481, -474.1734,  -912.7092, 822.4477, -474.1715,  127, 64, 0
L -912.7092, 822.4477, -474.1715,  -912.7104, 835.9523, -474.1724,  127, 64, 0
L -912.7104, 835.9523, -474.1724,  -904.2323, 835.9086, -474.1731,  127, 64, 0
L -904.2323, 835.9086, -474.1733,  -904.2297, 895.6172, -474.1733,  127, 64, 0
L -904.2297, 895.6172, -474.1733,  -912.7107, 895.6172, -474.1730,  127, 64, 0
L -912.7107, 895.6172, -474.1730,  -912.7114, 912.9515, -474.1733,  127, 64, 0
L -912.7114, 912.9515, -474.1733,  -926.7843, 912.9500, -474.1733,  127, 64, 0
L -926.7843, 912.9500, -474.1733,  -915.7629, 976.4864, -479.7580,  127, 64, 0
L -915.7629, 976.4864, -479.7580,  -906.7490, 980.8589, -479.7542,  0, 0, 0
L -906.7490, 980.8589, -479.7542,  -901.4576, 989.5411, -479.7553,  0, 0, 0
L -901.4576, 989.5411, -479.7553,  -901.4557, 1001.7053, -479.7561,  0, 0, 0
L -901.4557, 1001.7053, -479.7561,  -908.6395, 1011.0669, -475.5388,  0, 0, 0
L -908.6395, 1011.0669, -475.5388,  -917.1786, 1015.2328, -472.9018,  0, 0, 0
L -917.1786, 1015.2328, -472.9018,  -931.4638, 1012.7496, -469.8188,  0, 0, 0
L -931.4638, 1012.7496, -469.8188,  -955.7622, 1017.5194, -469.7376,  0, 0, 0
L -955.7622, 1017.5194, -469.7376,  -983.1954, 1031.0092, -466.9841,  0, 0, 0
L -983.1954, 1031.0092, -466.9841,  -1005.1188, 1038.4324, -461.5827,  0, 0, 0
L -1005.1188, 1038.4324, -461.5827,  -1027.8011, 1052.0066, -451.6515,  0, 0, 0
L -1027.8011, 1052.0066, -451.6515,  -1048.3593, 1070.1732, -441.0869,  0, 0, 0
L -1048.3593, 1070.1732, -441.0869,  -1059.9471, 1087.0834, -438.7755,  0, 0, 0
L -1059.9471, 1087.0834, -438.7755,  -1076.9343, 1102.0261, -434.6071,  0, 0, 0
L -1076.9343, 1102.0261, -434.6071,  -1093.2891, 1130.1995, -432.0412,  0, 0, 0
L -1093.2891, 1130.1995, -432.0412,  -1095.3811, 1160.7776, -434.3466,  0, 0, 0
L -1095.3811, 1160.7776, -434.3466,  -1101.5671, 1185.5013, -424.4804,  0, 0, 0
L -1101.5671, 1185.5013, -424.4804,  -1104.1475, 1201.7502, -413.8665,  0, 0, 0
L -1104.1475, 1201.7502, -413.8665,  -1102.5833, 1223.5881, -400.0796,  0, 0, 0
L -1102.5833, 1223.5881, -400.0796,  -1098.0171, 1241.1941, -388.0981,  0, 0, 0
L -1098.0171, 1241.1941, -388.0981,  -1089.1813, 1261.5891, -375.0406,  0, 0, 0
L -1089.1813, 1261.5891, -375.0406,  -1086.0583, 1278.4751, -365.3865,  127, 64, 0
L -1086.0583, 1278.4751, -365.3865,  -1081.2870, 1302.6545, -347.7740,  127, 64, 0
L -1081.2870, 1302.6545, -347.7740,  -1065.2771, 1322.4365, -346.5950,  127, 64, 0
L -1065.2771, 1322.4365, -346.5950,  -1045.3912, 1334.4457, -350.9034,  127, 64, 0
L -1045.3912, 1334.4457, -350.9034,  -1030.4996, 1350.8043, -351.5208,  127, 64, 0
L -1030.4996, 1350.8043, -351.5208,  -995.6494, 1372.7111, -354.1942,  127, 64, 0
L -995.6494, 1372.7111, -354.1942,  -966.4576, 1381.6945, -349.3190,  127, 64, 0
L -966.4576, 1381.6945, -349.3190,  -947.7359, 1386.1471, -352.3802,  127, 64, 0
L -947.7359, 1386.1471, -352.3802,  -913.6814, 1393.6527, -350.1957,  127, 64, 0
L -913.6814, 1393.6527, -350.1957,  -883.1958, 1390.4274, -347.7737,  127, 64, 0
L -883.1958, 1390.4274, -347.7737,  -868.1609, 1389.3638, -346.4973,  127, 64, 0
L -868.1609, 1389.3638, -346.4973,  -843.0652, 1391.2009, -343.6659,  127, 64, 0
L -843.0652, 1391.2009, -343.6659,  -822.8109, 1390.9872, -335.0378,  127, 64, 0
L -822.8109, 1390.9872, -335.0378,  -799.6758, 1386.3459, -323.7905,  127, 64, 0
L -799.6758, 1386.3459, -323.7905,  -772.8484, 1386.9049, -309.7317,  127, 64, 0
L -772.8484, 1386.9049, -309.7317,  -750.6315, 1388.5869, -293.7120,  127, 64, 0
L -750.6315, 1388.5869, -293.7120,  -727.7612, 1388.1309, -275.0985,  127, 64, 0
L -727.7612, 1388.1309, -275.0985,  -702.6647, 1385.0522, -260.1442,  127, 64, 0
L -702.6647, 1385.0522, -260.1442,  -672.7119, 1391.5358, -236.6194,  127, 64, 0
L -672.7119, 1391.5358, -236.6194,  -646.1141, 1388.2019, -221.2677,  127, 64, 0
L -646.1141, 1388.2019, -221.2677,  -625.5443, 1387.1289, -212.8259,  127, 64, 0
L -625.5443, 1387.1289, -212.8259,  -590.4907, 1394.5161, -195.4688,  127, 64, 0
L -590.4907, 1394.5161, -195.4688,  -563.8860, 1390.1177, -190.4164,  127, 64, 0
L -563.8860, 1390.1177, -190.4164,  -535.4692, 1376.8922, -193.4802,  127, 64, 0
L -535.4692, 1376.8922, -193.4802,  -519.3107, 1374.1309, -190.5266,  127, 64, 0
L -519.3107, 1374.1309, -190.5266,  -491.5408, 1348.7109, -196.4221,  127, 64, 0
L -491.5408, 1348.7109, -196.4221,  -473.5686, 1324.9683, -189.6386,  127, 64, 0
L -473.5686, 1324.9683, -189.6386,  -465.8933, 1308.5313, -193.2933,  127, 64, 0
L -465.8933, 1308.5313, -193.2933,  -454.9232, 1286.5266, -195.6310,  127, 64, 0
L -454.9232, 1286.5266, -195.6310,  -450.8810, 1258.0217, -199.3756,  127, 64, 0
L -450.8810, 1258.0217, -199.3756,  -448.3481, 1246.7672, -196.9126,  127, 64, 0
L -448.3481, 1246.7672, -196.9126,  -442.1509, 1233.6635, -208.7704,  127, 64, 0
L -442.1509, 1233.6635, -208.7704,  -427.7409, 1232.5363, -209.1902,  127, 64, 0
L -427.7409, 1232.5363, -209.1902,  -419.8756, 1235.8132, -209.1867,  127, 64, 0
L -419.8756, 1235.8132, -209.1865,  -415.4846, 1244.8573, -209.1890,  127, 64, 0
L -415.4846, 1244.8573, -209.1890,  -393.4960, 1239.8728, -209.1764,  0, 0, 0
L -393.4960, 1239.8728, -209.1764,  -344.6321, 1251.5457, -209.1727,  0, 0, 0
L -344.6321, 1251.5457, -209.1727,  -289.8807, 1254.0685, -209.1727,  0, 0, 0
L -289.8807, 1254.0685, -209.1727,  -242.4695, 1248.6960, -209.1727,  0, 0, 0
L -242.4695, 1248.6960, -209.1727,  -194.7243, 1234.5365, -205.5379,  0, 0, 0
L -194.7243, 1234.5365, -205.5379,  -181.3134, 1235.0219, -205.5399,  0, 0, 0
L -181.3134, 1235.0219, -205.5399,  -138.9911, 1242.2704, -203.5379,  0, 0, 0
L -138.9911, 1242.2704, -203.5379,  -138.9930, 1200.4315, -203.5399,  0, 0, 0
L -138.9930, 1200.4315, -203.5399,  -114.9937, 1200.4286, -203.5379,  0, 0, 0
L -114.9937, 1200.4286, -203.5379,  -114.9929, 1176.4296, -203.5399,  0, 0, 0
L -114.9929, 1176.4296, -203.5399,  -93.8896, 1176.4315, -203.5386,  0, 0, 0
L -93.8896, 1176.4315, -203.5386,  -93.8906, 1162.9783, -203.5432,  0, 0, 0
L -93.8906, 1162.9783, -203.5432,  -102.3688, 1162.9781, -203.5430,  0, 0, 0
L -102.3688, 1162.9781, -203.5399,  -102.3706, 1113.1263, -203.5399,  0, 0, 0
L -102.3706, 1113.1263, -203.5426,  -93.8900, 1113.1263, -203.5444,  0, 0, 0
L -93.8900, 1113.1263, -203.5444,  -93.8898, 1087.1976, -203.5399,  0, 0, 0
L -93.8898, 1087.1976, -203.5399,  -85.3570, 1087.2083, -203.5399,  0, 0, 0
L -85.3570, 1087.2083, -203.5380,  -85.3562, 1113.1263, -203.5441,  0, 0, 0
L -85.3562, 1113.1263, -203.5441,  -76.8785, 1113.1248, -203.5422,  0, 0, 0
L -76.8785, 1113.1248, -203.5399,  -76.8772, 1163.0198, -203.5399,  0, 0, 0
L -76.8772, 1163.0198, -203.5398,  -85.3556, 1162.9783, -203.5432,  0, 0, 0
L -85.3556, 1162.9783, -203.5432,  -85.3570, 1176.4314, -203.5384,  0, 0, 0
L -85.3570, 1176.4314, -203.5384,  -64.2530, 1176.4297, -203.5399,  0, 0, 0
L -64.2530, 1176.4297, -203.5399,  -64.2541, 1200.4315, -203.5387,  0, 0, 0
L -64.2541, 1200.4315, -203.5387,  -40.2534, 1200.4291, -203.5399,  0, 0, 0
L -40.2534, 1200.4291, -203.5398,  -40.2544, 1241.5020, -203.5386,  0, 0, 0
L -40.2544, 1241.5020, -203.5386,  140.3052, 1241.4999, -203.5399,  0, 0, 0
L 140.3052, 1241.4999, -203.5380,  140.2994, 1230.8712, -203.5399,  0, 0, 0
L 140.2994, 1230.8712, -203.5399,  181.9283, 1230.8716, -203.5384,  0, 0, 0
L 181.9283, 1230.8716, -203.5384,  181.9267, 1127.1820, -203.5399,  0, 0, 0
L 181.9267, 1127.1820, -203.5399,  187.6914, 1127.1829, -203.5380,  0, 0, 0
L 187.6914, 1127.1829, -203.5380,  187.6911, 1032.1757, -203.5399,  0, 0, 0
L 187.6911, 1032.1757, -203.5399,  181.9276, 1032.1741, -203.5400,  0, 0, 0
L 181.9276, 1032.1741, -203.5400,  181.9258, 927.4612, -200.4919,  0, 0, 0
L 181.9258, 927.4612, -200.0337,  187.6906, 927.4620, -199.5379,  0, 0, 0
L 187.6906, 927.4620, -199.5379,  187.6893, 838.4556, -199.0087,  0, 0, 0
L 187.6893, 838.4556, -199.0087,  179.7781, 838.4561, -199.5399,  0, 0, 0
L 179.7781, 838.4561, -199.5399,  179.7786, 814.4562, -200.4757,  0, 0, 0
L 179.7786, 814.4562, -200.4757,  155.7788, 814.4564, -202.2706,  0, 0, 0
L 155.7788, 814.4564, -203.5399,  155.7770, 765.4629, -202.7410,  0, 0, 0
L 155.7770, 765.4629, -201.5399,  179.7794, 765.4619, -200.5224,  0, 0, 0
L 179.7794, 765.4619, -200.5224,  179.7766, 741.4594, -199.5400,  0, 0, 0
L 179.7766, 741.4594, -199.5399,  187.6912, 741.4619, -199.0074,  0, 0, 0
L 187.6912, 741.4619, -199.0074,  187.6909, 652.4552, -199.5380,  0, 0, 0
L 187.6909, 652.4552, -199.5380,  181.9277, 652.4554, -199.9583,  0, 0, 0
L 181.9277, 652.4554, -201.5399,  181.9258, 547.7422, -203.5400,  0, 0, 0
L 181.9258, 547.7422, -203.5400,  187.6917, 547.7426, -203.5386,  0, 0, 0
L 187.6917, 547.7426, -203.5386,  187.6916, 452.7357, -203.5385,  0, 0, 0
L 187.6916, 452.7357, -203.5385,  181.9266, 452.7368, -203.5400,  0, 0, 0
L 181.9266, 452.7368, -203.5400,  181.9288, 349.0228, -203.5400,  0, 0, 0
L 181.9288, 349.0228, -203.5400,  140.4462, 349.0235, -203.5400,  0, 0, 0
L 140.4462, 349.0235, -203.5400,  140.4494, 338.3943, -203.5400,  0, 0, 0
L 140.4494, 338.3943, -203.2383,  -40.1089, 338.3925, -203.5399,  0, 0, 0
L -40.1089, 338.3925, -203.5399,  -40.1077, 379.5558, -203.5399,  0, 0, 0
L -40.1077, 379.5558, -203.5399,  -64.1091, 379.5555, -203.5387,  0, 0, 0
L -64.1091, 379.5555, -203.5387,  -64.1084, 403.5559, -203.5399,  0, 0, 0
L -64.1084, 403.5559, -203.5397,  -85.3570, 403.5569, -203.5375,  0, 0, 0
L -85.3570, 403.5569, -203.5375,  -85.3543, 416.8947, -203.5438,  0, 0, 0
L -85.3543, 416.8947, -203.5438,  -76.8754, 416.8940, -203.5402,  0, 0, 0
L -76.8754, 416.8940, -203.5396,  -76.8768, 466.7473, -203.5396,  0, 0, 0
L -76.8768, 466.7473, -203.5424,  -85.3568, 466.7476, -203.5424,  0, 0, 0
L -85.3568, 466.7476, -203.5424,  -85.3562, 492.6642, -203.5374,  0, 0, 0
L -85.3562, 492.6642, -203.5394,  -93.8890, 492.6761, -203.5394,  0, 0, 0
L -85.3569, 564.2116, -203.5396,  -93.8898, 564.2028, -203.5396,  0, 0, 0
L -93.8904, 590.1368, -203.5435,  -102.3696, 590.1125, -203.5397,  0, 0, 0
L -85.3569, 564.2116, -203.5394,  -85.3569, 590.1368, -203.5433,  0, 0, 0
L -93.8898, 564.2028, -203.5396,  -93.8904, 590.1368, -203.5433,  0, 0, 0
L -93.8890, 492.6761, -203.5394,  -93.8911, 466.7476, -203.5423,  0, 0, 0
L -93.8911, 466.7476, -203.5423,  -102.3688, 466.7728, -203.5394,  0, 0, 0
L -102.3688, 466.7728, -203.5394,  -102.3703, 416.8947, -203.5394,  0, 0, 0
L -102.3703, 416.8947, -203.5428,  -93.8897, 416.8947, -203.5429,  0, 0, 0
L -93.8897, 416.8947, -203.5429,  -93.8894, 403.5559, -203.5394,  0, 0, 0
L -93.8894, 403.5559, -203.5394,  -114.8484, 403.5562, -203.5394,  0, 0, 0
L -114.8484, 403.5562, -203.5394,  -114.8463, 379.5572, -203.5375,  0, 0, 0
L -114.8463, 379.5572, -203.5375,  -138.8446, 379.5568, -203.5394,  0, 0, 0
L -138.8446, 379.5568, -203.5394,  -138.8707, 330.5615, -203.5395,  0, 0, 0
L -138.8707, 330.5615, -203.5395,  -114.8468, 330.5626, -203.5379,  0, 0, 0
L -114.8468, 330.5626, -203.5379,  -114.8474, 316.1649, -203.5395,  0, 0, 0
L -114.8474, 316.1649, -203.5395,  -141.6814, 315.6870, -203.5395,  0, 0, 0
L -141.6814, 315.6870, -203.5395,  -175.4803, 310.6766, -205.5421,  0, 0, 0
L -175.4803, 310.6766, -205.5421,  -186.2140, 327.7542, -209.1703,  0, 0, 0
L -186.2140, 327.7542, -209.1703,  -192.2287, 331.2613, -205.9709,  0, 0, 0
L -192.2287, 331.2613, -205.9709,  -205.0809, 331.0594, -209.1722,  0, 0, 0
L -205.0809, 331.0594, -209.1722,  -221.6547, 312.9805, -204.9686,  0, 0, 0
L -221.6547, 312.9805, -204.9686,  -218.2689, 298.7881, -202.1694,  0, 0, 0
L -218.2689, 298.7881, -202.1694,  -214.6875, 286.1087, -189.9596,  0, 0, 0
L -214.6875, 286.1087, -189.9596,  -216.9416, 270.8215, -180.3356,  0, 0, 0
L -216.9416, 270.8215, -180.3356,  -222.4234, 252.7063, -173.5037,  0, 0, 0
L -222.4234, 252.7063, -173.5037,  -216.7133, 237.0064, -162.2225,  0, 0, 0
L -216.7133, 237.0064, -162.2225,  -214.2919, 212.6575, -146.6763,  0, 0, 0
L -214.2919, 212.6575, -146.6763,  -218.5322, 187.4127, -136.2968,  0, 0, 0
L -218.5322, 187.4127, -136.2968,  -217.7612, 172.1030, -134.3461,  0, 0, 0
L -217.7612, 172.1030, -134.3461,  -205.0317, 159.8573, -126.8463,  0, 0, 0
L -205.0317, 159.8573, -126.8463,  -186.1354, 132.5130, -119.9199,  0, 0, 0
L -186.1354, 132.5130, -119.9199,  -167.3957, 130.0933, -116.2129,  0, 0, 0
L -167.3957, 130.0933, -116.2129,  -145.6693, 123.4443, -104.7611,  0, 0, 0
L -145.6693, 123.4443, -104.7611,  -130.8211, 121.6047, -93.4667,  0, 0, 0
L -130.8211, 121.6047, -93.4667,  -120.5546, 119.8987, -88.2596,  0, 0, 0
L -120.5546, 119.8987, -88.2596,  -100.9678, 124.4710, -72.8266,  0, 0, 0
L -100.9678, 124.4710, -72.8266,  -90.6201, 125.3368, -63.1634,  0, 0, 0
L -102.3696, 590.1125, -203.5397,  -102.3684, 639.9892, -203.5397,  0, 0, 0
L -102.3684, 639.9892, -203.5427,  -93.8905, 639.9893, -203.5437,  0, 0, 0
L -93.8905, 639.9893, -203.5437,  -93.8895, 653.5323, -203.5382,  0, 0, 0
L -93.8895, 653.5323, -203.5382,  -114.9935, 653.5295, -203.5397,  0, 0, 0
L -114.9935, 653.5295, -203.5397,  -114.9921, 677.5319, -203.5380,  0, 0, 0
L -114.9921, 677.5319, -203.5380,  -138.9929, 677.5280, -203.5398,  0, 0, 0
L -138.9929, 677.5280, -203.5398,  -138.9966, 726.5289, -203.5398,  0, 0, 0
L -138.9966, 726.5289, -203.5398,  -114.9921, 726.5250, -203.5384,  0, 0, 0
L -114.9921, 726.5250, -203.5384,  -114.9929, 750.5247, -203.5398,  0, 0, 0
L -114.9929, 750.5247, -203.5398,  -98.7029, 750.5251, -203.5385,  0, 0, 0
L -98.7029, 750.5251, -203.5385,  -98.6968, 754.1565, -203.5398,  0, 0, 0
L -98.6968, 754.1565, -203.5398,  -91.3190, 754.1476, -203.5398,  0, 0, 0
L -91.3338, 750.5262, -203.5399,  -80.1086, 750.5251, -203.5387,  0, 0, 0
L -80.1086, 750.5251, -203.5387,  -80.1073, 754.1557, -203.5398,  0, 0, 0
L -91.3338, 750.5262, -203.5384,  -91.3190, 754.1476, -203.5398,  0, 0, 0
L -80.1073, 754.1557, -203.5398,  -72.7254, 754.1477, -203.5398,  0, 0, 0
L -72.7254, 754.1477, -203.5398,  -72.7402, 750.5249, -203.5398,  0, 0, 0
L -72.7402, 750.5249, -203.5398,  -64.2539, 750.5289, -203.5398,  0, 0, 0
L -64.2539, 750.5289, -203.5398,  -64.2544, 726.5250, -203.5398,  0, 0, 0
L -64.2544, 726.5250, -203.5398,  -40.2544, 726.5304, -203.5398,  0, 0, 0
L -40.2544, 726.5304, -203.5398,  -40.2486, 677.5316, -203.5399,  0, 0, 0
L -40.2486, 677.5316, -203.5398,  -64.2543, 677.5323, -203.5398,  0, 0, 0
L -85.3570, 653.5322, -203.5397,  -85.3564, 639.9893, -203.5427,  0, 0, 0
L -85.3564, 639.9893, -203.5427,  -76.8757, 640.0074, -203.5397,  0, 0, 0
L -64.2515, 653.5307, -203.5398,  -85.3569, 653.5324, -203.5384,  0, 0, 0
L -64.2515, 653.5307, -203.5398,  -64.2541, 677.5325, -203.5383,  0, 0, 0
L -76.8757, 640.0074, -203.5397,  -76.8788, 590.1368, -203.5397,  0, 0, 0
L -85.3565, 590.1368, -203.5432,  -76.8788, 590.1368, -203.5418,  0, 0, 0
L -64.2530, 829.3470, -203.5397,  -72.7424, 829.3484, -203.5386,  0, 0, 0
L -72.7424, 829.3484, -203.5386,  -72.7402, 825.6936, -203.5397,  0, 0, 0
L -72.7402, 825.6936, -203.5398,  -80.1070, 825.6833, -203.5397,  0, 0, 0
L -80.1070, 825.6833, -203.5397,  -80.1050, 829.3483, -203.5390,  0, 0, 0
L -80.1050, 829.3483, -203.5390,  -91.3356, 829.3477, -203.5397,  0, 0, 0
L -91.3356, 829.3477, -203.5397,  -91.3348, 825.6927, -203.5397,  0, 0, 0
L -91.3348, 825.6927, -203.5397,  -98.7553, 825.6818, -203.5397,  0, 0, 0
L -98.7553, 825.6818, -203.5398,  -98.6994, 829.3491, -203.5387,  0, 0, 0
L -98.6994, 829.3491, -203.5387,  -114.9986, 829.3479, -203.5398,  0, 0, 0
L -114.9986, 829.3479, -203.5398,  -114.9928, 853.3458, -203.5378,  0, 0, 0
L -114.9928, 853.3458, -203.5378,  -138.9924, 853.3456, -203.5397,  0, 0, 0
L -138.9924, 853.3456, -203.5397,  -138.9943, 902.3420, -203.5398,  0, 0, 0
L -138.9943, 902.3420, -203.5397,  -114.9923, 902.3417, -203.5381,  0, 0, 0
L -114.9923, 902.3417, -203.5381,  -114.9948, 926.3423, -203.5397,  0, 0, 0
L -114.9948, 926.3423, -203.5397,  -93.8901, 926.3410, -203.5382,  0, 0, 0
L -93.8901, 926.3410, -203.5382,  -93.8921, 939.8843, -203.5434,  0, 0, 0
L -93.8921, 939.8843, -203.5434,  -102.3688, 939.8842, -203.5433,  0, 0, 0
L -102.3688, 939.8842, -203.5397,  -102.3708, 989.7737, -203.5398,  0, 0, 0
L -102.3708, 989.7737, -203.5398,  -93.8903, 989.7364, -203.5428,  0, 0, 0
L -93.8903, 989.7364, -203.5428,  -93.9218, 1015.6667, -203.5398,  0, 0, 0
L -93.9218, 1015.6667, -203.5398,  -85.3570, 1015.6664, -203.5398,  0, 0, 0
L -85.3570, 1015.6664, -203.5398,  -85.3559, 989.7365, -203.5428,  0, 0, 0
L -85.3559, 989.7365, -203.5428,  -76.8773, 989.7505, -203.5399,  0, 0, 0
L -76.8773, 989.7505, -203.5398,  -76.8747, 939.9349, -203.5398,  0, 0, 0
L -76.8747, 939.9349, -203.5790,  -85.3572, 939.8843, -203.5436,  0, 0, 0
L -85.3572, 939.8843, -203.5436,  -85.3568, 926.3417, -203.5385,  0, 0, 0
L -85.3568, 926.3417, -203.5385,  -64.2536, 926.3404, -203.5398,  0, 0, 0
L -64.2536, 926.3404, -203.5398,  -64.2542, 902.3414, -203.5380,  0, 0, 0
L -64.2542, 902.3414, -203.5380,  -40.2533, 902.3416, -203.5398,  0, 0, 0
L -40.2533, 902.3416, -203.5398,  -40.2547, 853.3481, -203.5398,  0, 0, 0
L -40.2547, 853.3481, -203.5398,  -64.2543, 853.3484, -203.5386,  0, 0, 0
L -64.2543, 853.3484, -203.5386,  -64.2530, 829.3470, -203.5397,  0, 0, 0
L -437.5933, 358.3848, -393.8516,  -403.4081, 358.3773, -393.8516,  127, 64, 0
L -403.4081, 358.3773, -393.7871,  -403.4087, 347.7543, -393.7776,  127, 64, 0
L -403.4087, 347.7543, -393.7578,  -355.4086, 347.7550, -393.7681,  127, 64, 0
L -355.4086, 347.7550, -393.7681,  -355.4097, 244.0329, -393.4784,  127, 64, 0
L -355.4097, 244.0329, -393.4785,  -343.5605, 244.0341, -393.4766,  127, 64, 0
L -343.5605, 244.0341, -393.4766,  -344.6191, 180.9886, -398.9513,  127, 64, 0
L -344.6191, 180.9886, -398.9513,  -349.7711, 156.5391, -398.9513,  127, 64, 0
L -349.7711, 156.5391, -398.9513,  -350.5847, 130.1776, -398.9339,  127, 64, 0
L -350.5847, 130.1776, -398.9339,  -348.5266, 109.7271, -397.6848,  127, 64, 0
L -348.5266, 109.7271, -397.6848,  -351.7181, 89.0850, -395.7975,  127, 64, 0
L -351.7181, 89.0850, -395.7975,  -367.0678, 86.1408, -397.2806,  127, 64, 0
L -367.0678, 86.1408, -397.2806,  -396.3509, 80.1154, -398.8887,  127, 64, 0
L -396.3509, 80.1154, -398.8887,  -438.2564, 80.0350, -398.6336,  127, 64, 0
L -438.2564, 80.0350, -398.6336,  -497.9618, 81.2805, -391.6934,  127, 64, 0
L -497.9618, 81.2805, -391.6934,  -544.1163, 97.1335, -394.6519,  127, 64, 0
L -544.1163, 97.1335, -394.6519,  -572.3297, 86.9863, -396.2464,  127, 64, 0
L -572.3297, 86.9863, -396.2464,  -602.0147, 80.0361, -397.7235,  127, 64, 0
L -602.0147, 80.0361, -397.7235,  -620.2501, 80.2542, -395.7538,  127, 64, 0
L -620.2501, 80.2542, -395.7538,  -641.8794, 84.2631, -394.0754,  127, 64, 0
L -641.8794, 84.2631, -394.0754,  -669.5557, 84.6675, -393.6794,  127, 64, 0
L -669.5557, 84.6675, -393.6794,  -726.8381, 80.0693, -398.6965,  127, 64, 0
L -726.8381, 80.0693, -398.6965,  -744.7015, 80.3629, -398.7614,  127, 64, 0
L -744.7015, 80.3629, -398.7614,  -759.0515, 84.6259, -398.1270,  127, 64, 0
L -759.0515, 84.6259, -398.1270,  -785.2724, 93.3616, -396.0211,  127, 64, 0
L -785.2724, 93.3616, -396.0211,  -792.0331, 123.6623, -398.7601,  127, 64, 0
L -792.0331, 123.6623, -398.7601,  -793.5638, 136.7296, -398.8080,  127, 64, 0
L -793.5638, 136.7296, -398.8080,  -793.6245, 179.0949, -398.6310,  127, 64, 0
L -793.6245, 179.0949, -398.6310,  -797.6628, 205.9245, -395.4388,  127, 64, 0
L -797.6628, 205.9245, -395.4388,  -797.1346, 232.7667, -393.2735,  127, 64, 0
L -797.1346, 232.7667, -393.2735,  -793.7978, 253.4301, -393.6164,  127, 64, 0
L -793.7978, 253.4301, -393.6164,  -793.6126, 307.9765, -398.6022,  127, 64, 0
L -793.6126, 307.9765, -398.6022,  -792.0983, 335.3877, -397.7509,  127, 64, 0
L -792.0983, 335.3877, -397.7509,  -784.9448, 368.3937, -397.3364,  127, 64, 0
L -784.9448, 368.3937, -397.3364,  -784.5241, 370.5121, -397.4215,  127, 64, 0
L -784.5241, 370.5121, -397.4215,  -755.3045, 376.3719, -395.4513,  127, 64, 0
L -755.3045, 376.3719, -395.4513,  -743.3961, 378.9609, -395.4785,  127, 64, 0
L -743.3961, 378.9609, -395.4785,  -720.5262, 379.0353, -393.5023,  127, 64, 0
L -720.5262, 379.0353, -393.5023,  -678.6372, 379.0424, -393.6863,  127, 64, 0
L -678.6372, 379.0424, -393.6863,  -678.6389, 350.4770, -393.6001,  127, 64, 0
L -678.6389, 350.4770, -393.6015,  -654.6368, 350.4776, -393.5997,  127, 64, 0
L -654.6368, 350.4776, -393.5997,  -654.6386, 326.4771, -393.5183,  127, 64, 0
L -654.6386, 326.4771, -393.5146,  -605.6438, 326.4770, -393.5163,  127, 64, 0
L -605.6438, 326.4770, -393.5272,  -605.6443, 350.4777, -393.6791,  127, 64, 0
L -605.6443, 350.4777, -393.6791,  -582.1403, 350.4772, -393.7592,  127, 64, 0
L -582.1373, 358.3841, -393.7592,  -582.1404, 350.1430, -393.7565,  127, 64, 0
L -582.1373, 358.3841, -393.8552,  -459.6091, 358.3836, -393.8517,  127, 64, 0
P 39.0306, -44.7619, -46.3652,  0, 127, 0,  3,  to_The_Harbinger's_Cradle