P 4313.8530, 767.3495, 29.3794,  0, 0, 0,  1,  Egg
P 2469.6956, 504.4550, 39.5673,  0, 0, 0,  1,  Egg
P 4979.7852, 3779.1868, 6.6863,  0, 0, 0,  1,  Egg
P 5525.3799, 3477.2476, 35.8757,  0, 0, 0,  1,  Egg
P 5184.3804, 2939.2461, 32.5454,  0, 0, 0,  1,  Egg
P 5347.9448, 2814.4668, 12.7962,  0, 0, 0,  1,  Egg
P 5485.7344, 2676.4607, -1.1081,  0, 0, 0,  1,  Egg
P 4383.1382, 2637.2698, 12.2860,  0, 0, 0,  1,  Egg
P 4373.4609, 2487.1851, 15.7868,  0, 0, 0,  1,  Egg
P 5642.6631, 2530.2820, -2.2467,  0, 0, 0,  1,  Egg
P 5676.2837, 2413.5911, -2.2368,  0, 0, 0,  1,  Egg
P 5614.4546, 2886.3191, -2.2507,  0, 0, 0,  1,  Egg
P 4836.7319, 3103.8274, 37.9594,  0, 0, 0,  1,  Egg
P 4539.8892, 3192.9771, 34.9838,  0, 0, 0,  1,  Egg
P 5564.5698, 3589.1575, 29.3855,  0, 0, 0,  1,  Egg
P 4729.8638, 3712.4534, 0.5437,  0, 0, 0,  1,  Egg
P 1994.4164, 3725.5313, 12.8794,  0, 0, 0,  1,  Egg
P 1964.4910, 3689.8853, 17.1300,  0, 0, 0,  1,  Egg
P 1985.5414, 3604.3345, 25.4805,  0, 0, 0,  1,  Egg
P 2213.5796, 3655.3101, 21.1328,  0, 0, 0,  1,  Egg
P 5302.4102, 501.8290, -13.8437,  0, 0, 127,  2,  a_wandering_spirit_(Shm_1.0)
P 12566.4756, -1333.9823, 85.8528,  0, 0, 127,  2,  Yuanda_(Ncr-PRE)
P 10942.5049, 3971.3721, -10.2270,  127, 0, 0,  2,  Shady_Bandit(Ncr-PRE)
P 4454.1484, 702.8804, 11.3500,  127, 0, 0,  2,  Sir_Arlindo_Goldheart(Ncr1.5)*
P 2440.2000, 527.1599, 41.5600,  0, 0, 127,  2,  Konia_Swiftfoot_(BRD1.0)
P 10904.2803, -1251.6803, 205.9209,  0, 0, 127,  2,  Maligar(BRD1.0)
P 7363.4258, -1359.6115, 99.2219,  127, 0, 0,  2,  Mystik(Mnk_Pre-Q)
P 1989.8506, -1047.9347, -1.1103,  0, 0, 127,  2,  Chrisln_Baker(Ench1.0)
P 531.0000, -15.0000, -5.1137,  0, 0, 0,  2,  Succor
