P -347.0142, -771.5875, 307.1783,  240, 0, 0,  3,  Pfath_of_the_Wind
P 650.6822, 171.1788, -273.7019,  240, 0, 0,  3,  Windshear
P -963.1866, 629.6086, -276.6303,  240, 0, 0,  3,  Sharosh_the_Lost*
P 815.0000, -85.0000, 224.8996,  240, 0, 0,  3,  Mariththe_Fireborn_(above)
P -117.9455, -1654.7659, -276.1310,  240, 0, 0,  3,  Whisper
P 39.1253, -1612.6216, 419.1170,  240, 0, 0,  3,  Vosk_the_Terrakin
P -678.2990, 690.6183, -276.6241,  240, 0, 0,  3,  Sharosh*
P -337.0065, 786.4767, -278.1442,  240, 0, 0,  3,  Sharosh*
P -553.2708, 693.9550, -278.1442,  240, 0, 0,  3,  Sharosh
P -409.2094, 935.6609, -278.1440,  240, 0, 0,  3,  Sharosh*
