L 223.7493, 239.4076, -150.4007,  223.7003, 275.7758, -150.3998,  127, 64, 0
P 134.8093, -3.3869, -25.2406,  240, 0, 0,  3,  Drenda
P -276.9684, -238.3451, -26.7329,  240, 0, 0,  3,  Husk_Devourer*
P 283.9970, 154.1913, -150.4103,  240, 0, 0,  3,  Matriarch
P -45.5375, 526.9043, -23.5476,  240, 0, 0,  3,  Mite
P -9.1570, 613.8766, -24.4516,  240, 0, 0,  2,  Chirid
P -76.1686, 567.2307, -24.4519,  240, 0, 0,  3,  Chirid
P -176.7451, -8.7220, -27.4201,  240, 0, 0,  3,  Lherre
P -3.3381, -310.8603, -24.9764,  240, 0, 0,  3,  The_Headsman
P -430.0000, -592.0000, 200.2028,  240, 0, 0,  3,  Drenda_Gnarledgear
P -437.9917, -575.5651, 200.2108,  240, 0, 0,  3,  Coagulation_of_Spite
P -429.5059, -551.8699, 193.7656,  240, 0, 0,  3,  Scorned_Weeper
P -432.2395, -571.7837, 199.0656,  0, 0, 0,  1,  Map_by_Goodurden
P -433.4187, -561.1373, 196.1312,  0, 0, 0,  2,  HF:_
P 67.9959, 419.4247, -22.4673,  240, 0, 0,  3,  Chirid_(inside_locked_room)
P -287.7783, 241.0819, -26.9567,  240, 0, 0,  3,  Husk_Devourer
P 49.4579, 72.8712, -25.2706,  240, 0, 0,  3,  Drenda
P -55.9921, -34.7257, -25.2307,  240, 0, 0,  3,  Drenda
P -14.9374, -94.4199, -25.2274,  240, 0, 0,  3,  Drenda
P 490.8082, 10.0012, -62.5753,  240, 0, 0,  3,  Matriarch
P 139.9571, -138.3219, -147.6994,  240, 0, 0,  3,  Matriarch
P 362.7263, -147.8615, -125.7658,  240, 0, 33,  3,  Matriarch
P 217.6955, 282.1944, -150.4402,  240, 0, 0,  3,  Matriarch
