P -15.0921, -283.4016, -26.2833,  0, 0, 0,  2,  level?
P -293.8368, -289.4356, -151.7335,  0, 0, 127,  2,  Sezzic_Moldgrinder
P 413.5503, -8.0013, -49.5018,  0, 0, 0,  2,  level?
P -350.0211, 142.9498, -28.2875,  0, 0, 127,  2,  Heloise_Alston_(will_cooperate)
P -5.8397, -354.5684, -26.2834,  0, 0, 0,  2,  Spiteful_Mechanical_Part_Azia_(North)
P 6.2810, 266.0922, -26.2834,  0, 0, 0,  2,  level?
P -5.4503, 338.9954, -26.2834,  0, 0, 0,  2,  Spiteful_Mechanical_Caza_(South)
P -430.0000, -592.0000, 199.0676,  0, 0, 0,  2,  Succor
P 67.5778, -402.1929, -26.9485,  127, 64, 0,  2,  Find_the_Door
P -330.0659, 8.2760, -24.9362,  0, 0, 0,  2,  Spiteful_Mechanical_Part_Beza_(West)
P 209.8343, 209.3880, -20.4146,  0, 0, 0,  2,  Contempt
P -215.7313, 205.8875, -20.1687,  0, 0, 0,  2,  Jalousy
P -3.6547, 217.2851, -28.6356,  0, 0, 0,  2,  Envy
P 329.0264, -7.7692, -26.5078,  0, 0, 0,  2,  Spiteful_Mechanical_Dena_(East)
P 174.7744, 416.6615, -26.9785,  127, 64, 0,  3,  additional_leads
P -209.6092, -219.7234, -20.1227,  0, 0, 0,  2,  Malice
P 198.0885, -202.4928, -20.1872,  0, 0, 0,  2,  Spite
P 207.1505, -216.3226, -20.4691,  0, 0, 0,  2,  Malice
P -7.2546, 520.0465, -25.8187,  0, 0, 0,  2,  Envy
