P 3226.0000, 4489.0000, 0.0000,  0, 127, 0,  2,  Dock
P -2783.0000, 1293.0000, 0.0000,  127, 64, 0,  2,  Ogre_Raiders
P -3566.0000, -5873.0000, 0.0000,  0, 0, 0,  2,  Dock
P 5739.9355, 4107.1523, 11.1353,  0, 0, 0,  1,  Timorous_Coconut
P 4815.4092, -6283.5757, 14.8693,  0, 0, 0,  1,  Timousous_Coconut
P 1539.6464, -5839.1343, 11.3994,  0, 0, 0,  1,  Timorous_Coconut
P -3163.6082, 6876.5566, -3.1044,  0, 0, 0,  3,  X
P 2028.4235, -5807.4512, 6.1867,  0, 127, 127,  3,  Captain__Jack_Aviak_#2
P 1391.8195, -5264.8633, 10.5557,  0, 127, 127,  3,  Bosun_Darwor
P -713.8443, -5880.7021, -1.2947,  0, 127, 127,  3,  Captain_Jack_Aviak_#3
P -2520.2729, -5894.6636, 8.4638,  0, 127, 127,  3,  Captain_Jack_Aviak_#4
P 1385.4094, -5227.7070, 12.9824,  127, 0, 0,  3,  Silithis_Sisnta(Sk_1.5)
P -3835.2451, -6480.5195, 277.5092,  0, 0, 127,  2,  Drendico_Metalbones(Ncr1.0)*
P -3060.9048, -7541.9385, 85.2651,  0, 0, 0,  1,  deckhand
P 4225.9346, -5611.9395, 11.7969,  0, 0, 0,  1,  Prismatic_Crystal(GS)Wiz1.5)
P -2831.5957, 6324.3369, 4.5298,  0, 0, 0,  1,  Severely_Damaged_Dragon_Head_Hilt(GS)War1.0)
P -2978.8970, 8975.4189, 257.5192,  0, 0, 127,  2,  Scout_Sihmoj(BST1.0)
P 2207.8604, 11629.3242, 68.3843,  0, 0, 127,  2,  Lheao(Mnk1.0)
P -2721.4453, 5997.1558, 4.8994,  0, 0, 127,  2,  Alrik_Farsight*(Drd/Rng1.0)
P 1856.4943, 11819.9971, -1.2618,  0, 0, 127,  2,  Dolgin_Codslayer(Drd1.0
P -1982.7845, 9203.4492, 8.2493,  127, 0, 0,  2,  Draz_Nurakk(BST1.0)
P 1727.8677, 11572.9531, 8.9958,  0, 0, 240,  2,  an_epic_request_(Clr)
P 3068.9636, 4984.5146, 15.5957,  0, 0, 127,  2,  Chef_Saroc_'Anniversary
P 5502.3657, 5099.7915, -1.9148,  127, 0, 0,  2,  Plump_Spirocs_'Anniversary
P 6406.3774, 4904.6641, -31.5924,  127, 0, 0,  2,  plump_streamer_+_Sledge(Shark)*_'Anniversary