L 322.1295, 12.4845, -5.3285,  302.1726, 12.4856, -5.3285,  0, 0, 0
L 302.1729, 13.4772, -5.3285,  302.1714, 9.2527, -5.3285,  0, 0, 0
L 322.1720, -12.3712, -5.3284,  302.1717, -12.3789, -5.3285,  0, 0, 0
L 302.1701, -13.3676, -5.3285,  302.1767, -9.1459, -5.3285,  0, 0, 0
L 322.1720, -12.3712, -5.3285,  332.4889, -30.5458, -5.3285,  0, 0, 0
L 332.4889, -30.5458, -5.3285,  367.7311, -30.4742, -5.3288,  0, 0, 0
L 367.7311, -30.4742, -5.3288,  385.6024, 0.1544, -5.3285,  0, 0, 0
L 385.6024, 0.1544, -5.3285,  367.7530, 30.5996, -5.3285,  0, 0, 0
L 367.7530, 30.5996, -5.3285,  332.4308, 30.6235, -5.3285,  0, 0, 0
L 332.4308, 30.6235, -5.3285,  322.1295, 12.4845, -5.3285,  0, 0, 0
L 295.3047, 9.2526, -5.3366,  295.3037, 13.4791, -5.3367,  0, 0, 0
L 295.3037, 13.4791, -5.3283,  302.1729, 13.4772, -5.3283,  0, 0, 0
L 297.5786, 13.4785, -5.3283,  297.5789, 36.2656, -5.3283,  0, 0, 0
L 302.1714, 9.2527, -5.3285,  295.3047, 9.2526, -5.3275,  0, 0, 0
L 295.3045, -9.1461, -5.3284,  302.1767, -9.1459, -5.3285,  0, 0, 0
L 295.3045, -9.1461, -5.3367,  295.3033, -13.3729, -5.3369,  0, 0, 0
L 295.3033, -13.3729, -5.3284,  302.1701, -13.3676, -5.3284,  0, 0, 0
L 297.5785, -13.3711, -5.3284,  297.5778, -36.1567, -5.3283,  0, 0, 0
L 297.5778, -36.1567, -5.3283,  323.4446, -36.1565, -5.3284,  0, 0, 0
L 323.4446, -36.1565, -5.3284,  326.4123, -41.2604, -5.3284,  0, 0, 0
L 326.4123, -41.2604, -5.3284,  332.0881, -41.2572, -5.3284,  0, 0, 0
L 332.0881, -41.2572, -5.3284,  332.0876, -47.1496, -5.3284,  0, 0, 0
L 332.0876, -47.1496, -5.3284,  368.4286, -47.1508, -5.3284,  0, 0, 0
L 368.4286, -47.1508, -5.3284,  368.4279, -41.2580, -5.3284,  0, 0, 0
L 368.4279, -41.2580, -5.3284,  374.1095, -41.2587, -5.3284,  0, 0, 0
L 374.1095, -41.2587, -5.3284,  376.9498, -36.3379, -5.3284,  0, 0, 0
L 376.9498, -36.3379, -5.3284,  382.0515, -39.2840, -5.3284,  0, 0, 0
L 382.0515, -39.2840, -5.3284,  400.2211, -7.8120, -5.3284,  0, 0, 0
L 400.2211, -7.8120, -5.3284,  395.1199, -4.8672, -5.3284,  0, 0, 0
L 397.9607, 0.0531, -5.3284,  395.1192, -4.8662, -5.3284,  0, 0, 0
L 397.9607, 0.0531, -5.3284,  395.1196, 4.9735, -5.3284,  0, 0, 0
L 395.1196, 4.9735, -5.3284,  400.2214, 7.9197, -5.3284,  0, 0, 0
L 400.2214, 7.9197, -5.3284,  382.0521, 39.3917, -5.3284,  0, 0, 0
L 382.0521, 39.3917, -5.3284,  376.9501, 36.4444, -5.3284,  0, 0, 0
L 376.9501, 36.4444, -5.3284,  374.1096, 41.3650, -5.3284,  0, 0, 0
L 374.1096, 41.3650, -5.3284,  368.4277, 41.3645, -5.3284,  0, 0, 0
L 368.4277, 41.3645, -5.3284,  368.4271, 47.2563, -5.3283,  0, 0, 0
L 368.4271, 47.2563, -5.3283,  332.0866, 47.2566, -5.3283,  0, 0, 0
L 332.0866, 47.2566, -5.3283,  332.0887, 41.3647, -5.3283,  0, 0, 0
L 332.0887, 41.3647, -5.3283,  326.4193, 41.3660, -5.3284,  0, 0, 0
L 326.4193, 41.3660, -5.3284,  323.4426, 36.2630, -5.3284,  0, 0, 0
L 323.4426, 36.2630, -5.3284,  297.5789, 36.2656, -5.3283,  0, 0, 0
L 407.2168, -413.2181, -9.6697,  407.2204, 332.1530, 43.5689,  0, 0, 0
L 407.2204, 332.1530, 43.5689,  379.1567, 327.3787, 29.4785,  0, 0, 0
L 379.1567, 327.3787, 29.4785,  374.6856, 320.5108, 27.0236,  0, 0, 0
L 374.6856, 320.5108, 27.0236,  368.1665, 318.3824, 22.3147,  0, 0, 0
L 368.1665, 318.3824, 22.3147,  364.6971, 320.2600, 22.5274,  0, 0, 0
L 364.6971, 320.2600, 22.5274,  350.8146, 326.3166, 21.2021,  0, 0, 0
L 350.8146, 326.3166, 21.2021,  349.2088, 333.2406, 22.8859,  0, 0, 0
L 349.2088, 333.2406, 22.8859,  344.2453, 335.9035, 23.2330,  0, 0, 0
L 344.2453, 335.9035, 23.2330,  339.8967, 340.0700, 24.1451,  0, 0, 0
L 339.8967, 340.0700, 24.1451,  333.7367, 337.8639, 22.8931,  0, 0, 0
L 333.7367, 337.8639, 22.8931,  319.2805, 352.8261, 25.4520,  0, 0, 0
L 319.2805, 352.8261, 25.4520,  318.0693, 365.5463, 26.8567,  0, 0, 0
L 318.0693, 365.5463, 26.8567,  266.8834, 362.9792, 26.0103,  0, 0, 0
L 266.8834, 362.9792, 26.0103,  252.3794, 365.2980, 25.7233,  0, 0, 0
L 252.3794, 365.2980, 25.7233,  247.8189, 371.4551, 26.8031,  0, 0, 0
L 247.8189, 371.4551, 26.8031,  243.0746, 366.2534, 25.2674,  0, 0, 0
L 243.0746, 366.2534, 25.2674,  231.4107, 366.7908, 28.4349,  0, 0, 0
L 231.4107, 366.7908, 28.4349,  185.6830, 375.9371, 26.5186,  0, 0, 0
L 185.6830, 375.9371, 26.5186,  180.4383, 364.3151, 24.7660,  0, 0, 0
L 180.4383, 364.3151, 24.7660,  147.6716, 347.1292, 19.1084,  0, 0, 0
L 147.6716, 347.1292, 17.5116,  110.1848, 343.3448, 16.0524,  0, 0, 0
L 110.1848, 343.3448, 16.0524,  89.2949, 359.6832, 21.6519,  0, 0, 0
L 89.2949, 359.6832, 22.0496,  90.6735, 366.6322, 22.6378,  0, 0, 0
L 90.6735, 366.6322, 22.6378,  85.2482, 370.6254, 22.4843,  0, 0, 0
L 85.2482, 370.6254, 22.4843,  80.4585, 377.0952, 23.1863,  0, 0, 0
L 80.4585, 377.0952, 23.1863,  71.9861, 377.7430, 22.9790,  0, 0, 0
L 71.9861, 377.7430, 22.9790,  60.0657, 396.3249, 26.0061,  0, 0, 0
L 60.0657, 396.3249, 26.0061,  61.4282, 413.2776, 29.0902,  0, 0, 0
L 61.4282, 413.2776, 29.0902,  4.6193, 419.2823, 24.9068,  0, 0, 0
L 4.6193, 419.2823, 24.9068,  -9.0890, 425.5930, 27.7878,  0, 0, 0
L -9.0890, 425.5930, 27.7878,  -11.0036, 431.2163, 28.2387,  0, 0, 0
L -11.0036, 431.2163, 28.2387,  -17.0684, 427.6774, 27.2681,  0, 0, 0
L -17.0684, 427.6774, 27.2681,  -33.5744, 430.0735, 26.4143,  0, 0, 0
L -33.5744, 430.0735, 26.4143,  -66.2242, 444.4279, 28.7725,  0, 0, 0
L -66.2242, 444.4279, 28.7725,  -67.9602, 434.5850, 28.7593,  0, 0, 0
L -67.9602, 434.5850, 28.7593,  -78.7987, 425.0340, 27.5069,  0, 0, 0
L -78.7987, 425.0340, 27.5069,  -91.2277, 421.3759, 26.2784,  0, 0, 0
L -91.2277, 421.3759, 26.2784,  -99.7074, 414.5760, 23.7779,  0, 0, 0
L -99.7074, 414.5760, 23.7779,  -105.9847, 412.5400, 22.8452,  0, 0, 0
L -105.9847, 412.5400, 22.8452,  -106.6760, 404.9304, 20.5886,  0, 0, 0
L -106.6760, 404.9304, 20.5886,  -130.2502, 396.3542, 20.0986,  0, 0, 0
L -130.2502, 396.3542, 20.0986,  -154.0329, 405.1281, 20.1333,  0, 0, 0
L -154.0329, 405.1281, 20.1333,  -155.2587, 412.7737, 21.9325,  0, 0, 0
L -155.2587, 412.7737, 21.9325,  -162.0074, 415.3480, 21.2432,  0, 0, 0
L -162.0074, 415.3480, 21.2432,  -170.4254, 422.3963, 26.5820,  0, 0, 0
L -170.4254, 422.3963, 26.5820,  -193.0783, 434.4802, 27.3776,  0, 0, 0
L -193.0783, 434.4802, 27.3776,  -195.9921, 454.5876, 24.7658,  0, 0, 0
L -195.9921, 454.5876, 24.7658,  -252.6252, 459.1110, 30.0580,  0, 0, 0
L -252.6252, 459.1110, 30.0580,  -266.0979, 461.4862, 29.5467,  0, 0, 0
L -266.0979, 461.4862, 29.5467,  -269.6221, 467.2787, 29.2878,  0, 0, 0
L -269.6221, 467.2787, 29.2878,  -275.4280, 463.1975, 28.8556,  0, 0, 0
L -275.4280, 463.1975, 28.8556,  -292.1354, 464.6436, 27.2954,  0, 0, 0
L -292.1354, 464.6436, 27.2954,  -330.4037, 477.5246, 29.4539,  0, 0, 0
L -330.4037, 477.5246, 29.4539,  -332.1352, 470.0139, 27.9832,  0, 0, 0
L -332.1352, 470.0139, 27.9832,  -351.9206, 454.0190, 21.0249,  0, 0, 0
L -351.9206, 454.0190, 21.0249,  -357.7789, 458.3166, 23.2336,  0, 0, 0
L -357.7789, 458.3166, 23.2336,  -364.7750, 453.4224, 20.6708,  0, 0, 0
L -364.7750, 453.4224, 20.6708,  -370.4570, 451.8670, 20.5772,  0, 0, 0
L -370.4570, 451.8670, 20.5772,  -373.3381, 443.7271, 19.6780,  0, 0, 0
L -373.3381, 443.7271, 19.6780,  -398.0679, 437.3235, 19.2411,  0, 0, 0
L -398.0679, 437.3235, 19.2411,  -419.6535, 447.6505, 21.7005,  0, 0, 0
L -419.6535, 447.6505, 21.7005,  -420.3320, 455.2770, 24.3264,  0, 0, 0
L -420.3320, 455.2770, 24.3264,  -428.5973, 459.2958, 23.5610,  0, 0, 0
L -428.5973, 459.2958, 23.5610,  -434.3539, 464.7820, 22.9402,  0, 0, 0
L -434.3539, 464.7820, 22.9402,  -441.5556, 462.5515, 21.3686,  0, 0, 0
L -441.5556, 462.5515, 21.3686,  -458.1075, 480.4402, 27.1966,  0, 0, 0
L -458.1075, 480.4402, 27.1966,  -456.4267, 501.7800, 27.5780,  0, 0, 0
L -456.4267, 501.7800, 27.5780,  -517.8138, 504.2402, 26.3415,  0, 0, 0
L -517.8138, 504.2402, 26.3415,  -530.8524, 508.2067, 27.9119,  0, 0, 0
L -530.8524, 508.2067, 27.9119,  -533.1141, 514.0214, 30.0003,  0, 0, 0
L -533.1141, 514.0214, 30.0003,  -539.6343, 510.1691, 29.0808,  0, 0, 0
L -539.6343, 510.1691, 29.0808,  -557.6042, 512.2169, 28.6478,  0, 0, 0
L -557.6042, 512.2169, 28.6478,  -596.8795, 524.8168, 27.0497,  0, 0, 0
L -596.8795, 524.8168, 27.0497,  -604.4346, 510.2651, 27.4430,  0, 0, 0
L -604.4346, 510.2651, 27.4430,  -622.7721, 500.8276, 24.2780,  0, 0, 0
L -622.7721, 500.8276, 24.2780,  -634.2278, 502.1476, 22.1658,  0, 0, 0
L -634.2278, 502.1476, 22.1658,  -639.9297, 499.6159, 21.2727,  0, 0, 0
L -639.9297, 499.6159, 21.2727,  -646.2477, 498.9550, 20.7505,  0, 0, 0
L -646.2477, 498.9550, 20.7505,  -649.9363, 490.8226, 19.5836,  0, 0, 0
L -649.9363, 490.8226, 19.5836,  -677.4240, 489.4284, 16.2734,  0, 0, 0
L -677.4240, 489.4284, 16.2734,  -694.7065, 502.9346, 21.8170,  0, 0, 0
L -694.7065, 502.9346, 21.8170,  -695.0609, 511.2424, 24.2042,  0, 0, 0
L -695.0609, 511.2424, 24.2042,  -702.4957, 516.7084, 25.2575,  0, 0, 0
L -702.4957, 516.7084, 25.2575,  -709.5601, 526.6719, 27.3382,  0, 0, 0
L -709.5601, 526.6719, 27.3382,  -718.8397, 529.9654, 26.5766,  0, 0, 0
L -718.8397, 529.9654, 26.5766,  -728.0768, 543.4828, 26.8531,  0, 0, 0
L -728.0768, 543.4828, 26.8531,  -726.2347, 561.2017, 28.4783,  0, 0, 0
L -726.2347, 561.2017, 28.4783,  -777.5283, 563.7990, 30.0543,  0, 0, 0
L -777.5283, 563.7990, 30.0543,  -792.5732, 568.1446, 28.1602,  0, 0, 0
L -792.5732, 568.1446, 28.1602,  -795.0618, 572.9979, 27.7641,  0, 0, 0
L -795.0618, 572.9979, 27.7641,  -800.9446, 568.7383, 27.5992,  0, 0, 0
L -800.9446, 568.7383, 27.5992,  -829.6837, 573.9744, 28.5175,  0, 0, 0
L -829.6837, 573.9744, 28.5175,  -854.8984, 582.2736, 27.4499,  0, 0, 0
L -854.8984, 582.2736, 27.4499,  -859.3877, 567.2267, 26.2934,  0, 0, 0
L -859.3877, 567.2267, 26.2934,  -870.0348, 560.9487, 29.8762,  0, 0, 0
L -870.0348, 560.9487, 29.8762,  -878.3848, 562.3605, 30.3008,  0, 0, 0
L -878.3848, 562.3605, 30.3008,  -884.5042, 557.0042, 29.1997,  0, 0, 0
L -884.5042, 557.0042, 29.1997,  -891.6948, 551.9792, 27.5899,  0, 0, 0
L -891.6948, 551.9792, 27.5899,  -902.8442, 548.4875, 25.1601,  0, 0, 0
L -902.8442, 548.4875, 25.1601,  -904.8696, 540.8019, 22.6239,  0, 0, 0
L -904.8696, 540.8019, 22.6239,  -926.5978, 534.8223, 18.7314,  0, 0, 0
L -926.5978, 534.8223, 18.7314,  -949.9949, 545.1252, 20.2713,  0, 0, 0
L -949.9949, 545.1252, 20.2713,  -952.0931, 554.3528, 21.6361,  0, 0, 0
L -952.0931, 554.3528, 21.6361,  -957.2811, 556.8118, 21.1420,  0, 0, 0
L -957.2811, 556.8118, 21.1420,  -964.6553, 563.9286, 24.2676,  0, 0, 0
L -964.6553, 563.9286, 24.2676,  -971.7226, 561.3054, 21.0818,  0, 0, 0
L -971.7226, 561.3054, 21.0818,  -988.1636, 579.1830, 26.1045,  0, 0, 0
L -988.1636, 579.1830, 26.1045,  -988.7764, 595.1971, 28.0895,  0, 0, 0
L -988.7764, 595.1971, 28.7463,  -1050.0712, 596.8274, 23.1064,  0, 0, 0
L -1050.0712, 596.8274, 23.1064,  -1061.4623, 600.7432, 25.6145,  0, 0, 0
L -1061.4623, 600.7432, 25.6145,  -1064.7704, 607.0176, 26.1618,  0, 0, 0
L -1064.7704, 607.0176, 26.1618,  -1071.1183, 602.3350, 26.4083,  0, 0, 0
L -1071.1183, 602.3350, 26.4083,  -1112.1802, 611.9999, 28.7932,  0, 0, 0
L -1112.1802, 611.9999, 28.7932,  -1124.7605, 615.6460, 28.1968,  0, 0, 0
L -1124.7605, 615.6460, 28.1968,  -1129.1913, 602.4019, 27.3433,  0, 0, 0
L -1129.1913, 602.4019, 27.3433,  -1147.1355, 588.4136, 22.4993,  0, 0, 0
L -1147.1355, 588.4136, 22.4993,  -1156.9944, 589.6464, 21.6948,  0, 0, 0
L -1156.9944, 589.6464, 21.6948,  -1161.4878, 586.5533, 20.0455,  0, 0, 0
L -1161.4878, 586.5533, 20.0455,  -1170.8628, 583.2598, 22.3419,  0, 0, 0
L -1170.8628, 583.2598, 22.3419,  -1172.4275, 575.8918, 20.7758,  0, 0, 0
L -1172.4275, 575.8918, 20.7758,  -1199.2228, 569.1063, 16.4815,  0, 0, 0
L -1199.2228, 569.1063, 16.4815,  -1226.3523, 581.5317, 15.8612,  0, 0, 0
L -1226.3523, 581.5317, 15.8612,  -1224.1139, 588.9515, 20.0535,  0, 0, 0
L -1224.1139, 588.9515, 20.0535,  -1229.2610, 591.5719, 22.8603,  0, 0, 0
L -1229.2610, 591.5719, 22.8603,  -1236.0071, 598.3514, 24.3964,  0, 0, 0
L -1236.0071, 598.3514, 24.3964,  -1245.6283, 597.7035, 23.6315,  0, 0, 0
L -1245.6283, 597.7035, 23.6315,  -1259.5840, 612.7972, 23.1931,  0, 0, 0
L -1259.5840, 612.7972, 23.1931,  -1262.2759, 632.6414, 23.2164,  0, 0, 0
L -1262.2759, 632.6414, 23.2164,  -1318.1204, 640.9116, 28.6339,  0, 0, 0
L -1318.1204, 640.9116, 28.6339,  -1330.8909, 645.5549, 28.2241,  0, 0, 0
L -1330.8909, 645.5549, 28.2241,  -1334.8278, 651.8895, 28.2022,  0, 0, 0
L -1334.8278, 651.8895, 28.2022,  -1341.5966, 648.1431, 27.2636,  0, 0, 0
L -1341.5966, 648.1431, 27.2636,  -1356.3595, 650.4998, 26.3053,  0, 0, 0
L -1356.3595, 650.4998, 26.3053,  -1392.7144, 666.2797, 29.2225,  0, 0, 0
L -1392.7144, 666.2797, 29.2225,  -1395.1642, 656.6167, 26.7772,  0, 0, 0
L -1395.1642, 656.6167, 26.7772,  -1414.1526, 641.7360, 21.8085,  0, 0, 0
L -1414.1526, 641.7360, 21.8085,  -1422.8561, 643.9632, 22.7243,  0, 0, 0
L -1422.8561, 643.9632, 22.7243,  -1429.2035, 639.6343, 22.0646,  0, 0, 0
L -1429.2035, 639.6343, 22.0646,  -1439.9865, 636.6031, 25.1362,  0, 0, 0
L -1439.9865, 636.6031, 25.1362,  -1443.3499, 628.7516, 23.5752,  0, 0, 0
L -1443.3499, 628.7516, 23.5752,  -1464.2825, 622.6841, 19.0645,  0, 0, 0
L -1464.2825, 622.6841, 19.0645,  -1489.1707, 634.1321, 18.7066,  0, 0, 0
L -1489.1707, 634.1321, 18.7066,  -1490.8318, 642.8071, 19.5934,  0, 0, 0
L -1490.8318, 642.8071, 19.5934,  -1496.1371, 645.4390, 20.0528,  0, 0, 0
L -1496.1371, 645.4390, 20.0528,  -1501.6160, 650.7010, 21.5741,  0, 0, 0
L -1501.6160, 650.7010, 21.5741,  -1507.8650, 648.5442, 20.8445,  0, 0, 0
L -1507.8650, 648.5442, 20.8445,  -1526.3965, 668.9845, 28.5501,  0, 0, 0
L -1526.3965, 668.9845, 28.5501,  -1527.4601, 683.0839, 28.7492,  0, 0, 0
L -1527.4601, 683.0839, 28.7492,  -1583.7660, 690.6797, 29.5069,  0, 0, 0
L -1583.7660, 690.6797, 29.5069,  -1598.6598, 695.2648, 28.4625,  0, 0, 0
L -1598.6598, 695.2648, 28.4625,  -1600.8064, 701.3378, 29.4501,  0, 0, 0
L -1600.8064, 701.3378, 29.4501,  -1608.1692, 697.9261, 28.0355,  0, 0, 0
L -1608.1692, 697.9261, 28.0355,  -1623.2002, 700.5179, 27.5283,  0, 0, 0
L -1623.2002, 700.5179, 27.5283,  -1655.0995, 712.6287, 28.3741,  0, 0, 0
L -1655.0995, 712.6287, 28.3741,  -1660.9657, 698.0115, 23.6427,  0, 0, 0
L -1660.9657, 698.0115, 23.6427,  -1679.0225, 685.0900, 23.4943,  0, 0, 0
L -1679.0225, 685.0900, 23.4943,  -1689.2151, 685.9188, 22.0894,  0, 0, 0
L -1689.2151, 685.9188, 22.0894,  -1696.7262, 681.1085, 20.4952,  0, 0, 0
L -1696.7262, 681.1085, 20.4952,  -1702.0087, 679.6172, 19.8740,  0, 0, 0
L -1702.0087, 679.6172, 19.8740,  -1703.1304, 672.1426, 18.5184,  0, 0, 0
L -1703.1304, 672.1426, 18.5184,  -1730.2665, 663.4664, 17.1375,  0, 0, 0
L -1730.2665, 663.4664, 17.1375,  -1756.3473, 675.9033, 18.7085,  0, 0, 0
L -1756.3473, 675.9033, 18.7085,  -1756.8036, 684.1248, 21.0769,  0, 0, 0
L -1756.8036, 684.1248, 21.0769,  -1763.4889, 687.5013, 21.4150,  0, 0, 0
L -1763.4889, 687.5013, 21.4150,  -1769.5518, 693.4800, 22.6743,  0, 0, 0
L -1769.5518, 693.4800, 22.6743,  -1776.7748, 691.0756, 21.1181,  0, 0, 0
L -1776.7748, 691.0756, 21.1181,  -1794.8230, 709.9142, 23.3326,  0, 0, 0
L -1794.8230, 709.9142, 23.3326,  -1794.4268, 729.2650, 28.5049,  0, 0, 0
L -1794.4268, 729.2650, 29.9979,  -1853.8163, 735.7322, 25.1576,  0, 0, 0
L -1853.8163, 735.7322, 25.1576,  -1867.1681, 739.9250, 22.7363,  0, 0, 0
L -1867.1681, 739.9250, 22.7363,  -1869.7786, 747.3412, 27.6556,  0, 0, 0
L -1869.7786, 747.3412, 27.6556,  -1875.3755, 743.3979, 26.6093,  0, 0, 0
L -1875.3755, 743.3979, 26.6093,  -1891.4889, 746.3960, 26.5907,  0, 0, 0
L -1891.4889, 746.3960, 26.5907,  -1927.0082, 761.3602, 26.6989,  0, 0, 0
L -1927.0082, 761.3602, 26.6989,  -1935.0353, 743.3336, 28.0319,  0, 0, 0
L -1935.0353, 743.3336, 28.0319,  -1935.0353, 743.3336, 28.0342,  0, 0, 0
L -1935.0353, 743.3336, 28.0342,  -1949.0320, 735.0331, 27.0590,  0, 0, 0
L -1949.0320, 735.0331, 27.0590,  -1962.8490, 733.7166, 26.0363,  0, 0, 0
L -1962.8490, 733.7166, 26.0363,  -1971.7831, 728.6060, 23.2654,  0, 0, 0
L -1971.7831, 728.6060, 23.2654,  -1979.1233, 727.3702, 22.6062,  0, 0, 0
L -1979.1233, 727.3702, 22.6062,  -1981.1709, 719.1006, 21.4688,  0, 0, 0
L -1981.1709, 719.1006, 21.4688,  -2008.6105, 714.3516, 20.3632,  0, 0, 0
L -2008.6105, 714.3516, 20.3632,  -2037.9794, 731.4039, 20.1295,  0, 0, 0
L -2037.9794, 731.4039, 20.1309,  -2036.5165, 739.5770, 20.4587,  0, 0, 0
L -2036.5165, 739.5770, 20.4587,  -2039.2007, 741.6125, 20.1881,  0, 0, 0
L -2039.2007, 741.6125, 20.1881,  -2042.3019, 745.1305, 19.9261,  0, 0, 0
L -2042.3019, 745.1305, 19.9261,  -2050.9319, 743.5300, 18.3033,  0, 0, 0
L -2050.9319, 743.5300, 18.3033,  -2068.3333, 766.2997, 23.2615,  0, 0, 0
L -2068.3333, 766.2997, 23.2615,  -2067.6177, 788.5175, 26.2438,  0, 0, 0
L -2067.6177, 788.5175, 26.2438,  -2121.4893, 790.8835, 26.6238,  0, 0, 0
L -2121.4893, 790.8835, 26.6238,  -2135.6509, 796.0636, 26.8959,  0, 0, 0
L -2135.6509, 796.0636, 26.8959,  -2137.6719, 800.6850, 26.9769,  0, 0, 0
L -2137.6719, 800.6850, 26.9769,  -2143.9109, 795.9426, 25.5332,  0, 0, 0
L -2143.9109, 795.9426, 25.5332,  -2184.9263, 804.9163, 24.3040,  0, 0, 0
L -2184.9263, 804.9163, 24.3040,  -2189.0391, 806.3297, 25.0562,  0, 0, 0
L -2189.0391, 806.3297, 25.0562,  -2191.6995, 797.7446, 26.8795,  0, 0, 0
L -2191.6995, 797.7446, 26.8795,  -2208.5933, 782.4646, 23.6276,  0, 0, 0
L -2208.5933, 782.4646, 23.6276,  -2215.3848, 785.7365, 26.7294,  0, 0, 0
L -2215.3848, 785.7365, 26.7294,  -2225.2898, 777.3257, 23.4250,  0, 0, 0
L -2225.2898, 777.3257, 23.4250,  -2230.6946, 775.2975, 21.3492,  0, 0, 0
L -2230.6946, 775.2975, 21.3492,  -2230.7063, 771.2641, 17.4901,  0, 0, 0
L -2244.5059, 771.2640, 17.4901,  -2223.5142, 771.2641, 18.7374,  0, 0, 0
L -2223.5142, 771.2641, 18.5453,  -2223.5142, 750.2707, 18.3309,  0, 0, 0
L -2223.5142, 750.2707, 16.8974,  -2244.5093, 750.2692, 17.2305,  0, 0, 0
L -2244.5093, 750.2692, 17.2304,  -2244.5059, 771.2640, 17.2303,  0, 0, 0
L -2244.5076, 761.2495, 17.2303,  -2260.1780, 756.7361, 17.2304,  0, 0, 0
L -2260.1780, 756.7361, 17.2304,  -2260.1829, 681.4269, 17.2305,  0, 0, 0
L -2260.1829, 681.4269, 17.2263,  -2264.1150, 681.4319, 17.2258,  0, 0, 0
L -2264.1150, 681.4319, 17.2305,  -2264.1155, 639.6269, 17.2305,  0, 0, 0
L -2264.1155, 639.6269, 17.2305,  -2272.5701, 620.8701, 17.2305,  0, 0, 0
L -2272.5701, 620.8701, 17.2305,  -2272.5691, 598.3232, 17.2304,  0, 0, 0
L -2272.5691, 598.3232, 17.2304,  -2264.4302, 601.3765, 17.2305,  0, 0, 0
L -2264.4302, 601.3765, 17.2305,  -2267.7842, 592.4321, 17.2305,  0, 0, 0
L -2267.7842, 592.4321, 17.2305,  -2267.7837, 572.6223, 17.2305,  0, 0, 0
L -2267.7837, 572.6223, 17.2305,  -2264.4258, 563.6776, 17.2304,  0, 0, 0
L -2264.4258, 563.6776, 17.2304,  -2272.5696, 566.7324, 17.2304,  0, 0, 0
L -2272.5696, 566.7324, 17.2304,  -2272.5601, 546.1082, 17.2302,  0, 0, 0
L -2272.5601, 546.1082, 17.2302,  -2255.7698, 510.1116, 17.2302,  0, 0, 0
L -2255.7698, 510.1116, 17.2302,  -2255.6648, 492.0089, 17.2301,  0, 0, 0
L -2255.6648, 492.0089, 17.2301,  -2246.0706, 492.0098, 17.2302,  0, 0, 0
L -2246.0706, 492.0098, 17.2302,  -2237.1331, 495.3628, 17.2302,  0, 0, 0
L -2237.1331, 495.3628, 17.2302,  -2239.7039, 488.5164, 17.2301,  0, 0, 0
L -2239.7039, 488.5164, 17.2301,  -2224.9600, 488.5175, 17.2302,  0, 0, 0
L -2224.9600, 488.5175, 17.2301,  -2224.9595, 387.5229, 17.2301,  0, 0, 0
L -2224.9595, 387.5229, 17.2301,  -2239.8018, 387.5244, 17.2301,  0, 0, 0
L -2239.8018, 387.5244, 17.2301,  -2237.1321, 380.4184, 17.2301,  0, 0, 0
L -2237.1321, 380.4184, 17.2301,  -2246.0752, 383.7733, 17.2301,  0, 0, 0
L -2246.0752, 383.7733, 17.2301,  -2265.8960, 383.7721, 17.2301,  0, 0, 0
L -2265.8960, 383.7721, 17.2301,  -2273.4822, 380.9270, 17.2301,  0, 0, 0
L -2273.4822, 380.9270, 17.2301,  -2273.5020, 358.3595, 17.2301,  0, 0, 0
L -2273.5020, 358.3595, 17.2301,  -2261.5193, 358.3579, 17.2301,  0, 0, 0
L -2261.5193, 358.3579, 17.2301,  -2261.5203, 337.3657, 17.2301,  0, 0, 0
L -2261.5198, 348.4178, 17.2301,  -2215.2168, 348.4171, 17.2301,  0, 0, 0
L -2215.2183, 337.3678, 17.2301,  -2215.2156, 358.3584, 17.2301,  0, 0, 0
L -2215.2156, 358.3584, 17.2301,  -2194.2239, 358.3602, 17.2301,  0, 0, 0
L -2194.2239, 358.3602, 17.2301,  -2194.2234, 337.3657, 17.2301,  0, 0, 0
L -2194.2234, 337.3657, 17.2301,  -2215.2183, 337.3678, 17.2301,  0, 0, 0
L -2204.1658, 337.3667, 17.2301,  -2204.1653, 291.0881, 20.9341,  0, 0, 0
L -2215.2112, 291.0883, 20.9341,  -2194.2227, 291.0880, 18.4444,  0, 0, 0
L -2194.2227, 291.0880, 17.4331,  -2194.2234, 270.0948, 17.7762,  0, 0, 0
L -2194.2234, 270.0948, 18.7508,  -2215.2168, 270.0947, 20.7285,  0, 0, 0
L -2215.2168, 270.0947, 20.8716,  -2215.2112, 291.0883, 20.9344,  0, 0, 0
L -2215.2161, 272.9277, 20.9344,  -2246.0562, 228.8827, 21.6215,  0, 0, 0
L -2246.0562, 228.8827, 21.6215,  -2241.8870, 228.8857, 21.6215,  0, 0, 0
L -2241.8870, 228.8857, 21.6215,  -2241.8948, 207.8898, 21.6215,  0, 0, 0
L -2241.8948, 207.8898, 26.6215,  -2251.8318, 207.8911, 26.6214,  0, 0, 0
L -2251.8318, 207.8911, 26.6214,  -2251.8318, 207.8911, 26.6214,  0, 0, 0
L -2251.8318, 207.8911, 26.6214,  -2251.8323, 161.6126, 31.6215,  0, 0, 0
L -2251.8323, 161.6126, 31.6215,  -2241.8904, 161.6116, 31.6215,  0, 0, 0
L -2241.8904, 161.6116, 31.6215,  -2241.8892, 140.6193, 36.6215,  0, 0, 0
L -2241.8892, 140.6193, 36.6215,  -2246.0562, 140.6208, 36.6215,  0, 0, 0
L -2246.0562, 140.6208, 36.6215,  -2215.2156, 96.5760, 41.6215,  0, 0, 0
L -2215.2029, 78.4136, 41.6215,  -2215.2173, 99.4080, 41.6215,  0, 0, 0
L -2215.2173, 99.4080, 41.6215,  -2194.1873, 99.4113, 41.6215,  0, 0, 0
L -2194.1873, 99.4113, 41.6215,  -2194.2261, 78.4155, 46.6215,  0, 0, 0
L -2194.2261, 78.4155, 46.6215,  -2215.2029, 78.4136, 46.6214,  0, 0, 0
L -2261.5203, 337.3657, 46.6213,  -2275.6260, 337.3668, 46.6213,  0, 0, 0
L -2275.6260, 337.3668, 46.6213,  -2275.6250, 278.1440, 46.6213,  0, 0, 0
L -2275.6250, 278.1440, 46.6213,  -2291.0801, 278.1455, 46.6213,  0, 0, 0
L -2291.0801, 278.1455, 46.6213,  -2291.0806, 91.6613, 46.6209,  0, 0, 0
L -2291.0806, 91.6613, 46.6209,  -2275.6250, 91.6594, 46.6209,  0, 0, 0
L -2275.6250, 91.6594, 46.6215,  -2275.6255, 50.3412, 46.6215,  0, 0, 0
L -2275.6255, 50.3412, 46.6215,  -2271.0071, 50.3453, 46.6215,  0, 0, 0
L -2271.0071, 50.3453, 46.6215,  -2262.0806, 53.6961, 46.6215,  0, 0, 0
L -2262.0806, 53.6961, 46.6215,  -2265.4363, 44.7449, 46.6215,  0, 0, 0
L -2265.4363, 44.7449, 46.6215,  -2265.4329, 24.9261, 46.6215,  0, 0, 0
L -2265.4329, 24.9261, 46.6215,  -2262.0767, 15.9935, 46.6215,  0, 0, 0
L -2262.0767, 15.9935, 46.6215,  -2271.0232, 19.3494, 46.6215,  0, 0, 0
L -2271.0232, 19.3494, 46.6215,  -2280.4351, 19.3489, 46.6215,  0, 0, 0
L -2280.4351, 19.3489, 46.6215,  -2280.4363, 14.3660, 46.6215,  0, 0, 0
L -2280.4363, 14.3660, 46.6215,  -2281.6226, 14.3488, 46.6215,  0, 0, 0
L -2281.6226, 14.3488, 46.6215,  -2281.6226, -14.6584, 46.6215,  0, 0, 0
L -2281.6226, -14.6584, 46.6215,  -2280.4329, -14.6577, 46.6215,  0, 0, 0
L -2280.4329, -14.6577, 46.6215,  -2280.4358, -19.6590, 46.6215,  0, 0, 0
L -2280.4358, -19.6590, 46.6215,  -2271.0254, -19.6595, 46.6215,  0, 0, 0
L -2271.0254, -19.6595, 46.6215,  -2262.0796, -16.3064, 46.6215,  0, 0, 0
L -2262.0796, -16.3064, 46.6215,  -2265.4351, -25.2415, 46.6215,  0, 0, 0
L -2265.4351, -25.2415, 46.6215,  -2265.4363, -45.0566, 46.6215,  0, 0, 0
L -2265.4363, -45.0566, 46.6215,  -2262.0818, -54.0011, 46.6215,  0, 0, 0
L -2262.0818, -54.0011, 46.6215,  -2271.0320, -50.6507, 46.6215,  0, 0, 0
L -2271.0320, -50.6507, 46.6215,  -2275.6255, -50.6509, 46.6215,  0, 0, 0
L -2275.6255, -50.6509, 46.6215,  -2275.6248, -90.6518, 46.6210,  0, 0, 0
L -2275.6248, -90.6518, 46.6210,  -2291.0796, -90.6506, 46.6210,  0, 0, 0
L -2291.0796, -90.6506, 46.6210,  -2291.0806, -277.1352, 46.6213,  0, 0, 0
L -2291.0806, -277.1352, 46.6213,  -2279.0540, -277.1353, 46.6214,  0, 0, 0
L -2275.6233, -284.8769, 46.6214,  -2275.6255, -331.3026, 50.3241,  0, 0, 0
L -2275.6255, -331.3026, 50.3241,  -2264.8931, -331.3033, 57.1406,  0, 0, 0
L -2264.8931, -330.7837, 57.1406,  -2262.1968, -330.7816, 57.1406,  0, 0, 0
L -2250.3301, -330.7833, 57.1407,  -2253.0225, -330.7821, 57.1407,  0, 0, 0
L -2250.3516, -334.3330, 57.1407,  -2250.3301, -330.7833, 57.1407,  0, 0, 0
L -2253.0220, -334.3323, 57.7804,  -2253.0225, -330.7821, 57.7804,  0, 0, 0
L -2262.2068, -334.3320, 57.7804,  -2262.1968, -330.7816, 57.7804,  0, 0, 0
L -2262.2068, -334.3320, 57.1406,  -2264.8904, -334.3324, 57.1406,  0, 0, 0
L -2264.8904, -334.3324, 57.1406,  -2264.8931, -330.7837, 57.1406,  0, 0, 0
L -2263.9026, -334.3326, 57.1406,  -2263.9009, -356.2145, 57.1406,  0, 0, 0
L -2251.3440, -375.7263, 57.1406,  -2251.3433, -334.3328, 57.1407,  0, 0, 0
L -2250.3516, -334.3330, 57.1407,  -2253.0220, -334.3323, 57.1407,  0, 0, 0
L -2250.3333, -331.3023, 57.1407,  -2228.2798, -331.3012, 46.6214,  0, 0, 0
L -2215.2156, -355.3243, 17.2301,  -2215.2168, -347.8057, 17.2301,  0, 0, 0
L -2215.2168, -347.8055, 17.2301,  -2223.9026, -347.8056, 17.2301,  0, 0, 0
L -2223.9026, -347.8056, 17.2301,  -2223.9031, -374.5018, 17.2301,  0, 0, 0
L -2223.2356, -375.8639, 17.2301,  -2223.2356, -377.9952, 17.2301,  0, 0, 0
L -2223.2356, -377.9952, 17.2312,  -2228.0032, -377.9945, 17.3020,  0, 0, 0
L -2228.0032, -377.9945, 17.2868,  -2227.9966, -375.7267, 17.2857,  0, 0, 0
L -2227.9966, -375.7267, 17.2857,  -2251.3440, -375.7263, 17.3434,  0, 0, 0
L -2251.3440, -375.7263, 17.3434,  -2276.6858, -375.7260, 42.4436,  0, 0, 0
L -2227.9961, -392.0016, 17.2944,  -2227.9971, -394.2457, 17.2887,  0, 0, 0
L -2227.9971, -394.2457, 17.2887,  -2250.8311, -394.2451, 17.3447,  0, 0, 0
L -2250.8311, -394.2451, 17.3447,  -2278.7378, -394.2444, 43.6356,  0, 0, 0
L -2278.7378, -394.2444, 43.6356,  -2290.7327, -394.2458, 43.6356,  0, 0, 0
L -2290.7327, -394.2458, 43.6356,  -2290.7300, -356.2143, 43.6077,  0, 0, 0
L -2290.7300, -356.2143, 43.6077,  -2278.5496, -356.2151, 43.6342,  0, 0, 0
L -2278.5496, -356.2151, 43.6342,  -2263.9009, -356.2145, 57.0366,  0, 0, 0
L -2227.9961, -392.0016, 17.3043,  -2223.2393, -392.0013, 17.2313,  0, 0, 0
L -2223.2393, -392.0013, 17.2302,  -2223.2288, -397.4468, 17.2302,  0, 0, 0
L -2223.2288, -397.4468, 17.2302,  -2224.9607, -397.4430, 17.2302,  0, 0, 0
L -2224.9607, -397.4430, 17.2302,  -2224.9578, -487.4366, 17.2302,  0, 0, 0
L -2224.9578, -487.4366, 17.2302,  -2238.5625, -487.4362, 17.2302,  0, 0, 0
L -2238.5625, -487.4362, 17.2302,  -2238.5608, -558.0564, 17.2304,  0, 0, 0
L -2238.5608, -558.0564, 17.2305,  -2244.0044, -558.0529, 17.2305,  0, 0, 0
L -2244.0044, -558.0529, 17.2328,  -2244.0042, -553.2921, 17.3026,  0, 0, 0
L -2244.0042, -553.2921, 17.2938,  -2241.7603, -553.2925, 17.2891,  0, 0, 0
L -2241.7603, -553.2925, 17.2891,  -2241.7593, -530.1447, 17.3448,  0, 0, 0
L -2241.7593, -530.1447, 17.3448,  -2241.7598, -502.0681, 43.6356,  0, 0, 0
L -2241.7598, -502.0681, 43.6356,  -2241.7605, -490.5574, 43.6356,  0, 0, 0
L -2241.7605, -490.5574, 43.6356,  -2279.7920, -490.5601, 43.6077,  0, 0, 0
L -2279.7920, -490.5995, 43.6077,  -2279.7925, -503.0007, 43.6348,  0, 0, 0
L -2279.7925, -503.0007, 43.6348,  -2279.7891, -516.0923, 56.3831,  0, 0, 0
L -2258.0115, -553.2913, 17.2927,  -2260.2798, -553.2922, 17.2853,  0, 0, 0
L -2260.2798, -553.2922, 17.2853,  -2260.2803, -529.9460, 17.3431,  0, 0, 0
L -2260.2798, -529.9460, 17.3431,  -2260.2798, -504.1591, 42.8950,  0, 0, 0
L -2260.2803, -529.9460, 57.1407,  -2299.3047, -529.9467, 57.1407,  0, 0, 0
L -2299.3047, -529.9467, 57.1407,  -2299.3040, -517.4913, 57.1406,  0, 0, 0
L -2299.3040, -517.4913, 57.1406,  -2299.3052, -502.9325, 70.2017,  0, 0, 0
L -2304.3455, -492.1748, 70.5814,  -2304.3472, -490.6003, 70.5814,  0, 0, 0
L -2304.3472, -490.6003, 70.5814,  -2279.7920, -490.5995, 70.5814,  0, 0, 0
L -2299.3052, -502.9325, 70.5814,  -2304.3467, -502.9332, 70.5814,  0, 0, 0
L -2304.3467, -502.9332, 70.5814,  -2304.3472, -501.3669, 70.5814,  0, 0, 0
L -2304.3472, -501.3669, 70.5814,  -2304.9744, -501.3674, 70.5814,  0, 0, 0
L -2304.9744, -501.3674, 70.5814,  -2304.9739, -492.1836, 70.5814,  255, 0, 255
L -2304.9739, -492.1836, 70.5814,  -2304.3455, -492.1748, 70.5814,  0, 0, 0
L -2258.0115, -553.2913, 17.3024,  -2258.0110, -558.0539, 17.2325,  0, 0, 0
L -2258.0110, -558.0539, 17.2305,  -2261.5037, -558.0543, 17.2305,  0, 0, 0
L -2261.5037, -558.0543, 17.2305,  -2261.5037, -557.3879, 17.2305,  0, 0, 0
L -2261.5037, -557.3879, 17.2305,  -2272.5691, -557.3871, 17.2305,  0, 0, 0
L -2272.5691, -557.3871, 17.2305,  -2272.5691, -565.7231, 17.2305,  0, 0, 0
L -2272.5691, -565.7231, 17.2305,  -2264.4258, -562.6685, 17.2305,  0, 0, 0
L -2264.4258, -562.6685, 17.2305,  -2267.7813, -571.6019, 17.2305,  0, 0, 0
L -2267.7813, -571.6019, 17.2305,  -2267.7837, -591.4142, 17.2305,  0, 0, 0
L -2267.7837, -591.4142, 17.2305,  -2264.4280, -600.3669, 17.2305,  0, 0, 0
L -2264.4280, -600.3669, 17.2305,  -2272.5696, -597.3146, 17.2305,  0, 0, 0
L -2272.5696, -597.3146, 17.2305,  -2272.5701, -619.8632, 17.2305,  0, 0, 0
L -2272.5701, -619.8632, 17.2305,  -2264.1165, -638.1259, 17.2305,  0, 0, 0
L -2264.1165, -638.1259, 17.2305,  -2264.1121, -680.7638, 17.2305,  0, 0, 0
L -2260.1851, -680.7631, 17.2305,  -2264.1121, -680.7638, 17.2305,  0, 0, 0
L -2260.1851, -680.7631, 17.2305,  -2260.1868, -766.3301, 17.2302,  0, 0, 0
L -2260.1868, -766.3301, 17.2302,  -2231.5154, -774.6627, 17.2303,  0, 0, 0
L -2231.5154, -774.6627, 17.2303,  -2229.2349, -783.6385, 17.2302,  0, 0, 0
L -2229.2349, -783.6385, 17.2302,  -2224.9983, -785.4944, 17.2303,  0, 0, 0
L -2224.9983, -785.4944, 17.2303,  -2222.0132, -788.1089, 17.2303,  0, 0, 0
L -2222.0132, -788.1089, 17.2303,  -2214.9275, -783.5833, 14.3138,  0, 0, 0
L -2214.9275, -783.5833, 14.3138,  -2190.0181, -805.9847, 17.2288,  0, 0, 0
L -2190.0181, -805.9847, 17.2288,  -2187.6143, -823.7158, 23.2753,  0, 0, 0
L -2187.6143, -823.7158, 23.2753,  -2177.4849, -821.0013, 22.7529,  0, 0, 0
L -2177.4849, -821.0013, 22.7529,  -2156.5059, -818.0577, 25.3184,  0, 0, 0
L -2156.5059, -818.0577, 25.3184,  -2141.5271, -818.1938, 24.5923,  0, 0, 0
L -2141.5271, -818.1938, 24.5923,  -2136.6106, -822.9454, 24.9520,  0, 0, 0
L -2136.6106, -822.9454, 24.9520,  -2132.2664, -817.0445, 25.0573,  0, 0, 0
L -2132.2664, -817.0445, 25.0573,  -2118.3018, -814.6977, 25.5347,  0, 0, 0
L -2118.3018, -814.6977, 25.5347,  -2067.4065, -817.2870, 27.3586,  0, 0, 0
L -2067.4065, -817.2870, 27.3586,  -2067.0569, -807.7244, 29.2685,  0, 0, 0
L -2067.0569, -807.7244, 29.2685,  -2052.2876, -787.5114, 20.4580,  0, 0, 0
L -2052.2876, -787.5114, 20.4580,  -2042.9198, -787.4324, 20.5881,  0, 0, 0
L -2042.9198, -787.4324, 20.5881,  -2038.0922, -781.9518, 19.8603,  0, 0, 0
L -2038.0922, -781.9518, 19.8603,  -2033.5154, -779.3094, 19.9233,  0, 0, 0
L -2033.5154, -779.3094, 19.9233,  -2034.1084, -770.0596, 18.1622,  0, 0, 0
L -2034.1084, -770.0596, 18.1622,  -2008.7284, -755.4203, 14.4620,  0, 0, 0
L -2008.7284, -755.4203, 14.4620,  -1975.1642, -761.7123, 16.3444,  0, 0, 0
L -1975.1642, -761.7123, 17.5150,  -1971.8932, -770.2180, 16.2691,  0, 0, 0
L -1971.8932, -770.2180, 16.2691,  -1962.2389, -767.0472, 18.5958,  0, 0, 0
L -1962.2389, -767.0472, 18.5958,  -1935.2754, -784.2454, 26.6224,  0, 0, 0
L -1935.2754, -784.2454, 26.6224,  -1929.4402, -798.0381, 29.8688,  0, 0, 0
L -1929.4402, -798.0381, 29.8688,  -1895.4467, -788.5430, 27.5150,  0, 0, 0
L -1895.4467, -788.5430, 27.5150,  -1877.8267, -787.3025, 28.1017,  0, 0, 0
L -1877.8267, -787.3025, 28.1017,  -1873.1039, -791.1689, 28.4879,  0, 0, 0
L -1873.1039, -791.1689, 28.4879,  -1868.7798, -785.2739, 28.3420,  0, 0, 0
L -1868.7798, -785.2739, 28.3420,  -1854.1421, -780.7535, 24.8561,  0, 0, 0
L -1854.1421, -780.7535, 24.8561,  -1795.1785, -778.4062, 23.6254,  0, 0, 0
L -1795.1785, -778.4062, 23.6254,  -1791.6824, -754.0610, 21.8457,  0, 0, 0
L -1791.6824, -754.0610, 21.8457,  -1768.3052, -731.7397, 14.4641,  0, 0, 0
L -1768.3052, -731.7397, 14.4641,  -1758.0752, -735.0577, 14.7619,  0, 0, 0
L -1758.0752, -735.0577, 14.7619,  -1752.9358, -723.6434, 16.3601,  0, 0, 0
L -1752.9358, -723.6434, 16.3601,  -1724.1099, -714.8295, 18.2744,  0, 0, 0
L -1724.1099, -714.8295, 18.2744,  -1699.6012, -724.0681, 19.9438,  0, 0, 0
L -1699.6012, -724.0681, 19.9438,  -1698.8805, -731.8888, 22.7244,  0, 0, 0
L -1698.8805, -731.8888, 22.7244,  -1690.1747, -735.3149, 24.6851,  0, 0, 0
L -1690.1747, -735.3149, 24.6851,  -1681.1084, -743.0182, 26.3155,  0, 0, 0
L -1681.1084, -743.0182, 26.3155,  -1668.3765, -746.3310, 27.6862,  0, 0, 0
L -1668.3765, -746.3310, 27.6862,  -1658.4386, -754.5139, 28.5696,  0, 0, 0
L -1658.4386, -754.5139, 28.5696,  -1655.3290, -767.7563, 25.8909,  0, 0, 0
L -1655.3290, -767.7563, 25.8909,  -1622.0258, -757.6666, 27.7866,  0, 0, 0
L -1622.0258, -757.6666, 27.7866,  -1606.5419, -756.9141, 28.6418,  0, 0, 0
L -1606.5419, -756.9141, 28.6418,  -1602.5833, -760.6790, 29.4714,  0, 0, 0
L -1602.5833, -760.6790, 29.4714,  -1597.6394, -755.2344, 28.6711,  0, 0, 0
L -1597.6394, -755.2344, 28.6711,  -1578.8954, -750.3467, 25.6318,  0, 0, 0
L -1578.8954, -750.3467, 25.6318,  -1523.6283, -749.1912, 29.4663,  0, 0, 0
L -1523.6283, -749.1912, 29.4663,  -1529.0380, -730.2791, 27.7519,  0, 0, 0
L -1529.0380, -730.2791, 27.7519,  -1512.2616, -710.6625, 25.8461,  0, 0, 0
L -1512.2616, -710.6625, 22.1838,  -1506.5962, -712.1135, 23.4763,  0, 0, 0
L -1506.5962, -712.1135, 23.4763,  -1500.2731, -704.9086, 23.0082,  0, 0, 0
L -1500.2731, -704.9086, 23.0082,  -1492.5667, -700.3245, 23.3076,  0, 0, 0
L -1492.5667, -700.3245, 23.3076,  -1493.1281, -692.2853, 20.5521,  0, 0, 0
L -1493.1281, -692.2853, 20.5521,  -1470.0022, -679.9834, 18.7359,  0, 0, 0
L -1470.0022, -679.9834, 18.7359,  -1446.5077, -686.2321, 22.4751,  0, 0, 0
L -1446.5077, -686.2321, 22.4751,  -1444.7289, -691.6542, 24.5185,  0, 0, 0
L -1444.7289, -691.6542, 24.5185,  -1433.9546, -693.9634, 23.6292,  0, 0, 0
L -1433.9546, -693.9634, 23.6292,  -1426.8141, -698.1321, 23.4986,  0, 0, 0
L -1426.8141, -698.1321, 23.4986,  -1419.8042, -694.1446, 21.7753,  0, 0, 0
L -1419.8042, -694.1446, 21.7753,  -1399.0608, -707.4478, 25.9595,  0, 0, 0
L -1399.0608, -707.4478, 25.9595,  -1395.3278, -719.1012, 28.1974,  0, 0, 0
L -1395.3278, -719.1012, 28.1974,  -1396.6642, -730.1219, 30.0694,  0, 0, 0
L -1396.6642, -730.1219, 30.0694,  -1351.9657, -714.0412, 26.5951,  0, 0, 0
L -1351.9657, -714.0412, 26.5951,  -1336.4961, -713.0984, 27.8916,  0, 0, 0
L -1336.4961, -713.0984, 27.8916,  -1332.1377, -717.3737, 28.4165,  0, 0, 0
L -1332.1377, -717.3737, 28.4165,  -1327.7466, -711.9268, 28.7174,  0, 0, 0
L -1327.7466, -711.9268, 28.7174,  -1311.6531, -708.1728, 29.6661,  0, 0, 0
L -1311.6531, -708.1728, 29.6661,  -1291.6880, -705.8004, 26.9853,  0, 0, 0
L -1291.6880, -705.8004, 26.9853,  -1261.7721, -705.7739, 28.5165,  0, 0, 0
L -1261.7721, -705.7739, 28.5165,  -1261.6073, -690.8152, 27.6852,  0, 0, 0
L -1261.6073, -690.8152, 27.6852,  -1251.9828, -679.4628, 27.0329,  0, 0, 0
L -1251.9828, -679.4628, 27.0329,  -1241.3125, -675.4315, 27.1430,  0, 0, 0
L -1241.3125, -675.4315, 27.1430,  -1233.9773, -666.6407, 27.1194,  0, 0, 0
L -1233.9773, -666.6407, 27.1194,  -1224.2769, -660.6711, 25.3082,  0, 0, 0
L -1224.2769, -660.6711, 25.3082,  -1226.0873, -653.8539, 21.1155,  0, 0, 0
L -1226.0873, -653.8539, 21.1155,  -1204.5918, -641.0197, 18.0339,  0, 0, 0
L -1204.5918, -641.0197, 18.0339,  -1180.2029, -645.5575, 20.8899,  0, 0, 0
L -1180.2029, -645.5575, 20.8899,  -1176.2372, -653.1630, 22.4568,  0, 0, 0
L -1176.2372, -653.1630, 22.4568,  -1168.0479, -654.7209, 22.4832,  0, 0, 0
L -1168.0479, -654.7209, 22.4832,  -1161.3007, -658.6075, 22.0062,  0, 0, 0
L -1161.3007, -658.6075, 22.0062,  -1151.7102, -656.1133, 22.8877,  0, 0, 0
L -1151.7102, -656.1133, 22.8877,  -1132.8008, -668.9576, 27.0994,  0, 0, 0
L -1132.8008, -668.9576, 27.0994,  -1128.9319, -679.7795, 27.7073,  0, 0, 0
L -1128.9319, -679.7795, 27.7073,  -1129.3124, -687.3584, 27.8545,  0, 0, 0
L -1129.3124, -687.3584, 27.8545,  -1088.2743, -673.7240, 30.1005,  0, 0, 0
L -1088.2743, -673.7240, 30.1005,  -1070.3069, -671.3026, 26.5380,  0, 0, 0
L -1070.3069, -671.3026, 26.5380,  -1064.3296, -675.4236, 26.8303,  0, 0, 0
L -1064.3296, -675.4236, 26.8303,  -1061.6360, -669.0865, 25.1894,  0, 0, 0
L -1061.6360, -669.0865, 25.1894,  -1046.3860, -664.5551, 23.8764,  0, 0, 0
L -1046.3860, -664.5551, 23.8764,  -1024.2278, -663.7280, 25.7892,  0, 0, 0
L -1024.2278, -663.7280, 25.7892,  -989.3734, -664.1359, 30.0376,  0, 0, 0
L -989.3734, -664.1359, 30.0376,  -989.7828, -651.9113, 27.8666,  0, 0, 0
L -989.7828, -651.9113, 27.8666,  -978.9680, -639.4312, 26.3227,  0, 0, 0
L -978.9680, -639.4312, 26.3227,  -969.4304, -636.2682, 26.0805,  0, 0, 0
L -969.4304, -636.2682, 26.0805,  -962.6299, -628.1193, 20.7311,  0, 0, 0
L -962.6299, -628.1193, 20.7311,  -956.2589, -623.9955, 20.8691,  0, 0, 0
L -956.2589, -623.9955, 20.8691,  -933.4720, -602.7202, 17.9001,  0, 0, 0
L -933.4720, -602.7202, 17.9001,  -909.9528, -607.2790, 20.8449,  0, 0, 0
L -909.9528, -607.2790, 20.8449,  -906.5909, -614.6573, 23.5336,  0, 0, 0
L -906.5909, -614.6573, 23.5336,  -897.0926, -616.7754, 25.5081,  0, 0, 0
L -897.0926, -616.7754, 25.5081,  -884.7625, -624.0809, 28.3925,  0, 0, 0
L -884.7625, -624.0809, 28.3925,  -874.9205, -623.4795, 26.9994,  0, 0, 0
L -874.9205, -623.4795, 26.9994,  -863.0729, -629.6293, 25.1056,  0, 0, 0
L -863.0729, -629.6293, 25.1056,  -857.6301, -645.4314, 27.0534,  0, 0, 0
L -857.6301, -645.4314, 27.0534,  -840.9493, -641.2632, 27.6690,  0, 0, 0
L -840.9493, -641.2632, 27.6690,  -814.7861, -634.7271, 25.8790,  0, 0, 0
L -814.7861, -634.7271, 25.8790,  -798.0275, -635.9708, 27.7738,  0, 0, 0
L -798.0275, -635.9708, 27.7738,  -793.6470, -639.6111, 27.9366,  0, 0, 0
L -793.6470, -639.6111, 27.9366,  -789.5389, -634.6823, 28.7362,  0, 0, 0
L -789.5389, -634.6823, 28.7362,  -771.7054, -632.6700, 30.4952,  0, 0, 0
L -771.7054, -632.6700, 30.4952,  -726.4886, -633.8807, 26.1626,  0, 0, 0
L -726.4886, -633.8807, 26.1626,  -727.7560, -618.3351, 27.1827,  0, 0, 0
L -727.7560, -618.3351, 27.1827,  -719.0718, -605.9067, 26.6968,  0, 0, 0
L -719.0718, -605.9067, 26.6968,  -709.4604, -601.9016, 27.4722,  0, 0, 0
L -709.4604, -601.9016, 27.4722,  -702.1516, -591.5875, 26.8890,  0, 0, 0
L -702.1516, -591.5875, 26.8890,  -693.4451, -585.6619, 25.8040,  0, 0, 0
L -693.4451, -585.6619, 25.8040,  -694.0073, -578.1302, 23.4269,  0, 0, 0
L -694.0073, -578.1302, 23.4269,  -675.9836, -564.5117, 17.6626,  0, 0, 0
L -675.9836, -564.5117, 17.6626,  -650.2098, -567.3431, 20.2878,  0, 0, 0
L -650.2098, -567.3431, 20.2878,  -646.2256, -574.6310, 21.3803,  0, 0, 0
L -646.2256, -574.6310, 21.3803,  -639.2682, -575.4789, 21.9703,  0, 0, 0
L -639.2682, -575.4789, 21.9703,  -631.6048, -578.9567, 23.4398,  0, 0, 0
L -631.6048, -578.9567, 23.4398,  -621.8718, -575.8759, 24.9096,  0, 0, 0
L -621.8718, -575.8759, 24.9096,  -604.0549, -585.2411, 24.6793,  0, 0, 0
L -604.0549, -585.2411, 24.6793,  -595.8937, -601.5524, 27.2728,  0, 0, 0
L -595.8937, -601.5524, 27.2728,  -553.5179, -588.8176, 29.9773,  0, 0, 0
L -553.5179, -588.8176, 29.9773,  -539.0936, -587.6250, 30.4138,  0, 0, 0
L -539.0936, -587.6250, 30.4138,  -532.6302, -590.9460, 31.1341,  0, 0, 0
L -532.6302, -590.9460, 31.1341,  -530.1236, -585.8329, 30.3788,  0, 0, 0
L -530.1236, -585.8329, 30.3788,  -514.2333, -581.1398, 26.9620,  0, 0, 0
L -514.2333, -581.1398, 26.9620,  -460.8051, -579.4000, 27.6910,  0, 0, 0
L -460.8051, -579.4000, 27.6910,  -461.4072, -567.5787, 30.0072,  0, 0, 0
L -461.4072, -567.5787, 30.0072,  -450.5761, -550.8885, 24.1229,  0, 0, 0
L -450.5761, -550.8885, 24.1229,  -442.1062, -549.1357, 23.5894,  0, 0, 0
L -442.1062, -549.1357, 23.5894,  -436.8085, -541.6415, 21.5104,  0, 0, 0
L -436.8085, -541.6415, 21.5104,  -431.4309, -537.8036, 21.4686,  0, 0, 0
L -431.4309, -537.8036, 21.4686,  -431.5675, -529.3214, 20.5153,  0, 0, 0
L -431.5675, -529.3214, 20.5153,  -410.3684, -515.4294, 20.0771,  0, 0, 0
L -410.3684, -515.4294, 20.0771,  -389.4716, -517.5480, 22.8253,  0, 0, 0
L -389.4716, -517.5480, 22.8253,  -385.7545, -524.3647, 25.7451,  0, 0, 0
L -385.7545, -524.3647, 25.7451,  -374.3202, -525.6801, 21.1423,  0, 0, 0
L -374.3202, -525.6801, 21.1423,  -369.8591, -527.7451, 19.8992,  0, 0, 0
L -369.8591, -527.7451, 19.8992,  -364.3433, -522.0687, 19.0738,  0, 0, 0
L -364.3433, -522.0687, 19.0738,  -340.1345, -535.5079, 26.4152,  0, 0, 0
L -340.1345, -535.5079, 26.4152,  -332.7691, -546.8239, 29.1721,  0, 0, 0
L -332.7691, -546.8239, 29.1721,  -292.2535, -533.4715, 27.2560,  0, 0, 0
L -292.2535, -533.4715, 27.2560,  -276.9610, -532.5961, 28.6894,  0, 0, 0
L -276.9610, -532.5961, 28.6894,  -271.6084, -536.4806, 29.2370,  0, 0, 0
L -271.6084, -536.4806, 29.2370,  -268.4832, -531.2349, 29.4699,  0, 0, 0
L -268.4832, -531.2349, 29.4699,  -252.4728, -527.3517, 30.1252,  0, 0, 0
L -252.4728, -527.3517, 30.1252,  -196.2417, -523.4032, 24.4730,  0, 0, 0
L -196.2417, -523.4032, 24.4730,  -192.9862, -502.3112, 26.0337,  0, 0, 0
L -192.9862, -502.3112, 26.0337,  -179.9296, -490.4622, 25.8263,  0, 0, 0
L -179.9296, -490.4622, 25.8263,  -170.0795, -490.0327, 26.2360,  0, 0, 0
L -170.0795, -490.0327, 26.2360,  -161.4896, -482.8516, 19.3817,  0, 0, 0
L -161.4896, -482.8516, 19.3817,  -157.1535, -481.2839, 19.5069,  0, 0, 0
L -157.1535, -481.2839, 19.5069,  -157.0538, -473.3668, 17.5900,  0, 0, 0
L -157.0538, -473.3668, 17.5900,  -129.3548, -463.8004, 18.7606,  0, 0, 0
L -129.3548, -463.8004, 18.7606,  -104.3287, -473.8777, 18.8764,  0, 0, 0
L -104.3287, -473.8777, 18.8764,  -104.3752, -480.9052, 21.0144,  0, 0, 0
L -104.3752, -480.9052, 21.0144,  -98.5878, -483.2357, 22.3172,  0, 0, 0
L -98.5878, -483.2357, 22.3172,  -90.5158, -489.8350, 25.5294,  0, 0, 0
L -90.5158, -489.8350, 25.5294,  -82.1142, -490.5292, 26.7753,  0, 0, 0
L -82.1142, -490.5292, 26.7753,  -68.0818, -501.9140, 28.4367,  0, 0, 0
L -68.0818, -501.9140, 28.4367,  -65.6558, -518.3896, 28.6790,  0, 0, 0
L -65.6558, -518.3896, 28.6790,  -23.4800, -507.9976, 26.8501,  0, 0, 0
L -23.4800, -507.9976, 26.8501,  -7.4207, -509.3755, 27.6451,  0, 0, 0
L -7.4207, -509.3755, 27.6451,  -4.3247, -513.0435, 28.5005,  0, 0, 0
L -4.3247, -513.0435, 28.5005,  0.8369, -507.6088, 27.7771,  0, 0, 0
L 0.8369, -507.6088, 27.7771,  31.1182, -505.1622, 26.5101,  0, 0, 0
L 31.1182, -505.1622, 26.5101,  67.0832, -507.4480, 28.4027,  0, 0, 0
L 67.0832, -507.4480, 28.4027,  64.2605, -496.8872, 27.8179,  0, 0, 0
L 64.2605, -496.8872, 27.8179,  70.2123, -484.2730, 26.8960,  0, 0, 0
L 70.2123, -484.2730, 26.8960,  79.7126, -477.0947, 26.4482,  0, 0, 0
L 79.7126, -477.0947, 26.4482,  84.7228, -467.2203, 25.4608,  0, 0, 0
L 84.7228, -467.2203, 25.4608,  89.5180, -462.1698, 23.4914,  0, 0, 0
L 89.5180, -462.1698, 23.4914,  85.5284, -455.8544, 19.5261,  0, 0, 0
L 85.5284, -455.8544, 19.5261,  104.8165, -437.5844, 18.3129,  0, 0, 0
L 104.8165, -437.5844, 18.3129,  129.7144, -436.0092, 20.7894,  0, 0, 0
L 129.7144, -436.0092, 20.7894,  133.0577, -442.2192, 23.2978,  0, 0, 0
L 133.0577, -442.2192, 23.2978,  142.3099, -441.9710, 23.7211,  0, 0, 0
L 142.3099, -441.9710, 23.7211,  150.0084, -443.8902, 24.6646,  0, 0, 0
L 150.0084, -443.8902, 24.6646,  155.5401, -439.0694, 23.2467,  0, 0, 0
L 155.5401, -439.0694, 23.2467,  175.5775, -444.4386, 22.4248,  0, 0, 0
L 175.5775, -444.4386, 22.4248,  188.1321, -458.6496, 23.5682,  0, 0, 0
L 188.1321, -458.6496, 23.5682,  228.7921, -448.1586, 25.8839,  0, 0, 0
L 228.7921, -448.1586, 25.8839,  245.2597, -448.3429, 25.9195,  0, 0, 0
L 245.2597, -448.3429, 25.9195,  251.0513, -452.2691, 26.5736,  0, 0, 0
L 251.0513, -452.2691, 26.5736,  254.8933, -447.7387, 25.4881,  0, 0, 0
L 254.8933, -447.7387, 25.4881,  270.6301, -445.3502, 25.1333,  0, 0, 0
L 270.6301, -445.3502, 25.1333,  316.6698, -448.4666, 28.0764,  0, 0, 0
L 316.6698, -448.4666, 28.0764,  315.1857, -436.9998, 25.5969,  0, 0, 0
L 315.1857, -436.9998, 25.5969,  327.1862, -418.9419, 24.4284,  0, 0, 0
L 327.1862, -418.9419, 24.4284,  334.3460, -419.7697, 25.3658,  0, 0, 0
L 334.3460, -419.7697, 25.3658,  337.8045, -415.2133, 24.2056,  0, 0, 0
L 337.8045, -415.2133, 24.2056,  340.9128, -412.7258, 23.6877,  0, 0, 0
L 340.9128, -412.7258, 23.6877,  338.3929, -406.2650, 21.3449,  0, 0, 0
L 338.3929, -406.2650, 21.3449,  357.6145, -392.5576, 18.6653,  0, 0, 0
L 357.6145, -392.5576, 18.6653,  377.8671, -394.9977, 22.1170,  0, 0, 0
L 377.8671, -394.9977, 22.1170,  380.5045, -400.5039, 23.8068,  0, 0, 0
L 380.5045, -400.5039, 23.8068,  388.7674, -401.2966, 26.2196,  0, 0, 0
L 388.7674, -401.2966, 26.2196,  407.2168, -413.2181, 40.2066,  0, 0, 0
P -2304.9739, -496.9325, 70.5814,  0, 127, 0,  3,  to_Aureate_Covert
