P -2037.5695, 581.4293, 6.9183,  127, 64, 0,  2,  Fortress_Weakness
P -515.1247, -172.0838, -2.8606,  0, 0, 0,  2,  Power_Source
P -1215.3075, -534.2519, 4.5014,  0, 0, 0,  1,  Grounding_Device
P -1464.1880, -440.2052, 4.5161,  0, 0, 0,  2,  (GS)_GD
P -1397.4928, -445.1089, -1.5973,  0, 0, 0,  1,  Grounding_Device
P -1297.8915, -531.1620, -1.5910,  0, 0, 0,  1,  Grounding_Device
P -1285.5055, -436.5719, -1.5852,  0, 0, 0,  2,  (GS)_Grounding_Device
P 187.6275, 28.8486, -1.8002,  0, 0, 127,  2,  shower_of_sparks_(spire)
P -2164.3965, 440.9868, -15.9082,  127, 64, 0,  2,  Culvert
P 52.3721, -363.5104, -1.8618,  127, 0, 0,  2,  Monitors
P -11.1176, 287.2390, -6.7000,  127, 0, 0,  2,  Monitors
P 112.9802, -43.5116, -2.9844,  0, 0, 127,  2,  Dexter_Tibblesbit
P 50.3117, 409.0565, 27.3085,  0, 0, 127,  2,  Krithss_Zeprin