P 727.6241, 337.7427, -79.9553, 127, 0, 0, 2, Rookfynn
P 282.106, 774.2408, -40.5313, 240, 0, 0, 2, Venomfang
P 424.581, 1141.7661, 8.5629, 127, 0, 0, 2, Queen_Gloomfang
P 331.9209, -767.14, -13.5875, 127, 0, 0, 2, Slavemaster_Ruga
P 1034.8242, 444.1046, -2.394, 240, 0, 0, 2, Selandoor
P 872.8161, 147.1749, -13.2524, 240, 0, 0, 2, Brokenclaw
P 1065.7449, 446.5812, -0.5298, 240, 0, 0, 2, Sliver
P 348.1677, -308.1849, 19.781, 240, 0, 0, 2, Brokenclaw
P 543.2703, 836.9765, -47.2858, 127, 0, 0, 2, Spider_Tamer_Gugan
P 601.7989, -306.4232, 19.858, 240, 0, 0, 2, Pox
P 1149.4093, 438.353, -130.4051, 127, 0, 0, 2, Krenshin
