L 969.2818, 577.928, -56.3226, 967.361, 585.3549, -68.3635, 125, 50, 0
L 951.8963, 635.2573, -81.4046, 969.2818, 577.928, -56.3226, 125, 50, 0
L 927.3961, 651.8686, -87.6068, 951.8963, 635.2573, -81.4046, 125, 50, 0
L 856.1462, 665.811, -78.765, 927.3961, 651.8686, -87.6068, 125, 50, 0
L 841.1046, 669.4032, -78.8516, 856.1462, 665.811, -78.765, 125, 50, 0
L 820.135, 684.5959, -81.4643, 841.1046, 669.4032, -78.8516, 125, 50, 0
L 806.1603, 699.4977, -73.5634, 820.135, 684.5959, -81.4643, 125, 50, 0
L 761.9456, 710.8055, -79.8011, 806.1603, 699.4977, -73.5634, 125, 50, 0
L 747.504, 711.4324, -77.7437, 761.9456, 710.8055, -79.8011, 125, 50, 0
L 734.2993, 737.4729, -80.7664, 747.504, 711.4324, -77.7437, 125, 50, 0
L 730.2041, 760.3884, -79.3315, 734.2993, 737.4729, -80.7664, 125, 50, 0
L 720.3375, 774.2315, -81.5836, 730.2041, 760.3884, -79.3315, 125, 50, 0
L 700.193, 768.8768, -82.2321, 720.3375, 774.2315, -81.5836, 125, 50, 0
L 689.4332, 771.7071, -76.8956, 700.193, 768.8768, -82.2321, 125, 50, 0
L 688.9378, 780.8269, -77.1756, 689.4332, 771.7071, -76.8956, 125, 50, 0
L 677.8773, 805.77, -81.2206, 688.9378, 780.8269, -77.1756, 125, 50, 0
L 685.3427, 811.825, -85.8204, 677.8773, 805.77, -81.2206, 125, 50, 0
L 677.7338, 858.211, -81.2583, 685.3427, 811.825, -85.8204, 125, 50, 0
L 648.98, 852.1603, -81.974, 677.7338, 858.211, -81.2583, 125, 50, 0
L 632.1114, 848.9731, -79.3345, 648.98, 852.1603, -81.974, 125, 50, 0
L 638.177, 804.469, -80.4532, 632.1114, 848.9731, -79.3345, 125, 50, 0
L 655.6917, 798.1055, -86.6997, 638.177, 804.469, -80.4532, 125, 50, 0
L 664.8968, 763.268, -76.917, 655.6917, 798.1055, -86.6997, 125, 50, 0
L 662.4954, 759.9754, -81.4582, 664.8968, 763.268, -76.917, 125, 50, 0
L 627.2251, 748.8021, -80.2279, 662.4954, 759.9754, -81.4582, 125, 50, 0
L 636.3316, 712.2465, -80.5781, 627.2251, 748.8021, -80.2279, 125, 50, 0
L 658.948, 636.7563, -77.2665, 636.3316, 712.2465, -80.5781, 125, 50, 0
L 666.1988, 613.831, -79.5078, 658.948, 636.7563, -77.2665, 125, 50, 0
L 723.3926, 625.7845, -81.7391, 666.1988, 613.831, -79.5078, 125, 50, 0
L 757.383, 638.703, -82.6054, 723.3926, 625.7845, -81.7391, 125, 50, 0
L 755.3513, 650.4484, -83.8966, 757.383, 638.703, -82.6054, 125, 50, 0
L 754.7469, 680.505, -74.5759, 755.3513, 650.4484, -83.8966, 125, 50, 0
L 762.9415, 686.9003, -78.2129, 754.7469, 680.505, -74.5759, 125, 50, 0
L 778.162, 683.5344, -76.6688, 762.9415, 686.9003, -78.2129, 125, 50, 0
L 801.6359, 673.1253, -79.789, 778.162, 683.5344, -76.6688, 125, 50, 0
L 847.2472, 646.59, -79.617, 801.6359, 673.1253, -79.789, 125, 50, 0
L 896.1312, 643.598, -82.6577, 847.2472, 646.59, -79.617, 125, 50, 0
L 911.9892, 634.567, -80.4205, 896.1312, 643.598, -82.6577, 125, 50, 0
L 925.8786, 623.1713, -78.8979, 911.9892, 634.567, -80.4205, 125, 50, 0
L 934.1085, 610.12, -73.3533, 925.8786, 623.1713, -78.8979, 125, 50, 0
L 942.8841, 590.8405, -69.9056, 934.1085, 610.12, -73.3533, 125, 50, 0
L 950.7193, 573.739, -62.4215, 942.8841, 590.8405, -69.9056, 125, 50, 0
L 871.2806, 423.6152, -56.1773, 871.2806, 423.6152, -59.3023, 0, 0, 0
L 854.996, 426.9753, -54.944, 871.2806, 423.6152, -56.1773, 125, 50, 0
L 831.8511, 443.3507, -55.2374, 854.996, 426.9753, -54.944, 125, 50, 0
L 820.2142, 470.7758, -62.311, 831.8511, 443.3507, -55.2374, 125, 50, 0
L 806.1638, 511.255, -81.6013, 820.2142, 470.7758, -62.311, 125, 50, 0
L 714.559, 543.7698, -83.6671, 806.1638, 511.255, -81.6013, 125, 50, 0
L 663.1005, 551.5496, -84.6448, 714.559, 543.7698, -83.6671, 125, 50, 0
L 627.6354, 567.2495, -78.4502, 663.1005, 551.5496, -84.6448, 125, 50, 0
L 584.561, 542.1248, -82.4822, 627.6354, 567.2495, -78.4502, 125, 50, 0
L 565.2404, 489.5452, -79.584, 584.561, 542.1248, -82.4822, 125, 50, 0
L 562.5795, 438.8448, -73.5674, 565.2404, 489.5452, -79.584, 125, 50, 0
L 590.553, 392.7309, -76.9137, 562.5795, 438.8448, -73.5674, 125, 50, 0
L 644.7477, 374.335, -76.8974, 590.553, 392.7309, -76.9137, 125, 50, 0
L 666.701, 386.1335, -73.9411, 644.7477, 374.335, -76.8974, 125, 50, 0
L 678.4506, 370.944, -74.222, 666.701, 386.1335, -73.9411, 125, 50, 0
L 691.4099, 352.7891, -74.943, 678.4506, 370.944, -74.222, 125, 50, 0
L 701.6015, 321.5276, -77.6791, 691.4099, 352.7891, -74.943, 125, 50, 0
L 762.1, 343.6401, -75.9307, 701.6015, 321.5276, -77.6791, 125, 50, 0
L 794.2756, 365.9232, -78.3576, 762.1, 343.6401, -75.9307, 125, 50, 0
L 746.4856, 471.5246, -71.864, 794.2756, 365.9232, -78.3576, 125, 50, 0
L 735.3755, 489.9708, -77.183, 746.4856, 471.5246, -71.864, 125, 50, 0
L 691.5818, 473.894, -80.426, 735.3755, 489.9708, -77.183, 125, 50, 0
L 644.1472, 450.7277, -86.9018, 691.5818, 473.894, -80.426, 125, 50, 0
L 661.4669, 406.3824, -73.6694, 644.1472, 450.7277, -86.9018, 125, 50, 0
L 656.9971, 402.5201, -75.224, 661.4669, 406.3824, -73.6694, 125, 50, 0
L 615.2577, 400.652, -76.4492, 656.9971, 402.5201, -75.224, 125, 50, 0
L 595.7631, 416.581, -73.8325, 615.2577, 400.652, -76.4492, 125, 50, 0
L 590.497, 433.8163, -77.6349, 595.7631, 416.581, -73.8325, 125, 50, 0
L 588.272, 468.8183, -77.2573, 590.497, 433.8163, -77.6349, 125, 50, 0
L 586.2585, 503.9691, -80.4347, 588.272, 468.8183, -77.2573, 125, 50, 0
L 597.11, 527.498, -80.7022, 586.2585, 503.9691, -80.4347, 125, 50, 0
L 615.9718, 541.7662, -80.8211, 597.11, 527.498, -80.7022, 125, 50, 0
L 635.9655, 540.9076, -80.743, 615.9718, 541.7662, -80.8211, 125, 50, 0
L 650.8971, 537.522, -83.7533, 635.9655, 540.9076, -80.743, 125, 50, 0
L 680.1319, 525.3642, -84.2762, 650.8971, 537.522, -83.7533, 125, 50, 0
L 736.852, 529.6689, -86.4625, 680.1319, 525.3642, -84.2762, 125, 50, 0
L 765.4047, 520.1024, -83.778, 736.852, 529.6689, -86.4625, 125, 50, 0
L 787.6207, 498.1476, -75.1779, 765.4047, 520.1024, -83.778, 125, 50, 0
L 805.73, 444.7536, -56.6561, 787.6207, 498.1476, -75.1779, 125, 50, 0
L 828.836, 415.1265, -57.8481, 805.73, 444.7536, -56.6561, 125, 50, 0
L 863.3964, 399.1499, -53.7882, 828.836, 415.1265, -57.8481, 125, 50, 0
L 885.7337, 406.2762, -62.5446, 863.3964, 399.1499, -53.7882, 125, 50, 0
L 1005.5846, 437.7728, -111.5301, 1005.5846, 437.7728, -114.6551, 125, 50, 0
L 1021.5702, 422.5835, -116.1578, 1005.5846, 437.7728, -111.5301, 125, 50, 0
L 1032.5807, 406.8614, -130.8699, 1021.5702, 422.5835, -116.1578, 125, 50, 0
L 1038.9822, 367.5086, -144.6436, 1032.5807, 406.8614, -130.8699, 125, 50, 0
L 1072.4975, 325.9143, -144.1116, 1038.9822, 367.5086, -144.6436, 125, 50, 0
L 1105.6918, 311.7504, -143.7653, 1072.4975, 325.9143, -144.1116, 125, 50, 0
L 1139.2366, 326.589, -142.1904, 1105.6918, 311.7504, -143.7653, 125, 50, 0
L 1170.1259, 361.6526, -120.2677, 1139.2366, 326.589, -142.1904, 125, 50, 0
L 1172.2072, 401.6041, -115.4132, 1170.1259, 361.6526, -120.2677, 125, 50, 0
L 1149.4239, 407.1141, -122.4763, 1172.2072, 401.6041, -115.4132, 125, 50, 0
L 1175.1858, 418.7357, -120.4959, 1149.4239, 407.1141, -122.4763, 125, 50, 0
L 1162.5922, 458.3088, -124.2082, 1175.1858, 418.7357, -120.4959, 125, 50, 0
L 1158.4653, 479.656, -123.9926, 1162.5922, 458.3088, -124.2082, 125, 50, 0
L 1176.6819, 500.9379, -131.6468, 1158.4653, 479.656, -123.9926, 125, 50, 0
L 1192.1126, 483.579, -130.5065, 1176.6819, 500.9379, -131.6468, 125, 50, 0
L 1232.6922, 493.608, -128.548, 1192.1126, 483.579, -130.5065, 125, 50, 0
L 1224.8837, 540.673, -124.1654, 1232.6922, 493.608, -128.548, 125, 50, 0
L 1151.2335, 506.348, -125.3503, 1224.8837, 540.673, -124.1654, 125, 50, 0
L 1144.918, 528.5185, -125.5331, 1151.2335, 506.348, -125.3503, 125, 50, 0
L 1120.3602, 579.846, -119.2171, 1144.918, 528.5185, -125.5331, 125, 50, 0
L 1091.396, 569.638, -120.3661, 1120.3602, 579.846, -119.2171, 125, 50, 0
L 1093.5861, 530.7394, -119.7128, 1091.396, 569.638, -120.3661, 125, 50, 0
L 1107.6741, 481.2966, -121.2476, 1093.5861, 530.7394, -119.7128, 125, 50, 0
L 1121.4347, 426.7721, -121.8345, 1107.6741, 481.2966, -121.2476, 125, 50, 0
L 1139.3679, 422.9689, -126.2409, 1121.4347, 426.7721, -121.8345, 125, 50, 0
L 1148.5944, 378.9732, -118.7631, 1139.3679, 422.9689, -126.2409, 125, 50, 0
L 1141.5501, 358.5514, -121.3812, 1148.5944, 378.9732, -118.7631, 125, 50, 0
L 1137.4764, 350.4442, -128.6473, 1141.5501, 358.5514, -121.3812, 125, 50, 0
L 1103.7647, 338.2096, -141.7511, 1137.4764, 350.4442, -128.6473, 125, 50, 0
L 1084.5136, 347.1838, -141.9036, 1103.7647, 338.2096, -141.7511, 125, 50, 0
L 1075.3302, 355.2728, -143.4147, 1084.5136, 347.1838, -141.9036, 125, 50, 0
L 1066.6966, 369.6059, -141.4278, 1075.3302, 355.2728, -143.4147, 125, 50, 0
L 1059.9954, 384.6168, -143.699, 1066.6966, 369.6059, -141.4278, 125, 50, 0
L 1050.6364, 416.5398, -128.6579, 1059.9954, 384.6168, -143.699, 125, 50, 0
L 1032.1575, 443.3625, -116.1581, 1050.6364, 416.5398, -128.6579, 125, 50, 0
L 1012.33, 457.221, -113.6968, 1032.1575, 443.3625, -116.1581, 125, 50, 0
L 996.352, 456.603, -118.8991, 1012.33, 457.221, -113.6968, 125, 50, 0
L 986.2265, 392.4415, -177.5561, 983.2305, 376.9411, -180.5801, 0, 0, 0
L 984.2145, 441.5043, -176.7836, 986.2265, 392.4415, -177.5561, 0, 0, 0
L 981.6105, 476.5808, -178.3241, 984.2145, 441.5043, -176.7836, 0, 0, 0
L 982.9039, 491.5398, -178.5478, 981.6105, 476.5808, -178.3241, 0, 0, 0
L 981.9624, 542.5403, -165.552, 982.9039, 491.5398, -178.5478, 0, 0, 0
L 979.502, 550.7563, -163.4776, 981.9624, 542.5403, -165.552, 0, 0, 0
L 964.291, 545.8836, -166.4105, 979.502, 550.7563, -163.4776, 0, 0, 0
L 955.1452, 530.934, -167.6037, 964.291, 545.8836, -166.4105, 0, 0, 0
L 937.4734, 526.1992, -168.7779, 955.1452, 530.934, -167.6037, 0, 0, 0
L 927.4451, 515.6648, -168.8815, 937.4734, 526.1992, -168.7779, 0, 0, 0
L 932.2033, 507.3215, -173.785, 927.4451, 515.6648, -168.8815, 0, 0, 0
L 920.5511, 497.4298, -176.7966, 932.2033, 507.3215, -173.785, 0, 0, 0
L 912.4619, 480.67, -177.1146, 920.5511, 497.4298, -176.7966, 0, 0, 0
L 914.999, 464.9096, -177.7252, 912.4619, 480.67, -177.1146, 0, 0, 0
L 918.3106, 414.6109, -180.463, 914.999, 464.9096, -177.7252, 0, 0, 0
L 919.1656, 403.1159, -177.8429, 918.3106, 414.6109, -180.463, 0, 0, 0
L 915.1667, 378.5516, -179.2837, 919.1656, 403.1159, -177.8429, 0, 0, 0
L 913.96, 366.4721, -176.4795, 915.1667, 378.5516, -179.2837, 0, 0, 0
L 910.2956, 334.5414, -165.375, 913.96, 366.4721, -176.4795, 0, 0, 0
L 912.2866, 315.8355, -163.2392, 910.2956, 334.5414, -165.375, 0, 0, 0
L 920.7799, 314.3677, -162.5227, 912.2866, 315.8355, -163.2392, 0, 0, 0
L 928.4808, 323.6859, -166.1416, 920.7799, 314.3677, -162.5227, 0, 0, 0
L 933.3971, 325.4674, -165.9319, 928.4808, 323.6859, -166.1416, 0, 0, 0
L 946.932, 325.5455, -163.2547, 933.3971, 325.4674, -165.9319, 0, 0, 0
L 967.7105, 338.4893, -165.9987, 946.932, 325.5455, -163.2547, 0, 0, 0
L 963.4174, 350.353, -170.1818, 967.7105, 338.4893, -165.9987, 0, 0, 0
L 968.6268, 354.1057, -169.1795, 963.4174, 350.353, -170.1818, 0, 0, 0
L 983.6064, 378.4175, -177.6109, 968.6268, 354.1057, -169.1795, 0, 0, 0
L 986.3152, 394.3799, -180.7332, 983.6064, 378.4175, -177.6109, 0, 0, 0
L -60.377, 43.5636, 20.2449, -60.377, 43.5788, 17.1368, 0, 0, 0
L -59.5003, 18.351, 17.3933, -60.377, 43.5636, 20.2449, 0, 0, 0
L -51.6315, -41.3173, 17.9723, -59.5003, 18.351, 17.3933, 0, 0, 0
L -29.6155, -72.3003, 16.3476, -51.6315, -41.3173, 17.9723, 0, 0, 0
L -9.6401, -105.6454, 19.3236, -29.6155, -72.3003, 16.3476, 0, 0, 0
L 39.807, -141.7216, 22.7447, -9.6401, -105.6454, 19.3236, 0, 0, 0
L 57.4061, -146.3333, 17.5912, 39.807, -141.7216, 22.7447, 0, 0, 0
L 163.8659, -150.5762, 16.8466, 57.4061, -146.3333, 17.5912, 0, 0, 0
L 201.931, -134.759, 16.4737, 163.8659, -150.5762, 16.8466, 0, 0, 0
L 250.9548, -104.9125, 18.5008, 201.931, -134.759, 16.4737, 0, 0, 0
L 288.9907, -29.7182, 21.9789, 250.9548, -104.9125, 18.5008, 0, 0, 0
L 303.81, 5.7946, 22.3791, 288.9907, -29.7182, 21.9789, 0, 0, 0
L 297.4101, 71.546, 17.2362, 303.81, 5.7946, 22.3791, 0, 0, 0
L 273.3168, 123.1359, 17.9751, 297.4101, 71.546, 17.2362, 0, 0, 0
L 254.6733, 152.9619, 18.9674, 273.3168, 123.1359, 17.9751, 0, 0, 0
L 235.5047, 173.1029, 19.8871, 254.6733, 152.9619, 18.9674, 0, 0, 0
L 191.6322, 201.22, 22.1145, 235.5047, 173.1029, 19.8871, 0, 0, 0
L 159.2042, 202.5831, 16.8345, 191.6322, 201.22, 22.1145, 0, 0, 0
L 142.3418, 216.8067, 14.4794, 159.2042, 202.5831, 16.8345, 0, 0, 0
L 132.8753, 282.2321, 7.585, 142.3418, 216.8067, 14.4794, 0, 0, 0
L 134.907, 314.7096, 8.7311, 132.8753, 282.2321, 7.585, 0, 0, 0
L 147.1424, 343.5018, 6.2019, 134.907, 314.7096, 8.7311, 0, 0, 0
L 191.3608, 368.6027, 1.6137, 147.1424, 343.5018, 6.2019, 0, 0, 0
L 261.7678, 369.2914, -18.9257, 191.3608, 368.6027, 1.6137, 0, 0, 0
L 304.4947, 370.4096, -33.9495, 261.7678, 369.2914, -18.9257, 0, 0, 0
L 348.5654, 382.6761, -37.769, 304.4947, 370.4096, -33.9495, 0, 0, 0
L 379.5624, 428.3577, -36.6503, 348.5654, 382.6761, -37.769, 0, 0, 0
L 382.466, 448.2857, -38.4414, 379.5624, 428.3577, -36.6503, 0, 0, 0
L 421.9841, 451.968, -38.4035, 382.466, 448.2857, -38.4414, 0, 0, 0
L 424.2783, 489.1564, -38.3905, 421.9841, 451.968, -38.4035, 0, 0, 0
L 432.4012, 501.4255, -37.457, 424.2783, 489.1564, -38.3905, 0, 0, 0
L 477.489, 507.303, -26.7237, 432.4012, 501.4255, -37.457, 0, 0, 0
L 515.297, 518.9329, -18.6999, 477.489, 507.303, -26.7237, 0, 0, 0
L 574.8001, 518.329, -1.8372, 515.297, 518.9329, -18.6999, 0, 0, 0
L 602.341, 515.6685, 0.6641, 574.8001, 518.329, -1.8372, 0, 0, 0
L 603.5144, 496.5301, 0.8791, 602.341, 515.6685, 0.6641, 0, 0, 0
L 608.7179, 448.4762, 5.841, 603.5144, 496.5301, 0.8791, 0, 0, 0
L 609.951, 425.9755, 1.6334, 608.7179, 448.4762, 5.841, 0, 0, 0
L 637.9247, 421.3127, 4.48, 609.951, 425.9755, 1.6334, 0, 0, 0
L 678.3721, 421.23, 2.6644, 637.9247, 421.3127, 4.48, 0, 0, 0
L 713.1703, 435.2724, 2.7827, 678.3721, 421.23, 2.6644, 0, 0, 0
L 741.9823, 436.409, 4.4077, 713.1703, 435.2724, 2.7827, 0, 0, 0
L 782.7074, 433.9436, 2.1154, 741.9823, 436.409, 4.4077, 0, 0, 0
L 811.3863, 440.3086, 1.8721, 782.7074, 433.9436, 2.1154, 0, 0, 0
L 826.4751, 425.3831, 6.4204, 811.3863, 440.3086, 1.8721, 0, 0, 0
L 826.1704, 350.5593, 1.749, 826.4751, 425.3831, 6.4204, 0, 0, 0
L 825.5716, 271.6979, 4.8013, 826.1704, 350.5593, 1.749, 0, 0, 0
L 827.3863, 216.5105, 3.28, 825.5716, 271.6979, 4.8013, 0, 0, 0
L 847.8751, 217.799, 5.5472, 827.3863, 216.5105, 3.28, 0, 0, 0
L 852.9877, 206.7922, 3.3767, 847.8751, 217.799, 5.5472, 0, 0, 0
L 862.656, 178.4724, 2.3256, 852.9877, 206.7922, 3.3767, 0, 0, 0
L 866.208, 164.1186, 1.9289, 862.656, 178.4724, 2.3256, 0, 0, 0
L 868.6472, 135.3973, -13.4421, 866.208, 164.1186, 1.9289, 0, 0, 0
L 871.1902, 78.8991, -26.254, 868.6472, 135.3973, -13.4421, 0, 0, 0
L 859.6273, 75.2488, -24.2459, 871.1902, 78.8991, -26.254, 0, 0, 0
L 846.4176, 61.87, -27.4947, 859.6273, 75.2488, -24.2459, 0, 0, 0
L 802.4279, 59.7614, -11.7242, 846.4176, 61.87, -27.4947, 0, 0, 0
L 758.1749, 63.2053, 17.3048, 802.4279, 59.7614, -11.7242, 0, 0, 0
L 740.9782, 61.6824, 28.2846, 758.1749, 63.2053, 17.3048, 0, 0, 0
L 741.959, 69.5674, 28.63, 740.9782, 61.6824, 28.2846, 0, 0, 0
L 715.4012, 70.625, 23.534, 741.959, 69.5674, 28.63, 0, 0, 0
L 658.3556, 65.5139, 21.7423, 715.4012, 70.625, 23.534, 0, 0, 0
L 649.4611, 77.5978, 14.9015, 658.3556, 65.5139, 21.7423, 0, 0, 0
L 650.6358, 107.6611, 17.5849, 649.4611, 77.5978, 14.9015, 0, 0, 0
L 638.7675, 108.741, 15.73, 650.6358, 107.6611, 17.5849, 0, 0, 0
L 550.484, 103.8697, 0.1535, 638.7675, 108.741, 15.73, 0, 0, 0
L 531.7711, 69.7072, -0.449, 550.484, 103.8697, 0.1535, 0, 0, 0
L 529.97, 13.678, -1.725, 531.7711, 69.7072, -0.449, 0, 0, 0
L 583.6711, -13.8289, -1.7517, 529.97, 13.678, -1.725, 0, 0, 0
L 674.317, 30.4838, 19.6203, 583.6711, -13.8289, -1.7517, 0, 0, 0
L 697.6585, 13.5175, 20.5863, 674.317, 30.4838, 19.6203, 0, 0, 0
L 692.9098, 10.1685, 22.7164, 697.6585, 13.5175, 20.5863, 0, 0, 0
L 692.7886, -39.7314, 22.6905, 692.9098, 10.1685, 22.7164, 0, 0, 0
L 693.7164, -58.472, 22.1659, 692.7886, -39.7314, 22.6905, 0, 0, 0
L 694.4102, -77.4634, 22.1956, 693.7164, -58.472, 22.1659, 0, 0, 0
L 682.952, -75.5574, 26.8558, 694.4102, -77.4634, 22.1956, 0, 0, 0
L 680.5321, -78.9787, 23.2433, 682.952, -75.5574, 26.8558, 0, 0, 0
L 649.7699, -94.5142, 16.761, 680.5321, -78.9787, 23.2433, 0, 0, 0
L 648.437, -83.6086, 16.4673, 649.7699, -94.5142, 16.761, 0, 0, 0
L 598.9406, -87.2019, 21.4536, 648.437, -83.6086, 16.4673, 0, 0, 0
L 600.4018, -127.3594, 19.8693, 598.9406, -87.2019, 21.4536, 0, 0, 0
L 651.3775, -125.1852, 16.7943, 600.4018, -127.3594, 19.8693, 0, 0, 0
L 652.388, -116.752, 15.4143, 651.3775, -125.1852, 16.7943, 0, 0, 0
L 660.1208, -116.5488, 17.5811, 652.388, -116.752, 15.4143, 0, 0, 0
L 678.562, -109.6359, 21.2295, 660.1208, -116.5488, 17.5811, 0, 0, 0
L 682.1422, -155.1808, 23.3461, 678.562, -109.6359, 21.2295, 0, 0, 0
L 681.673, -176.5139, 23.5788, 682.1422, -155.1808, 23.3461, 0, 0, 0
L 663.1775, -180.6186, 25.981, 681.673, -176.5139, 23.5788, 0, 0, 0
L 576.1077, -176.8097, 20.8098, 663.1775, -180.6186, 25.981, 0, 0, 0
L 538.7489, -180.7068, 20.8895, 576.1077, -176.8097, 20.8098, 0, 0, 0
L 534.9017, -178.1339, 21.6216, 538.7489, -180.7068, 20.8895, 0, 0, 0
L 534.4519, -153.856, 17.5745, 534.9017, -178.1339, 21.6216, 0, 0, 0
L 544.5882, -153.7958, 20.9716, 534.4519, -153.856, 17.5745, 0, 0, 0
L 548.6109, -103.1987, 19.125, 544.5882, -153.7958, 20.9716, 0, 0, 0
L 500.3507, -100.9941, 21.751, 548.6109, -103.1987, 19.125, 0, 0, 0
L 497.8138, -141.36, 20.8439, 500.3507, -100.9941, 21.751, 0, 0, 0
L 511.1293, -155.8924, 18.218, 497.8138, -141.36, 20.8439, 0, 0, 0
L 513.2836, -160.4464, 16.8371, 511.1293, -155.8924, 18.218, 0, 0, 0
L 513.9794, -163.2915, 17.2086, 513.2836, -160.4464, 16.8371, 0, 0, 0
L 510.1027, -170.7939, 22.3173, 513.9794, -163.2915, 17.2086, 0, 0, 0
L 514.1468, -178.2421, 21.1917, 510.1027, -170.7939, 22.3173, 0, 0, 0
L 489.103, -183.7101, 25.5199, 514.1468, -178.2421, 21.1917, 0, 0, 0
L 457.4821, -182.4843, 29.2896, 489.103, -183.7101, 25.5199, 0, 0, 0
L 430.2611, -191.912, 28.218, 457.4821, -182.4843, 29.2896, 0, 0, 0
L 396.6016, -210.8361, 26.5892, 430.2611, -191.912, 28.218, 0, 0, 0
L 378.8722, -223.6587, 25.2885, 396.6016, -210.8361, 26.5892, 0, 0, 0
L 346.4787, -262.2515, 27.7358, 378.8722, -223.6587, 25.2885, 0, 0, 0
L 334.8326, -292.151, 24.8929, 346.4787, -262.2515, 27.7358, 0, 0, 0
L 320.5751, -341.4298, 18.528, 334.8326, -292.151, 24.8929, 0, 0, 0
L 322.4044, -351.9716, 12.661, 320.5751, -341.4298, 18.528, 0, 0, 0
L 319.1485, -393.4816, 12.593, 322.4044, -351.9716, 12.661, 0, 0, 0
L 317.375, -409.4551, 9.5309, 319.1485, -393.4816, 12.593, 0, 0, 0
L 320.2388, -417.3686, 3.1101, 317.375, -409.4551, 9.5309, 0, 0, 0
L 294.8994, -419.4171, 5.4063, 320.2388, -417.3686, 3.1101, 0, 0, 0
L 273.9205, -415.9293, 0.6311, 294.8994, -419.4171, 5.4063, 0, 0, 0
L 269.615, -458.8048, 0.7478, 273.9205, -415.9293, 0.6311, 0, 0, 0
L 242.3608, -463.55, -4.3295, 269.615, -458.8048, 0.7478, 0, 0, 0
L 244.1562, -450.3192, -0.9865, 242.3608, -463.55, -4.3295, 0, 0, 0
L 194.735, -448.5147, -2.4916, 244.1562, -450.3192, -0.9865, 0, 0, 0
L 193.5536, -495.3655, -2.7181, 194.735, -448.5147, -2.4916, 0, 0, 0
L 241.1947, -497.3971, -2.139, 193.5536, -495.3655, -2.7181, 0, 0, 0
L 249.4168, -482.9248, -4.3438, 241.1947, -497.3971, -2.139, 0, 0, 0
L 270.5819, -487.9397, 1.589, 249.4168, -482.9248, -4.3438, 0, 0, 0
L 273.3768, -519.5593, 0.5541, 270.5819, -487.9397, 1.589, 0, 0, 0
L 314.8244, -517.9519, 0.3501, 273.3768, -519.5593, 0.5541, 0, 0, 0
L 319.3951, -532.602, -1.6975, 314.8244, -517.9519, 0.3501, 0, 0, 0
L 325.3265, -575.7718, -10.1646, 319.3951, -532.602, -1.6975, 0, 0, 0
L 316.3346, -583.1466, -5.6265, 325.3265, -575.7718, -10.1646, 0, 0, 0
L 306.3303, -585.8411, -6.6936, 316.3346, -583.1466, -5.6265, 0, 0, 0
L 290.3267, -586.2612, -8.7232, 306.3303, -585.8411, -6.6936, 0, 0, 0
L 276.2556, -584.8029, -11.9907, 290.3267, -586.2612, -8.7232, 0, 0, 0
L 248.466, -586.4358, -12.745, 276.2556, -584.8029, -11.9907, 0, 0, 0
L 244.5882, -645.8193, -11.397, 248.466, -586.4358, -12.745, 0, 0, 0
L 216.7634, -647.6536, -16.6108, 244.5882, -645.8193, -11.397, 0, 0, 0
L 217.4796, -635.2836, -15.3757, 216.7634, -647.6536, -16.6108, 0, 0, 0
L 169.849, -631.9148, -13.6668, 217.4796, -635.2836, -15.3757, 0, 0, 0
L 165.7038, -676.7287, -9.4108, 169.849, -631.9148, -13.6668, 0, 0, 0
L 219.7566, -670.4084, -13.1739, 165.7038, -676.7287, -9.4108, 0, 0, 0
L 232.543, -669.605, -13.4551, 219.7566, -670.4084, -13.1739, 0, 0, 0
L 243.9921, -666.8125, -11.3282, 232.543, -669.605, -13.4551, 0, 0, 0
L 247.178, -673.3273, -10.7513, 243.9921, -666.8125, -11.3282, 0, 0, 0
L 244.1895, -712.331, -9.4033, 247.178, -673.3273, -10.7513, 0, 0, 0
L 227.1593, -723.56, -15.897, 244.1895, -712.331, -9.4033, 0, 0, 0
L 215.8511, -716.1909, -16.6215, 227.1593, -723.56, -15.897, 0, 0, 0
L 219.3916, -707.3075, -13.3726, 215.8511, -716.1909, -16.6215, 0, 0, 0
L 169.205, -704.3949, -13.8423, 219.3916, -707.3075, -13.3726, 0, 0, 0
L 166.544, -750.6888, -9.5083, 169.205, -704.3949, -13.8423, 0, 0, 0
L 213.5925, -742.4977, -18.2383, 166.544, -750.6888, -9.5083, 0, 0, 0
L 230.6057, -743.9547, -11.4224, 213.5925, -742.4977, -18.2383, 0, 0, 0
L 243.1837, -743.5798, -7.272, 230.6057, -743.9547, -11.4224, 0, 0, 0
L 247.4234, -787.3854, -9.643, 243.1837, -743.5798, -7.272, 0, 0, 0
L 292.2201, -793.8962, -11.753, 247.4234, -787.3854, -9.643, 0, 0, 0
L 298.3405, -824.557, -16.8286, 292.2201, -793.8962, -11.753, 0, 0, 0
L 285.4854, -822.821, -15.6068, 298.3405, -824.557, -16.8286, 0, 0, 0
L 285.7334, -870.9034, -14.653, 285.4854, -822.821, -15.6068, 0, 0, 0
L 329.7232, -872.8416, -9.5801, 285.7334, -870.9034, -14.653, 0, 0, 0
L 333.5668, -824.8206, -12.3094, 329.7232, -872.8416, -9.5801, 0, 0, 0
L 321.3159, -818.4894, -11.9517, 333.5668, -824.8206, -12.3094, 0, 0, 0
L 316.475, -808.533, -13.7944, 321.3159, -818.4894, -11.9517, 0, 0, 0
L 303.9327, -794.8871, -12.2143, 316.475, -808.533, -13.7944, 0, 0, 0
L 334.47, -795.9809, -8.5523, 303.9327, -794.8871, -12.2143, 0, 0, 0
L 367.8063, -794.7844, -11.2583, 334.47, -795.9809, -8.5523, 0, 0, 0
L 368.415, -802.9342, -12.4305, 367.8063, -794.7844, -11.2583, 0, 0, 0
L 367.7402, -819.9546, -12.2425, 368.415, -802.9342, -12.4305, 0, 0, 0
L 357.9026, -819.6323, -12.221, 367.7402, -819.9546, -12.2425, 0, 0, 0
L 355.156, -869.5291, -14.1767, 357.9026, -819.6323, -12.221, 0, 0, 0
L 403.26, -872.2287, -11.2995, 355.156, -869.5291, -14.1767, 0, 0, 0
L 403.459, -828.6873, -15.1548, 403.26, -872.2287, -11.2995, 0, 0, 0
L 392.7979, -815.278, -13.4643, 403.459, -828.6873, -15.1548, 0, 0, 0
L 390.425, -795.1988, -10.6145, 392.7979, -815.278, -13.4643, 0, 0, 0
L 440.1121, -790.2514, -9.2294, 390.425, -795.1988, -10.6145, 0, 0, 0
L 441.2448, -744.4537, -11.4025, 440.1121, -790.2514, -9.2294, 0, 0, 0
L 445.6585, -731.9116, -6.2877, 441.2448, -744.4537, -11.4025, 0, 0, 0
L 467.374, -730.5401, -11.2217, 445.6585, -731.9116, -6.2877, 0, 0, 0
L 473.7678, -742.6663, -16.1993, 467.374, -730.5401, -11.2217, 0, 0, 0
L 516.1418, -741.982, -15.2522, 473.7678, -742.6663, -16.1993, 0, 0, 0
L 510.1492, -692.346, -11.5906, 516.1418, -741.982, -15.2522, 0, 0, 0
L 471.6299, -706.3565, -18.2258, 510.1492, -692.346, -11.5906, 0, 0, 0
L 444.5, -707.6114, -9.2007, 471.6299, -706.3565, -18.2258, 0, 0, 0
L 442.4981, -656.886, -12.533, 444.5, -707.6114, -9.2007, 0, 0, 0
L 466.6225, -657.4908, -15.6462, 442.4981, -656.886, -12.533, 0, 0, 0
L 467.7642, -668.6671, -13.1027, 466.6225, -657.4908, -15.6462, 0, 0, 0
L 514.7173, -671.1576, -14.331, 467.7642, -668.6671, -13.1027, 0, 0, 0
L 520.1671, -623.3029, -11.8086, 514.7173, -671.1576, -14.331, 0, 0, 0
L 471.2719, -627.5148, -18.2669, 520.1671, -623.3029, -11.8086, 0, 0, 0
L 463.5305, -640.568, -16.5503, 471.2719, -627.5148, -18.2669, 0, 0, 0
L 442.673, -633.246, -9.7727, 463.5305, -640.568, -16.5503, 0, 0, 0
L 436.1154, -586.2863, -11.1359, 442.673, -633.246, -9.7727, 0, 0, 0
L 386.7078, -588.1026, -10.7614, 436.1154, -586.2863, -11.1359, 0, 0, 0
L 373.1809, -583.8958, -9.259, 386.7078, -588.1026, -10.7614, 0, 0, 0
L 367.9689, -571.2631, -12.2128, 373.1809, -583.8958, -9.259, 0, 0, 0
L 371.6986, -537.4479, 4.473, 367.9689, -571.2631, -12.2128, 0, 0, 0
L 373.2902, -522.3463, 4.4707, 371.6986, -537.4479, 4.473, 0, 0, 0
L 383.2764, -516.6602, 2.3409, 373.2902, -522.3463, 4.4707, 0, 0, 0
L 408.6832, -519.6964, -0.9615, 383.2764, -516.6602, 2.3409, 0, 0, 0
L 415.4938, -512.1294, 1.913, 408.6832, -519.6964, -0.9615, 0, 0, 0
L 414.202, -483.538, 0.5984, 415.4938, -512.1294, 1.913, 0, 0, 0
L 441.45, -480.5418, -4.991, 414.202, -483.538, 0.5984, 0, 0, 0
L 442.5606, -493.6646, -2.918, 441.45, -480.5418, -4.991, 0, 0, 0
L 489.7565, -496.1974, -2.598, 442.5606, -493.6646, -2.918, 0, 0, 0
L 487.8344, -445.9254, 1.3777, 489.7565, -496.1974, -2.598, 0, 0, 0
L 447.683, -445.4554, -0.1685, 487.8344, -445.9254, 1.3777, 0, 0, 0
L 433.7108, -468.1419, -2.4937, 447.683, -445.4554, -0.1685, 0, 0, 0
L 418.3981, -456.3288, 4.8232, 433.7108, -468.1419, -2.4937, 0, 0, 0
L 414.552, -418.35, 2.5651, 418.3981, -456.3288, 4.8232, 0, 0, 0
L 401.2832, -420.9805, -0.3592, 414.552, -418.35, 2.5651, 0, 0, 0
L 366.7071, -415.1188, 1.524, 401.2832, -420.9805, -0.3592, 0, 0, 0
L 366.2891, -409.5169, 0.4454, 366.7071, -415.1188, 1.524, 0, 0, 0
L 366.2327, -357.4375, 11.6469, 366.2891, -409.5169, 0.4454, 0, 0, 0
L 377.918, -298.9132, 27.6236, 366.2327, -357.4375, 11.6469, 0, 0, 0
L 398.1061, -266.3749, 27.6381, 377.918, -298.9132, 27.6236, 0, 0, 0
L 427.1818, -245.7389, 28.807, 398.1061, -266.3749, 27.6381, 0, 0, 0
L 488.3921, -228.2858, 28.4546, 427.1818, -245.7389, 28.807, 0, 0, 0
L 500.4755, -227.4013, 26.8629, 488.3921, -228.2858, 28.4546, 0, 0, 0
L 524.7125, -231.8505, 25.6522, 500.4755, -227.4013, 26.8629, 0, 0, 0
L 524.7116, -256.2989, 20.4314, 524.7125, -231.8505, 25.6522, 0, 0, 0
L 515.9142, -259.1963, 16.939, 524.7116, -256.2989, 20.4314, 0, 0, 0
L 514.445, -304.5518, 18.4376, 515.9142, -259.1963, 16.939, 0, 0, 0
L 560.6122, -307.3075, 18.9158, 514.445, -304.5518, 18.4376, 0, 0, 0
L 564.6417, -259.9143, 20.215, 560.6122, -307.3075, 18.9158, 0, 0, 0
L 547.9683, -255.2866, 14.6715, 564.6417, -259.9143, 20.215, 0, 0, 0
L 547.6019, -233.4882, 20.7195, 547.9683, -255.2866, 14.6715, 0, 0, 0
L 581.8469, -227.2462, 23.143, 547.6019, -233.4882, 20.7195, 0, 0, 0
L 586.5366, -233.4285, 21.7642, 581.8469, -227.2462, 23.143, 0, 0, 0
L 586.4736, -327.2703, 29.897, 586.5366, -233.4285, 21.7642, 0, 0, 0
L 633.4192, -328.666, 28.1538, 586.4736, -327.2703, 29.897, 0, 0, 0
L 635.7976, -284.1904, 20.365, 633.4192, -328.666, 28.1538, 0, 0, 0
L 662.4515, -289.5607, 16.2421, 635.7976, -284.1904, 20.365, 0, 0, 0
L 659.9999, -299.6442, 20.5507, 662.4515, -289.5607, 16.2421, 0, 0, 0
L 708.35, -301.6154, 17.8173, 659.9999, -299.6442, 20.5507, 0, 0, 0
L 709.5321, -254.535, 17.6783, 708.35, -301.6154, 17.8173, 0, 0, 0
L 666.8843, -251.1062, 21.16, 709.5321, -254.535, 17.6783, 0, 0, 0
L 660.4353, -264.3455, 17.6354, 666.8843, -251.1062, 21.16, 0, 0, 0
L 653.135, -271.7653, 16.1162, 660.4353, -264.3455, 17.6354, 0, 0, 0
L 633.7587, -264.6677, 21.9305, 653.135, -271.7653, 16.1162, 0, 0, 0
L 633.5833, -261.5855, 22.2785, 633.7587, -264.6677, 21.9305, 0, 0, 0
L 629.7442, -234.9316, 24.4072, 633.5833, -261.5855, 22.2785, 0, 0, 0
L 650.1829, -224.6441, 21.2174, 629.7442, -234.9316, 24.4072, 0, 0, 0
L 672.1218, -224.9096, 20.2968, 650.1829, -224.6441, 21.2174, 0, 0, 0
L 748.6607, -228.4132, 20.8947, 672.1218, -224.9096, 20.2968, 0, 0, 0
L 754.5285, -256.636, 21.2469, 748.6607, -228.4132, 20.8947, 0, 0, 0
L 746.612, -262.1399, 15.908, 754.5285, -256.636, 21.2469, 0, 0, 0
L 741.5236, -304.7148, 18.4497, 746.612, -262.1399, 15.908, 0, 0, 0
L 789.1042, -307.9843, 20.64, 741.5236, -304.7148, 18.4497, 0, 0, 0
L 793.7714, -265.3337, 22.4127, 789.1042, -307.9843, 20.64, 0, 0, 0
L 779.6779, -252.9567, 20.3812, 793.7714, -265.3337, 22.4127, 0, 0, 0
L 771.6739, -233.2235, 20.3136, 779.6779, -252.9567, 20.3812, 0, 0, 0
L 813.2365, -224.4781, 27.942, 771.6739, -233.2235, 20.3136, 0, 0, 0
L 816.517, -178.4338, 29.9945, 813.2365, -224.4781, 27.942, 0, 0, 0
L 743.4647, -184.7961, 21.8393, 816.517, -178.4338, 29.9945, 0, 0, 0
L 729.2202, -173.1705, 23.5765, 743.4647, -184.7961, 21.8393, 0, 0, 0
L 730.3133, -154.5109, 20.9057, 729.2202, -173.1705, 23.5765, 0, 0, 0
L 730.6082, -126.7638, 21.2613, 730.3133, -154.5109, 20.9057, 0, 0, 0
L 728.2911, -105.561, 20.3325, 730.6082, -126.7638, 21.2613, 0, 0, 0
L 730.22, -91.999, 26.5293, 728.2911, -105.561, 20.3325, 0, 0, 0
L 715.617, -67.8215, 23.621, 730.22, -91.999, 26.5293, 0, 0, 0
L 709.91, 14.6721, 21.3146, 715.617, -67.8215, 23.621, 0, 0, 0
L 726.5412, 20.6138, 27.8807, 709.91, 14.6721, 21.3146, 0, 0, 0
L 740.8455, 38.1559, 20.425, 726.5412, 20.6138, 27.8807, 0, 0, 0
L 762.5995, 36.2287, 9.8272, 740.8455, 38.1559, 20.425, 0, 0, 0
L 829.2811, 35.8417, -21.2897, 762.5995, 36.2287, 9.8272, 0, 0, 0
L 851.76, 39.6105, -28.3381, 829.2811, 35.8417, -21.2897, 0, 0, 0
L 855.2679, -35.4187, -25.2535, 851.76, 39.6105, -28.3381, 0, 0, 0
L 856.9945, -63.4923, -28.9719, 855.2679, -35.4187, -25.2535, 0, 0, 0
L 945.6874, -70.8963, -30.4103, 856.9945, -63.4923, -28.9719, 0, 0, 0
L 960.3151, -1.4922, -28.5165, 945.6874, -70.8963, -30.4103, 0, 0, 0
L 958.4809, 52.8588, -21.7912, 960.3151, -1.4922, -28.5165, 0, 0, 0
L 921.2532, 76.1739, -28.2191, 958.4809, 52.8588, -21.7912, 0, 0, 0
L 889.289, 78.3225, -26.8865, 921.2532, 76.1739, -28.2191, 0, 0, 0
L 888.6757, 84.807, -26.5839, 889.289, 78.3225, -26.8865, 0, 0, 0
L 887.6695, 174.2597, 2.794, 888.6757, 84.807, -26.5839, 0, 0, 0
L 894.4542, 211.9096, 2.7086, 887.6695, 174.2597, 2.794, 0, 0, 0
L 901.1699, 219.194, 2.5428, 894.4542, 211.9096, 2.7086, 0, 0, 0
L 968.9403, 240.3851, 3.2944, 901.1699, 219.194, 2.5428, 0, 0, 0
L 1023.5094, 272.6748, 0.9461, 968.9403, 240.3851, 3.2944, 0, 0, 0
L 1052.9638, 334.5144, 1.2203, 1023.5094, 272.6748, 0.9461, 0, 0, 0
L 1064.6566, 391.8285, 2.8361, 1052.9638, 334.5144, 1.2203, 0, 0, 0
L 1070.636, 435.8362, 11.1283, 1064.6566, 391.8285, 2.8361, 0, 0, 0
L 1068.9674, 491.5534, 3.746, 1070.636, 435.8362, 11.1283, 0, 0, 0
L 1085.1057, 511.2207, 4.3231, 1068.9674, 491.5534, 3.746, 0, 0, 0
L 1127.1482, 509.5638, -4.1914, 1085.1057, 511.2207, 4.3231, 0, 0, 0
L 1171.8359, 514.2857, -23.8296, 1127.1482, 509.5638, -4.1914, 0, 0, 0
L 1175.4481, 504.1764, -23.8738, 1171.8359, 514.2857, -23.8296, 0, 0, 0
L 1184.4057, 500.7393, -23.7652, 1175.4481, 504.1764, -23.8738, 0, 0, 0
L 1223.5239, 497.6163, -27.6197, 1184.4057, 500.7393, -23.7652, 0, 0, 0
L 1256.9834, 510.353, -29.9268, 1223.5239, 497.6163, -27.6197, 0, 0, 0
L 1258.8853, 486.1059, -28.7981, 1256.9834, 510.353, -29.9268, 0, 0, 0
L 1259.9846, 411.5493, -35.6942, 1258.8853, 486.1059, -28.7981, 0, 0, 0
L 1277.281, 391.7047, -46.4831, 1259.9846, 411.5493, -35.6942, 0, 0, 0
L 1275.6322, 334.6675, -60.636, 1277.281, 391.7047, -46.4831, 0, 0, 0
L 1281.3906, 293.8604, -63.459, 1275.6322, 334.6675, -60.636, 0, 0, 0
L 1300.2607, 264.661, -62.7888, 1281.3906, 293.8604, -63.459, 0, 0, 0
L 1324.1346, 249.2019, -63.7284, 1300.2607, 264.661, -62.7888, 0, 0, 0
L 1349.6621, 242.874, -63.8222, 1324.1346, 249.2019, -63.7284, 0, 0, 0
L 1367.3314, 243.1163, -62.9632, 1349.6621, 242.874, -63.8222, 0, 0, 0
L 1408.1096, 243.5687, -64.1621, 1367.3314, 243.1163, -62.9632, 0, 0, 0
L 1440.6521, 243.83, -71.8057, 1408.1096, 243.5687, -64.1621, 0, 0, 0
L 1454.874, 235.7454, -76.4842, 1440.6521, 243.83, -71.8057, 0, 0, 0
L 1466.6186, 229.9187, -79.2563, 1454.874, 235.7454, -76.4842, 0, 0, 0
L 1559.5831, 236.2126, -102.7451, 1466.6186, 229.9187, -79.2563, 0, 0, 0
L 1577.2492, 229.219, -103.5328, 1559.5831, 236.2126, -102.7451, 0, 0, 0
L 1597.7234, 171.1759, -104.8777, 1577.2492, 229.219, -103.5328, 0, 0, 0
L 1621.9036, 125.6649, -101.263, 1597.7234, 171.1759, -104.8777, 0, 0, 0
L 1643.5062, 111.1684, -103.2818, 1621.9036, 125.6649, -101.263, 0, 0, 0
L 1672.34, 91.9903, -102.4676, 1643.5062, 111.1684, -103.2818, 0, 0, 0
L 1717.2971, 80.4181, -104.3962, 1672.34, 91.9903, -102.4676, 0, 0, 0
L 1773.3511, 78.3986, -103.7069, 1717.2971, 80.4181, -104.3962, 0, 0, 0
L 1791.9, 79.2922, -103.6157, 1773.3511, 78.3986, -103.7069, 0, 0, 0
L 1812.6569, 78.4663, -101.82, 1791.9, 79.2922, -103.6157, 0, 0, 0
L 1823.3977, 83.7159, -101.9307, 1812.6569, 78.4663, -101.82, 0, 0, 0
L 1846.569, 101.8483, -102.611, 1823.3977, 83.7159, -101.9307, 0, 0, 0
L 1853.7946, 105.799, -103.4947, 1846.569, 101.8483, -102.611, 0, 0, 0
L 1875.575, 116.5679, -102.255, 1853.7946, 105.799, -103.4947, 0, 0, 0
L 1891.3344, 129.3719, -100.34, 1875.575, 116.5679, -102.255, 0, 0, 0
L 1902.7688, 155.5491, -103.733, 1891.3344, 129.3719, -100.34, 0, 0, 0
L 1909.1614, 165.5716, -102.8889, 1902.7688, 155.5491, -103.733, 0, 0, 0
L 1923.889, 185.6092, -102.4372, 1909.1614, 165.5716, -102.8889, 0, 0, 0
L 1926.8096, 224.1153, -105.2129, 1923.889, 185.6092, -102.4372, 0, 0, 0
L 1929.1577, 274.761, -103.464, 1926.8096, 224.1153, -105.2129, 0, 0, 0
L 1926.1031, 292.1854, -104.8113, 1929.1577, 274.761, -103.464, 0, 0, 0
L 1925.5102, 328.656, -101.4373, 1926.1031, 292.1854, -104.8113, 0, 0, 0
L 1906.3598, 339.3947, -108.1732, 1925.5102, 328.656, -101.4373, 0, 0, 0
L 1899.128, 372.928, -110.5918, 1906.3598, 339.3947, -108.1732, 0, 0, 0
L 1880.8049, 392.1612, -113.7172, 1899.128, 372.928, -110.5918, 0, 0, 0
L 1854.3524, 404.7771, -114.4424, 1880.8049, 392.1612, -113.7172, 0, 0, 0
L 1844.9354, 412.4809, -106.7467, 1854.3524, 404.7771, -114.4424, 0, 0, 0
L 1822.2774, 428.1204, -107.4453, 1844.9354, 412.4809, -106.7467, 0, 0, 0
L 1788.5215, 433.8885, -106.2822, 1822.2774, 428.1204, -107.4453, 0, 0, 0
L 1769.9685, 436.1601, -116.59, 1788.5215, 433.8885, -106.2822, 0, 0, 0
L 1700.1114, 433.3906, -105.7532, 1769.9685, 436.1601, -116.59, 0, 0, 0
L 1676.6564, 424.3661, -105.8054, 1700.1114, 433.3906, -105.7532, 0, 0, 0
L 1658.8867, 409.6275, -103.506, 1676.6564, 424.3661, -105.8054, 0, 0, 0
L 1644.1619, 404.8813, -102.3054, 1658.8867, 409.6275, -103.506, 0, 0, 0
L 1620.4829, 384.389, -102.481, 1644.1619, 404.8813, -102.3054, 0, 0, 0
L 1606.2708, 372.1782, -99.9599, 1620.4829, 384.389, -102.481, 0, 0, 0
L 1600.7288, 346.5706, -102.8442, 1606.2708, 372.1782, -99.9599, 0, 0, 0
L 1581.385, 321.9759, -102.3161, 1600.7288, 346.5706, -102.8442, 0, 0, 0
L 1577.5689, 296.8865, -104.2552, 1581.385, 321.9759, -102.3161, 0, 0, 0
L 1576.4882, 285.8057, -103.4179, 1577.5689, 296.8865, -104.2552, 0, 0, 0
L 1554.4806, 276.3575, -105.289, 1576.4882, 285.8057, -103.4179, 0, 0, 0
L 1465.5533, 267.1816, -83.5409, 1554.4806, 276.3575, -105.289, 0, 0, 0
L 1417.6612, 263.5606, -65.608, 1465.5533, 267.1816, -83.5409, 0, 0, 0
L 1361.3288, 259.7384, -65.2806, 1417.6612, 263.5606, -65.608, 0, 0, 0
L 1332.2671, 266.8016, -65.1371, 1361.3288, 259.7384, -65.2806, 0, 0, 0
L 1309.1072, 289.9653, -62.9031, 1332.2671, 266.8016, -65.1371, 0, 0, 0
L 1297.734, 314.1625, -62.6968, 1309.1072, 289.9653, -62.9031, 0, 0, 0
L 1300.452, 351.509, -56.5632, 1297.734, 314.1625, -62.6968, 0, 0, 0
L 1300.8898, 399.2724, -42.6028, 1300.452, 351.509, -56.5632, 0, 0, 0
L 1307.474, 493.4476, -26.412, 1300.8898, 399.2724, -42.6028, 0, 0, 0
L 1318.8712, 494.9825, -21.549, 1307.474, 493.4476, -26.412, 0, 0, 0
L 1385.9219, 499.9071, -29.9859, 1318.8712, 494.9825, -21.549, 0, 0, 0
L 1394.2568, 497.5858, -27.8112, 1385.9219, 499.9071, -29.9859, 0, 0, 0
L 1392.3142, 449.478, -27.349, 1394.2568, 497.5858, -27.8112, 0, 0, 0
L 1438.4196, 451.367, -28.6212, 1392.3142, 449.478, -27.349, 0, 0, 0
L 1443.9199, 492.1075, -21.6719, 1438.4196, 451.367, -28.6212, 0, 0, 0
L 1486.2473, 499.7746, -21.8563, 1443.9199, 492.1075, -21.6719, 0, 0, 0
L 1490.3788, 547.675, -22.9586, 1486.2473, 499.7746, -21.8563, 0, 0, 0
L 1432.8722, 547.6909, -30.463, 1490.3788, 547.675, -22.9586, 0, 0, 0
L 1410.1298, 549.489, -27.4498, 1432.8722, 547.6909, -30.463, 0, 0, 0
L 1404.851, 570.2797, -23.2369, 1410.1298, 549.489, -27.4498, 0, 0, 0
L 1407.4717, 576.732, -22.7209, 1404.851, 570.2797, -23.2369, 0, 0, 0
L 1451.3756, 574.3442, -27.904, 1407.4717, 576.732, -22.7209, 0, 0, 0
L 1456.4293, 619.1435, -21.6788, 1451.3756, 574.3442, -27.904, 0, 0, 0
L 1419.5391, 623.4052, -23.9263, 1456.4293, 619.1435, -21.6788, 0, 0, 0
L 1406.5494, 621.7249, -30.7622, 1419.5391, 623.4052, -23.9263, 0, 0, 0
L 1403.16, 646.8218, -25.9211, 1406.5494, 621.7249, -30.7622, 0, 0, 0
L 1358.2674, 649.839, -23.5873, 1403.16, 646.8218, -25.9211, 0, 0, 0
L 1356.5407, 553.4076, -27.86, 1358.2674, 649.839, -23.5873, 0, 0, 0
L 1342.8992, 543.1182, -27.1293, 1356.5407, 553.4076, -27.86, 0, 0, 0
L 1249.3616, 541.9374, -30.2696, 1342.8992, 543.1182, -27.1293, 0, 0, 0
L 1246.2476, 550.8459, -30.3448, 1249.3616, 541.9374, -30.2696, 0, 0, 0
L 1247.953, 573.5289, -29.4331, 1246.2476, 550.8459, -30.3448, 0, 0, 0
L 1248.9625, 595.8343, -26.6883, 1247.953, 573.5289, -29.4331, 0, 0, 0
L 1218.7844, 600.3123, -21.874, 1248.9625, 595.8343, -26.6883, 0, 0, 0
L 1201.6858, 593.184, -20.8302, 1218.7844, 600.3123, -21.874, 0, 0, 0
L 1201.7781, 567.8295, -28.7727, 1201.6858, 593.184, -20.8302, 0, 0, 0
L 1187.2971, 543.1992, -24.5077, 1201.7781, 567.8295, -28.7727, 0, 0, 0
L 1169.2136, 530.2214, -22.8044, 1187.2971, 543.1992, -24.5077, 0, 0, 0
L 1117.6918, 531.846, -0.4032, 1169.2136, 530.2214, -22.8044, 0, 0, 0
L 1075.6612, 528.4992, 2.4863, 1117.6918, 531.846, -0.4032, 0, 0, 0
L 1069.2614, 565.5044, 4.5765, 1075.6612, 528.4992, 2.4863, 0, 0, 0
L 1064.786, 642.626, 3.6766, 1069.2614, 565.5044, 4.5765, 0, 0, 0
L 956.4062, 633.7073, 0.1832, 1064.786, 642.626, 3.6766, 0, 0, 0
L 900.2662, 606.5388, 0.1075, 956.4062, 633.7073, 0.1832, 0, 0, 0
L 853.6625, 550.1884, 1.6659, 900.2662, 606.5388, 0.1075, 0, 0, 0
L 841.7463, 524.49, 3.3793, 853.6625, 550.1884, 1.6659, 0, 0, 0
L 824.9139, 504.5351, 2.3778, 841.7463, 524.49, 3.3793, 0, 0, 0
L 801.7975, 483.5063, 3.3311, 824.9139, 504.5351, 2.3778, 0, 0, 0
L 758.9401, 480.4947, 2.3048, 801.7975, 483.5063, 3.3311, 0, 0, 0
L 719.9026, 482.781, 3.31, 758.9401, 480.4947, 2.3048, 0, 0, 0
L 710.3442, 486.4322, 2.3328, 719.9026, 482.781, 3.31, 0, 0, 0
L 706.5368, 525.216, 3.9691, 710.3442, 486.4322, 2.3328, 0, 0, 0
L 703.4607, 551.7784, 0.6282, 706.5368, 525.216, 3.9691, 0, 0, 0
L 703.634, 567.244, -1.3408, 703.4607, 551.7784, 0.6282, 0, 0, 0
L 669.8596, 568.721, -2.2467, 703.634, 567.244, -1.3408, 0, 0, 0
L 608.57, 566.7341, -1.7, 669.8596, 568.721, -2.2467, 0, 0, 0
L 607.6644, 537.3989, 1.1573, 608.57, 566.7341, -1.7, 0, 0, 0
L 576.2813, 543.1396, 3.653, 607.6644, 537.3989, 1.1573, 0, 0, 0
L 527.9986, 540.235, -13.4987, 576.2813, 543.1396, 3.653, 0, 0, 0
L 501.9193, 537.9865, -21.273, 527.9986, 540.235, -13.4987, 0, 0, 0
L 489.7119, 550.8286, -19.1546, 501.9193, 537.9865, -21.273, 0, 0, 0
L 466.2669, 552.362, -31.6738, 489.7119, 550.8286, -19.1546, 0, 0, 0
L 430.175, 554.593, -33.2888, 466.2669, 552.362, -31.6738, 0, 0, 0
L 423.4544, 571.4817, -35.5949, 430.175, 554.593, -33.2888, 0, 0, 0
L 427.9495, 593.769, -40.3648, 423.4544, 571.4817, -35.5949, 0, 0, 0
L 400.9368, 599.8315, -39.6298, 427.9495, 593.769, -40.3648, 0, 0, 0
L 382.3326, 607.9103, -40.8965, 400.9368, 599.8315, -39.6298, 0, 0, 0
L 383.8018, 616.1953, -41.5615, 382.3326, 607.9103, -40.8965, 0, 0, 0
L 383.9506, 629.2596, -47.8992, 383.8018, 616.1953, -41.5615, 0, 0, 0
L 383.1589, 678.1952, -63.9187, 383.9506, 629.2596, -47.8992, 0, 0, 0
L 390.7608, 693.9157, -50.3695, 383.1589, 678.1952, -63.9187, 0, 0, 0
L 356.554, 718.2249, -63.8768, 397.7228, 689.393, -50.3695, 0, 0, 0
L 359.2959, 732.1956, -61.5523, 356.554, 718.2249, -63.8768, 0, 0, 0
L 356.7187, 751.7122, -66.6427, 359.2959, 732.1956, -61.5523, 0, 0, 0
L 384.6691, 762.4365, -66.3025, 356.7187, 751.7122, -66.6427, 0, 0, 0
L 397.4655, 796.2355, -56.5694, 384.6691, 762.4365, -66.3025, 0, 0, 0
L 445.3428, 803.8146, -52.8804, 397.4655, 796.2355, -56.5694, 0, 0, 0
L 477.3734, 795.8301, -51.6499, 445.3428, 803.8146, -52.8804, 0, 0, 0
L 483.4911, 785.5221, -55.5581, 477.3734, 795.8301, -51.6499, 0, 0, 0
L 489.6433, 763.1556, -59.5396, 483.4911, 785.5221, -55.5581, 0, 0, 0
L 480.228, 740.3043, -63.8055, 489.6433, 763.1556, -59.5396, 0, 0, 0
L 488.6929, 734.2358, -60.8023, 480.228, 740.3043, -63.8055, 0, 0, 0
L 494.156, 741.2996, -60.9936, 487.8514, 734.8247, -60.8023, 0, 0, 0
L 548.7444, 792.1671, -47.2267, 494.156, 741.2996, -60.9936, 0, 0, 0
L 578.1698, 818.2503, -38.6447, 548.7444, 792.1671, -47.2267, 0, 0, 0
L 606.1837, 849.9307, -31.156, 578.1698, 818.2503, -38.6447, 0, 0, 0
L 629.2213, 869.3153, -31.3101, 606.1837, 849.9307, -31.156, 0, 0, 0
L 657.1783, 900.1959, -21.3998, 629.2213, 869.3153, -31.3101, 0, 0, 0
L 671.6749, 916.4873, -23.9557, 657.1783, 900.1959, -21.3998, 0, 0, 0
L 644.6885, 946.7721, -26.4891, 671.6749, 916.4873, -23.9557, 0, 0, 0
L 601.2889, 975.2794, -28.5116, 644.6885, 946.7721, -26.4891, 0, 0, 0
L 594.8644, 949.6195, -32.4234, 589.7877, 983.9352, -38.7, 0, 0, 0
L 592.7567, 930.4723, -32.4076, 594.8644, 949.6195, -32.4234, 0, 0, 0
L 588.8814, 914.9778, -32.4196, 592.7567, 930.4723, -32.4076, 0, 0, 0
L 562.7377, 906.9796, -30.8, 588.8814, 914.9778, -32.4196, 0, 0, 0
L 538.725, 918.6914, -32.4821, 562.7377, 906.9796, -30.8, 0, 0, 0
L 525.4679, 917.2889, -32.7854, 538.725, 918.6914, -32.4821, 0, 0, 0
L 510.1116, 929.7767, -30.6175, 525.4679, 917.2889, -32.7854, 0, 0, 0
L 494.4046, 945.1642, -32.4782, 510.1116, 929.7767, -30.6175, 0, 0, 0
L 469.4092, 954.6662, -32.8481, 494.4046, 945.1642, -32.4782, 0, 0, 0
L 446.2237, 975.456, -31.9864, 469.4092, 954.6662, -32.8481, 0, 0, 0
L 436.3571, 999.4271, -18.5, 446.2237, 975.456, -31.9864, 0, 0, 0
L 389.6453, 977.6594, -34.6546, 450.4171, 1005.9791, -18.5, 0, 0, 0
L 396.1698, 972.3306, -38.191, 389.6453, 977.6594, -34.6546, 0, 0, 0
L 425.141, 947.9519, -37.9525, 396.1698, 972.3306, -38.191, 0, 0, 0
L 428.4227, 926.9773, -40.593, 425.141, 947.9519, -37.9525, 0, 0, 0
L 422.763, 906.5655, -39.4136, 428.4227, 926.9773, -40.593, 0, 0, 0
L 410.1012, 892.4547, -41.9772, 422.763, 906.5655, -39.4136, 0, 0, 0
L 392.8476, 883.6802, -43.703, 410.1012, 892.4547, -41.9772, 0, 0, 0
L 387.459, 871.1037, -45.8888, 392.8476, 883.6802, -43.703, 0, 0, 0
L 368.837, 847.7024, -51.7456, 387.459, 871.1037, -45.8888, 0, 0, 0
L 350.7146, 833.7421, -52.1424, 368.837, 847.7024, -51.7456, 0, 0, 0
L 328.1358, 832.8111, -52.91, 350.7146, 833.7421, -52.1424, 0, 0, 0
L 318.4979, 839.9464, -52.917, 328.1358, 832.8111, -52.91, 0, 0, 0
L 311.18, 846.26, -51.367, 318.4979, 839.9464, -52.917, 0, 0, 0
L 288.206, 879.6769, -38.9412, 311.18, 846.26, -51.367, 0, 0, 0
L 274.5962, 866.335, -49.871, 342.6037, 934.2083, -38.9412, 0, 0, 0
L 259.5787, 844.8364, -48.844, 274.5962, 866.335, -49.871, 0, 0, 0
L 235.34, 824.7002, -46.9562, 259.5787, 844.8364, -48.844, 0, 0, 0
L 218.9227, 806.7204, -49.8905, 235.34, 824.7002, -46.9562, 0, 0, 0
L 250.1567, 805.5059, -56.6488, 223.1457, 811.433, -49.8905, 0, 0, 0
L 274.9485, 808.2591, -52.9001, 250.1567, 805.5059, -56.6488, 0, 0, 0
L 286.6412, 810.469, -55.6769, 274.9485, 808.2591, -52.9001, 0, 0, 0
L 309.3193, 806.1, -54.8288, 286.6412, 810.469, -55.6769, 0, 0, 0
L 326.2848, 799.4669, -59.405, 309.3193, 806.1, -54.8288, 0, 0, 0
L 326.8195, 789.1091, -62.4446, 326.2848, 799.4669, -59.405, 0, 0, 0
L 331.7042, 766.2159, -66.2378, 326.8195, 789.1091, -62.4446, 0, 0, 0
L 329.3256, 739.8223, -66.1132, 331.7042, 766.2159, -66.2378, 0, 0, 0
L 326.2739, 719.2477, -67.382, 329.3256, 739.8223, -66.1132, 0, 0, 0
L 307.1336, 703.7954, -59.9572, 326.2739, 719.2477, -67.382, 0, 0, 0
L 322.5043, 696.163, -62.1447, 312.5491, 702.7685, -59.9572, 0, 0, 0
L 327.1159, 692.9297, -62.6876, 322.5043, 696.163, -62.1447, 0, 0, 0
L 343.6779, 689.4035, -65.9548, 327.1159, 692.9297, -62.6876, 0, 0, 0
L 363.2826, 680.919, -63.9624, 343.6779, 689.4035, -65.9548, 0, 0, 0
L 360.9936, 669.4874, -62.433, 363.2826, 680.919, -63.9624, 0, 0, 0
L 361.4891, 633.9865, -50.88, 360.9936, 669.4874, -62.433, 0, 0, 0
L 358.3476, 619.3161, -42.4356, 361.4891, 633.9865, -50.88, 0, 0, 0
L 362.6863, 602.5023, -39.8537, 358.3476, 619.3161, -42.4356, 0, 0, 0
L 322.2581, 594.6307, -37.7158, 362.6863, 602.5023, -39.8537, 0, 0, 0
L 328.6967, 553.2336, -40.3436, 322.2581, 594.6307, -37.7158, 0, 0, 0
L 326.4182, 537.8242, -40.2222, 328.6967, 553.2336, -40.3436, 0, 0, 0
L 321.3424, 491.925, -35.994, 326.4182, 537.8242, -40.2222, 0, 0, 0
L 323.5185, 473.3301, -34.5, 321.3424, 491.925, -35.994, 0, 0, 0
L 325.405, 458.7191, -41.1985, 323.5185, 473.3301, -34.5, 0, 0, 0
L 356.9316, 451.3172, -38.2203, 325.405, 458.7191, -41.1985, 0, 0, 0
L 358.75, 441.7352, -36.7751, 356.9316, 451.3172, -38.2203, 0, 0, 0
L 355.8718, 426.8534, -37.917, 358.75, 441.7352, -36.7751, 0, 0, 0
L 350.274, 418.3238, -36.7209, 355.8718, 426.8534, -37.917, 0, 0, 0
L 341.1175, 406.6231, -35.5048, 350.274, 418.3238, -36.7209, 0, 0, 0
L 330.8539, 398.2058, -36.8162, 341.1175, 406.6231, -35.5048, 0, 0, 0
L 315.692, 390.7339, -35.3723, 330.8539, 398.2058, -36.8162, 0, 0, 0
L 289.3192, 387.3107, -28.3401, 315.692, 390.7339, -35.3723, 0, 0, 0
L 265.9637, 388.6379, -18.91, 289.3192, 387.3107, -28.3401, 0, 0, 0
L 250.98, 391.6182, -12.5831, 265.9637, 388.6379, -18.91, 0, 0, 0
L 198.8915, 387.6582, 1.8337, 250.98, 391.6182, -12.5831, 0, 0, 0
L 185.2747, 389.16, 3.8289, 198.8915, 387.6582, 1.8337, 0, 0, 0
L 151.2196, 380.9922, 10.8221, 185.2747, 389.16, 3.8289, 0, 0, 0
L 150.4158, 380.9275, 10.7203, 151.2196, 380.9922, 10.8221, 0, 0, 0
L 132.8205, 364.822, 3.9287, 150.4158, 380.9275, 10.7203, 0, 0, 0
L 110.1538, 332.5097, 10.8079, 132.8205, 364.822, 3.9287, 0, 0, 0
L 108.7441, 310.2592, 5.246, 110.1538, 332.5097, 10.8079, 0, 0, 0
L 106.2434, 292.4784, 4.4427, 108.7441, 310.2592, 5.246, 0, 0, 0
L 116.4548, 283.185, 2.123, 106.2434, 292.4784, 4.4427, 0, 0, 0
L 106.302, 277.2973, 3.5855, 116.4548, 283.185, 2.123, 0, 0, 0
L 97.6664, 267.1107, 3.6105, 106.302, 277.2973, 3.5855, 0, 0, 0
L 97.5383, 229.2581, 14.6778, 97.6664, 267.1107, 3.6105, 0, 0, 0
L 99.5691, 203.9699, 16.4213, 97.5383, 229.2581, 14.6778, 0, 0, 0
L 91.91, 201.2129, 16.4426, 99.5691, 203.9699, 16.4213, 0, 0, 0
L 66.4375, 203.7607, 18.7554, 91.91, 201.2129, 16.4426, 0, 0, 0
L 40.4951, 185.6726, 16.1702, 66.4375, 203.7607, 18.7554, 0, 0, 0
L 10.6562, 174.4739, 18.5792, 40.4951, 185.6726, 16.1702, 0, 0, 0
L -7.7041, 156.4988, 17.3949, 10.6562, 174.4739, 18.5792, 0, 0, 0
L -23.8475, 143.9351, 18.6956, -7.7041, 156.4988, 17.3949, 0, 0, 0
L -38.1094, 114.7419, 19.7674, -23.8475, 143.9351, 18.6956, 0, 0, 0
L -50.559, 102.7955, 20.7837, -38.1094, 114.7419, 19.7674, 0, 0, 0
L -58.4144, 41.713, 14.1927, -50.559, 102.7955, 20.7837, 0, 0, 0
L 397.7228, 689.393, -46.9226, 415.7633, 687.675, -39.7625, 0, 0, 0
L 415.7633, 687.675, -39.7625, 442.9225, 706.3386, -40.3286, 0, 0, 0
L 442.9225, 706.3386, -40.3286, 472.2341, 710.5263, -42.8354, 0, 0, 0
L 472.2341, 710.5263, -42.8352, 488.6929, 734.2358, -62.5726, 0, 0, 0
L 312.5491, 702.7685, -48.6467, 272.5649, 710.3502, -46.9187, 0, 0, 0
L 272.5649, 710.3502, -46.9185, 266.6172, 719.1209, -42.54, 0, 0, 0
L 266.6172, 719.1209, -39.5546, 202.9917, 779.2279, -41.929, 0, 0, 0
L 202.9917, 779.2279, -41.929, 218.9227, 806.7204, -38.2441, 0, 0, 0
L 342.6037, 934.2083, -16.5315, 391.4707, 976.2848, -20.52, 0, 0, 0
L 450.4171, 1005.9791, -11.5241, 458.8512, 1029.488, -9.444, 0, 0, 0
L 458.8512, 1029.488, -9.444, 459.1653, 1049.1813, -7.199, 0, 0, 0
L 459.1653, 1049.1813, -7.199, 436.9035, 1055.6388, -4.6448, 0, 0, 0
L 436.9035, 1055.6388, -4.6448, 419.7278, 1134.3662, -4.1782, 0, 0, 0
L 419.8648, 1133.738, -4.1782, 437.8611, 1132.4485, -8.9802, 0, 0, 0
L 437.8611, 1132.4485, -8.9802, 468.9549, 1141.6086, -10.195, 0, 0, 0
L 468.9549, 1141.6086, -10.2157, 478.29, 1116.6537, -13.6327, 0, 0, 0
L 478.29, 1116.6537, -13.6327, 505.5951, 1110.7807, -14.2664, 0, 0, 0
L 505.5951, 1110.7807, -14.2664, 516.3162, 1168.6808, -9.2894, 0, 0, 0
L 516.3162, 1168.6808, -9.2894, 539.4471, 1172.4453, -12.5503, 0, 0, 0
L 539.4471, 1172.4453, -12.5503, 546.7054, 1178.871, -10.9258, 0, 0, 0
L 546.803, 1176.4142, -10.9258, 549.9411, 1097.4957, -9.8894, 0, 0, 0
L 549.9411, 1097.4957, -9.8894, 548.7617, 1049.47, -7.8037, 0, 0, 0
L 548.7617, 1049.47, -7.8037, 512.2145, 1044.7201, -4.9134, 0, 0, 0
L 512.2145, 1044.7201, -4.9134, 511.2069, 1037.3158, -0.3042, 0, 0, 0
L 511.2069, 1037.3158, -0.3042, 522.2952, 1013.8569, -7.2465, 0, 0, 0
L 522.2952, 1013.8569, -7.2465, 559.7826, 1003.8709, -13.7193, 0, 0, 0
L 559.7826, 1003.8709, -13.7193, 572.4176, 997.8, -26.4669, 0, 0, 0
L 572.4176, 997.8, -26.4669, 601.2889, 975.2794, -31.1935, 0, 0, 0
L 546.803, 1176.4142, 11.2665, 537.6964, 1234.7018, 11.718, 0, 0, 0
L 537.6964, 1234.7018, 11.718, 523.2782, 1240.5728, 15.536, 0, 0, 0
L 523.2782, 1240.5728, 15.536, 494.5131, 1235.7246, 15.8658, 0, 0, 0
L 494.5131, 1235.7246, 15.8658, 442.2001, 1231.584, 13.9174, 0, 0, 0
L 442.2001, 1231.584, 13.9174, 433.1906, 1207.3081, 15.7582, 0, 0, 0
L 433.1906, 1207.3081, 15.7582, 423.6804, 1172.1123, 13.7466, 0, 0, 0
L 423.6804, 1172.1123, 13.7466, 419.7278, 1134.3662, 6.6844, 0, 0, 0
L 1680.7559, 269.993, -105.5083, 1681.8385, 291.1958, -105.5086, 0, 0, 0
L 1681.8385, 291.1958, -105.5086, 1713.313, 322.5201, -105.5095, 0, 0, 0
L 1713.313, 322.5201, -105.5095, 1808.3787, 328.3582, -105.5086, 0, 0, 0
L 1808.3787, 328.3582, -105.5086, 1822.8353, 312.2004, -105.6509, 0, 0, 0
L 1822.8353, 312.2004, -105.6509, 1822.5879, 238.1931, -105.664, 0, 0, 0
L 1822.5879, 238.1931, -105.664, 1767.386, 182.2458, -105.5075, 0, 0, 0
L 1767.386, 182.2458, -105.5075, 1717.9825, 182.2558, -105.5075, 0, 0, 0
L 1717.9825, 182.2558, -105.5075, 1681.856, 216.9493, -105.5086, 0, 0, 0
L 1681.856, 216.9493, -105.5086, 1681.963, 244.1853, -105.5203, 0, 0, 0
L 1715.3498, 241.9151, -101.7913, 1728.8606, 240.5943, -102.1337, 0, 0, 0
L 1728.8606, 240.5943, -101.7807, 1729.2681, 212.7753, -101.7678, 0, 0, 0
L 1729.2681, 212.7753, -101.7678, 1758.9781, 213.1817, -101.8061, 0, 0, 0
L 1758.9781, 213.1817, -101.8061, 1758.978, 238.358, -101.7967, 0, 0, 0
L 1759.238, 238.303, -101.7967, 1747.8125, 239.3533, -101.5574, 0, 0, 0
L 1759.238, 238.303, -102.1328, 1758.2533, 253.6884, -101.551, 0, 0, 0
L 1758.8414, 241.7398, -101.831, 1795.2639, 241.7664, -101.7887, 0, 0, 0
L 1795.2639, 241.7664, -101.7887, 1795.797, 285.661, -101.8432, 0, 0, 0
L 1795.797, 285.661, -101.8432, 1761.9799, 285.5258, -101.7501, 0, 0, 0
L 1761.9765, 285.6999, -101.7501, 1762.251, 270.7056, -101.825, 0, 0, 0
L 1761.9765, 285.6999, -102.1337, 1729.847, 285.9789, -101.7494, 0, 0, 0
L 1729.847, 285.9789, -101.7494, 1727.2956, 269.8075, -101.6482, 0, 0, 0
L 1727.2956, 269.8075, -101.6482, 1715.3496, 270.3761, -101.7771, 0, 0, 0
L 1715.3496, 270.3761, -101.7771, 1716.38, 263.5335, -101.5399, 0, 0, 0
L 1729.93, 238.3665, -101.8241, 1739.3414, 238.4285, -102.1337, 0, 0, 0
P 342.5932, -703.335, -22.2595, 127, 64, 0, 3, Gloomingdeep_Jail
P 423.5384, 838.2468, -48.4979, 127, 64, 0, 3, Gloomfang_Lair
P 943.1806, 458.2474, -181.7634, 127, 64, 0, 3, Dig_Site_One
P 1801.7162, 253.9824, -106.3666, 127, 64, 0, 3, Fort_Gloomingdeep
P 909.9112, 0.297, -30.4055, 127, 64, 0, 3, Dig_Site_Two
P 129.597, 14.7314, 15.3201, 127, 64, 0, 3, Slave_Revolt_Camp
P 175.4439, -137.9833, 14.2116, 0, 127, 0, 3, Escape_Tunnel_(Exit)
