P 984.3124, 1194.8810, -351.3989,  240, 0, 0,  3,  Forlien
P -1513.9469, 1023.9235, -109.9875,  240, 0, 0,  3,  NeuroKraken*
P -1267.8018, 861.6808, -4.5355,  240, 0, 0,  3,  Octoxecutor
P 731.4574, -1547.9771, 23.8484,  240, 0, 0,  3,  Torrentclaw*
P 611.6521, 1719.0492, -272.0596,  240, 0, 0,  3,  Corax
P -1692.0879, -1515.4329, 246.3326,  240, 0, 0,  3,  Azureflutter*
P 1310.4386, -342.7720, 193.9197,  240, 0, 0,  3,  Iridesca*
P 1230.1790, -1787.9840, 23.4765,  240, 0, 0,  3,  Stormstomper*
P 1841.4661, -390.2883, -58.1979,  240, 0, 0,  3,  Chromaire*
P -2378.2124, -1363.2793, 365.6173,  240, 0, 0,  3,  Azureflutter
P -703.1902, 1846.8906, -292.9543,  240, 0, 0,  3,  OctoXecutor
P 662.0464, 1481.1885, -295.4016,  240, 0, 0,  3,  Forlien*
P 812.1356, -952.5959, 89.2533,  240, 0, 0,  3,  Iridesca
