L 92.8, 54.5, -125.0, 92.8, 45.7, -125.0, 178, 102, 255
L 92.8, 45.7, -125.0, 93.4, 45.7, -125.0, 178, 102, 255
L 111.4, 45.7, -125.0, 112.0, 45.7, -125.0, 178, 102, 255
L 111.4, 45.7, -125.0, 112.6, 45.7, -125.0, 178, 102, 255
L 93.4, 45.7, -125.0, 94.0, 45.7, -125.0, 178, 102, 255
L 94.0, 45.7, -125.0, 94.0, 43.6, -125.0, 178, 102, 255
L 111.4, 45.7, -125.0, 111.4, 43.6, -125.0, 178, 102, 255
L 94.0, 41.5, -125.0, 92.8, 41.5, -125.0, 178, 102, 255
L 112.6, 41.5, -125.0, 111.4, 41.5, -125.0, 178, 102, 255
L 92.8, 54.5, -125.0, 112.6, 54.5, -125.0, 155, 155, 155
L 112.6, 54.5, -125.0, 112.6, 45.7, -125.0, 178, 102, 255
L 112.6, 75.1, -139.1, 112.6, 70.0, -135.6, 178, 102, 255
L 92.8, 75.1, -139.1, 92.8, 70.0, -135.6, 178, 102, 255
L 112.6, 75.1, -139.1, 92.8, 75.1, -139.1, 155, 155, 155
L 112.6, 64.8, -132.1, 112.6, 59.7, -128.5, 178, 102, 255
L 92.8, 64.8, -132.1, 92.8, 59.7, -128.5, 178, 102, 255
L 112.6, 64.8, -132.1, 92.8, 64.8, -132.1, 155, 155, 155
L 112.6, 59.7, -128.5, 112.6, 54.5, -125.0, 178, 102, 255
L 92.8, 59.7, -128.5, 92.8, 54.5, -125.0, 178, 102, 255
L 112.6, 59.7, -128.5, 92.8, 59.7, -128.5, 155, 155, 155
L 112.6, 70.0, -135.6, 112.6, 64.8, -132.1, 178, 102, 255
L 92.8, 70.0, -135.6, 92.8, 64.8, -132.1, 178, 102, 255
L 112.6, 70.0, -135.6, 92.8, 70.0, -135.6, 155, 155, 155
L 112.6, 85.4, -146.2, 112.6, 80.3, -142.6, 178, 102, 255
L 92.8, 85.4, -146.2, 92.8, 80.3, -142.6, 178, 102, 255
L 112.6, 85.4, -146.2, 92.8, 85.4, -146.2, 155, 155, 155
L 112.6, 80.3, -142.6, 112.6, 75.1, -139.1, 178, 102, 255
L 92.8, 80.3, -142.6, 92.8, 75.1, -139.1, 178, 102, 255
L 112.6, 80.3, -142.6, 92.8, 80.3, -142.6, 155, 155, 155
L 112.6, 90.6, -149.7, 112.6, 85.4, -146.2, 178, 102, 255
L 92.8, 90.6, -149.7, 92.8, 85.4, -146.2, 178, 102, 255
L 112.6, 90.6, -149.7, 92.8, 90.6, -149.7, 155, 155, 155
L 92.8, 95.7, -153.2, 92.8, 90.6, -149.7, 178, 102, 255
L 112.6, 95.7, -153.2, 112.6, 90.6, -149.7, 178, 102, 255
L 79.6, 95.7, -153.2, 92.8, 95.7, -153.2, 178, 102, 255
L 59.8, 115.6, -153.2, 112.6, 115.6, -153.2, 178, 102, 255
L 112.6, 115.6, -153.2, 112.6, 95.7, -153.2, 178, 102, 255
L 79.6, 95.7, -153.2, 59.8, 95.7, -153.2, 155, 155, 155
L 92.8, 95.7, -153.2, 112.6, 95.7, -153.2, 155, 155, 155
L 59.8, 95.7, -153.2, 59.8, 115.6, -153.2, 178, 102, 255
L 59.8, 45.7, -163.9, 59.8, 65.5, -163.9, 102, 0, 204
L 59.8, 65.5, -163.9, 59.8, 65.8, -163.9, 102, 0, 204
L 79.6, 65.5, -163.9, 59.8, 65.5, -163.9, 155, 155, 155
L 79.6, 95.7, -153.2, 79.6, 88.2, -155.9, 178, 102, 255
L 59.8, 95.7, -153.2, 59.8, 88.2, -155.9, 178, 102, 255
L 79.6, 80.6, -158.6, 79.6, 73.1, -161.2, 178, 102, 255
L 59.8, 80.6, -158.6, 59.8, 73.1, -161.2, 178, 102, 255
L 79.6, 80.6, -158.6, 59.8, 80.6, -158.6, 155, 155, 155
L 79.6, 73.1, -161.2, 79.6, 65.5, -163.9, 178, 102, 255
L 59.8, 73.1, -161.2, 59.8, 65.5, -163.9, 178, 102, 255
L 79.6, 73.1, -161.2, 59.8, 73.1, -161.2, 155, 155, 155
L 79.6, 88.2, -155.9, 79.6, 80.6, -158.6, 178, 102, 255
L 59.8, 88.2, -155.9, 59.8, 80.6, -158.6, 178, 102, 255
L 79.6, 88.2, -155.9, 59.8, 88.2, -155.9, 155, 155, 155
L 79.6, 65.5, -163.9, 79.6, 45.7, -163.9, 155, 155, 155
L 79.6, 45.7, -163.9, 59.8, 45.7, -163.9, 102, 0, 204
L 79.6, 65.5, -163.9, 89.8, 65.5, -171.5, 102, 0, 204
L 79.6, 45.7, -163.9, 89.8, 45.7, -171.5, 102, 0, 204
L 100.0, 65.5, -179.1, 110.1, 65.5, -186.7, 102, 0, 204
L 100.0, 45.7, -179.1, 110.1, 45.7, -186.7, 102, 0, 204
L 100.0, 65.5, -179.1, 100.0, 45.7, -179.1, 155, 155, 155
L 89.8, 65.5, -171.5, 100.0, 65.5, -179.1, 102, 0, 204
L 89.8, 45.7, -171.5, 100.0, 45.7, -179.1, 102, 0, 204
L 89.8, 65.5, -171.5, 89.8, 45.7, -171.5, 155, 155, 155
L 110.1, 65.5, -186.7, 120.3, 65.5, -194.3, 102, 0, 204
L 110.1, 45.7, -186.7, 120.3, 45.7, -194.3, 102, 0, 204
L 110.1, 65.5, -186.7, 110.1, 45.7, -186.7, 155, 155, 155
L 311.7, 260.9, -234.3, 311.7, 241.1, -234.3, 155, 155, 155
L 263.1, 260.9, -214.3, 263.1, 241.1, -214.3, 155, 155, 155
L 311.7, 241.1, -234.3, 305.6, 241.1, -231.8, 102, 0, 204
L 311.7, 260.9, -234.3, 305.6, 260.9, -231.8, 102, 0, 204
L 287.4, 241.1, -224.3, 281.3, 241.1, -221.8, 102, 0, 204
L 287.4, 260.9, -224.3, 281.3, 260.9, -221.8, 102, 0, 204
L 287.4, 241.1, -224.3, 287.4, 260.9, -224.3, 155, 155, 155
L 275.2, 260.9, -219.3, 269.2, 260.9, -216.8, 102, 0, 204
L 275.2, 241.1, -219.3, 269.2, 241.1, -216.8, 102, 0, 204
L 275.2, 260.9, -219.3, 275.2, 241.1, -219.3, 155, 155, 155
L 269.2, 260.9, -216.8, 263.1, 260.9, -214.3, 102, 0, 204
L 269.2, 241.1, -216.8, 263.1, 241.1, -214.3, 102, 0, 204
L 269.2, 260.9, -216.8, 269.2, 241.1, -216.8, 155, 155, 155
L 281.3, 260.9, -221.8, 275.2, 260.9, -219.3, 102, 0, 204
L 281.3, 241.1, -221.8, 275.2, 241.1, -219.3, 102, 0, 204
L 281.3, 260.9, -221.8, 281.3, 241.1, -221.8, 155, 155, 155
L 299.5, 260.9, -229.3, 293.4, 260.9, -226.8, 102, 0, 204
L 299.5, 241.1, -229.3, 293.4, 241.1, -226.8, 102, 0, 204
L 299.5, 260.9, -229.3, 299.5, 241.1, -229.3, 155, 155, 155
L 293.4, 260.9, -226.8, 287.4, 260.9, -224.3, 102, 0, 204
L 293.4, 241.1, -226.8, 287.4, 241.1, -224.3, 102, 0, 204
L 293.4, 260.9, -226.8, 293.4, 241.1, -226.8, 155, 155, 155
L 305.6, 260.9, -231.8, 299.5, 260.9, -229.3, 102, 0, 204
L 305.6, 241.1, -231.8, 299.5, 241.1, -229.3, 102, 0, 204
L 305.6, 260.9, -231.8, 305.6, 241.1, -231.8, 155, 155, 155
L 241.1, 281.7, -214.3, 263.1, 281.7, -214.3, 102, 0, 204
L 263.1, 281.7, -214.3, 263.1, 260.9, -214.3, 102, 0, 204
L 243.3, 261.9, -214.3, 243.3, 241.1, -214.3, 102, 0, 204
L 223.6, 285.9, -214.3, 221.4, 285.9, -214.3, 102, 0, 204
L 221.4, 285.9, -214.3, 221.4, 288.7, -214.3, 102, 0, 204
L 241.1, 285.9, -214.3, 243.4, 285.9, -214.3, 102, 0, 204
L 221.4, 288.7, -214.3, 217.1, 288.7, -214.3, 102, 0, 204
L 243.4, 285.9, -214.3, 243.4, 288.7, -214.3, 102, 0, 204
L 243.4, 288.7, -214.3, 247.6, 288.7, -214.3, 102, 0, 204
L 247.6, 288.7, -214.3, 247.6, 287.1, -214.3, 102, 0, 204
L 247.6, 287.1, -214.3, 251.1, 287.1, -214.3, 102, 0, 204
L 268.5, 234.0, -214.3, 264.2, 234.0, -214.3, 102, 0, 204
L 264.2, 234.0, -214.3, 264.2, 236.9, -214.3, 102, 0, 204
L 264.2, 236.9, -214.3, 261.9, 236.9, -214.3, 102, 0, 204
L 268.4, 235.7, -214.3, 268.5, 234.0, -214.3, 102, 0, 204
L 223.6, 285.9, -214.3, 223.7, 281.7, -214.3, 102, 0, 204
L 244.5, 236.9, -214.3, 242.2, 236.9, -214.3, 102, 0, 204
L 241.1, 285.9, -214.3, 241.1, 283.8, -214.3, 102, 0, 204
L 244.5, 241.1, -214.3, 244.5, 239.0, -214.3, 102, 0, 204
L 237.9, 235.7, -214.3, 234.4, 235.7, -214.3, 102, 0, 204
L 217.1, 287.1, -214.3, 217.1, 288.7, -214.3, 102, 0, 204
L 202.5, 281.7, -214.3, 223.7, 281.7, -214.3, 102, 0, 204
L 202.5, 281.7, -214.3, 202.5, 261.9, -214.3, 155, 155, 155
L 202.5, 261.9, -214.3, 243.3, 261.9, -214.3, 102, 0, 204
L 120.3, 45.7, -194.3, 120.3, 65.5, -194.3, 155, 155, 155
L 153.7, 86.3, -194.3, 153.2, 166.4, -194.3, 102, 0, 204
L 135.0, 240.7, -194.3, 133.8, 240.7, -194.3, 102, 0, 204
L 132.8, 166.4, -194.3, 133.8, 166.4, -194.3, 102, 0, 204
L 133.8, 240.7, -194.3, 133.8, 281.7, -194.3, 102, 0, 204
L 133.8, 281.7, -194.3, 153.8, 281.7, -194.3, 102, 0, 204
L 153.2, 166.4, -194.3, 154.7, 166.4, -194.3, 102, 0, 204
L 154.7, 166.4, -194.3, 154.7, 169.2, -194.3, 102, 0, 204
L 133.8, 65.5, -194.3, 120.3, 65.5, -194.3, 102, 0, 204
L 153.7, 45.7, -194.3, 120.3, 45.7, -194.3, 102, 0, 204
L 133.7, 104.7, -194.3, 133.8, 65.5, -194.3, 102, 0, 204
L 116.4, 129.9, -194.3, 116.4, 133.1, -194.3, 102, 0, 204
L 133.8, 166.4, -194.3, 133.8, 164.3, -194.3, 102, 0, 204
L 161.7, 236.3, -194.3, 159.0, 236.3, -194.3, 102, 0, 204
L 135.0, 236.5, -194.3, 132.8, 236.5, -194.3, 102, 0, 204
L 132.8, 236.5, -194.3, 132.8, 233.7, -194.3, 102, 0, 204
L 153.7, 45.7, -194.3, 153.7, 66.5, -194.3, 102, 0, 204
L 154.7, 236.5, -194.3, 152.5, 236.5, -194.3, 102, 0, 204
L 132.8, 233.7, -194.3, 128.5, 233.7, -194.3, 102, 0, 204
L 159.0, 233.7, -194.3, 154.8, 233.7, -194.3, 102, 0, 204
L 154.8, 233.7, -194.3, 154.7, 236.5, -194.3, 102, 0, 204
L 159.0, 236.3, -194.3, 159.0, 233.7, -194.3, 102, 0, 204
L 161.7, 165.4, -194.3, 172.7, 165.4, -194.3, 102, 0, 204
L 154.7, 169.2, -194.3, 159.0, 169.2, -194.3, 102, 0, 204
L 159.0, 169.2, -194.3, 159.0, 166.6, -194.3, 102, 0, 204
L 159.0, 166.6, -194.3, 161.7, 166.6, -194.3, 102, 0, 204
L 161.7, 166.6, -194.3, 161.7, 165.4, -194.3, 102, 0, 204
L 125.9, 165.4, -194.3, 125.8, 166.6, -194.3, 102, 0, 204
L 125.8, 166.6, -194.3, 128.5, 166.6, -194.3, 102, 0, 204
L 128.5, 236.3, -194.3, 125.8, 236.3, -194.3, 102, 0, 204
L 128.5, 233.7, -194.3, 128.5, 236.3, -194.3, 102, 0, 204
L 128.5, 169.2, -194.3, 128.5, 166.6, -194.3, 102, 0, 204
L 132.8, 169.2, -194.3, 132.8, 166.4, -194.3, 102, 0, 204
L 125.8, 236.3, -194.3, 125.9, 237.5, -194.3, 102, 0, 204
L 128.5, 169.2, -194.3, 132.8, 169.2, -194.3, 102, 0, 204
L 161.7, 237.5, -194.3, 161.7, 236.3, -194.3, 102, 0, 204
L 152.5, 236.5, -194.3, 152.5, 238.6, -194.3, 102, 0, 204
L 135.0, 236.5, -194.3, 135.0, 238.6, -194.3, 102, 0, 204
L 153.7, 240.7, -194.3, 152.5, 240.7, -194.3, 102, 0, 204
L 153.7, 240.7, -194.3, 153.8, 261.9, -194.3, 102, 0, 204
L 153.8, 261.9, -194.3, 153.8, 281.7, -194.3, 155, 155, 155
L 202.5, 281.7, -214.3, 196.4, 281.7, -211.8, 102, 0, 204
L 153.8, 261.9, -194.3, 159.9, 261.9, -196.8, 102, 0, 204
L 178.1, 261.9, -204.3, 184.2, 261.9, -206.8, 102, 0, 204
L 178.1, 281.7, -204.3, 172.0, 281.7, -201.8, 102, 0, 204
L 178.1, 261.9, -204.3, 178.1, 281.7, -204.3, 155, 155, 155
L 190.3, 261.9, -209.3, 196.4, 261.9, -211.8, 102, 0, 204
L 190.3, 281.7, -209.3, 184.2, 281.7, -206.8, 102, 0, 204
L 190.3, 261.9, -209.3, 190.3, 281.7, -209.3, 155, 155, 155
L 196.4, 261.9, -211.8, 202.5, 261.9, -214.3, 102, 0, 204
L 196.4, 281.7, -211.8, 190.3, 281.7, -209.3, 102, 0, 204
L 196.4, 261.9, -211.8, 196.4, 281.7, -211.8, 155, 155, 155
L 184.2, 261.9, -206.8, 190.3, 261.9, -209.3, 102, 0, 204
L 184.2, 281.7, -206.8, 178.1, 281.7, -204.3, 102, 0, 204
L 184.2, 261.9, -206.8, 184.2, 281.7, -206.8, 155, 155, 155
L 166.0, 261.9, -199.3, 172.0, 261.9, -201.8, 102, 0, 204
L 166.0, 281.7, -199.3, 159.9, 281.7, -196.8, 102, 0, 204
L 166.0, 261.9, -199.3, 166.0, 281.7, -199.3, 155, 155, 155
L 172.0, 261.9, -201.8, 178.1, 261.9, -204.3, 102, 0, 204
L 172.0, 281.7, -201.8, 166.0, 281.7, -199.3, 102, 0, 204
L 172.0, 261.9, -201.8, 172.0, 281.7, -201.8, 155, 155, 155
L 159.9, 261.9, -196.8, 166.0, 261.9, -199.3, 102, 0, 204
L 159.9, 281.7, -196.8, 153.8, 281.7, -194.3, 102, 0, 204
L 159.9, 261.9, -196.8, 159.9, 281.7, -196.8, 155, 155, 155
L 509.0, 239.6, -234.3, 509.0, 236.8, -234.3, 102, 0, 204
L 504.7, 239.6, -234.3, 509.0, 239.6, -234.3, 102, 0, 204
L 509.0, 236.8, -234.3, 510.1, 236.8, -234.3, 102, 0, 204
L 529.9, 236.8, -234.3, 531.0, 236.8, -234.3, 102, 0, 204
L 531.0, 236.8, -234.3, 530.9, 239.6, -234.3, 102, 0, 204
L 502.1, 236.9, -234.3, 504.7, 236.9, -234.3, 102, 0, 204
L 504.7, 236.9, -234.3, 504.7, 239.6, -234.3, 102, 0, 204
L 535.2, 239.6, -234.3, 535.2, 237.0, -234.3, 102, 0, 204
L 530.9, 239.6, -234.3, 535.2, 239.6, -234.3, 102, 0, 204
L 327.2, 260.9, -234.3, 311.7, 260.9, -234.3, 102, 0, 204
L 502.1, 235.8, -234.3, 502.1, 236.9, -234.3, 102, 0, 204
L 375.3, 260.9, -234.3, 344.6, 260.9, -234.3, 102, 0, 204
L 537.9, 236.9, -234.3, 537.9, 235.8, -234.3, 102, 0, 204
L 311.7, 241.1, -234.3, 327.2, 241.1, -234.3, 102, 0, 204
L 537.9, 235.8, -234.3, 548.9, 235.8, -234.3, 102, 0, 204
L 535.2, 237.0, -234.3, 537.9, 236.9, -234.3, 102, 0, 204
L 375.3, 281.7, -234.3, 375.3, 260.9, -234.3, 102, 0, 204
L 344.7, 241.1, -234.3, 395.1, 241.1, -234.3, 102, 0, 204
L 346.9, 236.9, -234.3, 344.6, 236.9, -234.3, 102, 0, 204
L 395.1, 241.1, -234.3, 395.1, 261.9, -234.3, 102, 0, 204
L 395.1, 261.9, -234.3, 411.5, 261.9, -234.3, 102, 0, 204
L 412.5, 253.9, -234.3, 412.5, 240.8, -234.3, 102, 0, 204
L 502.0, 192.5, -234.3, 484.9, 192.5, -234.3, 102, 0, 204
L 434.6, -17.4, -234.3, 431.9, -17.4, -234.3, 102, 0, 204
L 430.5, 15.8, -234.3, 431.9, 15.8, -234.3, 102, 0, 204
L 431.9, -20.0, -234.3, 430.5, -20.0, -234.3, 102, 0, 204
L 434.6, 13.1, -234.3, 434.6, 8.9, -234.3, 102, 0, 204
L 510.0, 191.7, -234.3, 509.0, 191.7, -234.3, 102, 0, 204
L 504.7, 191.6, -234.3, 502.1, 191.6, -234.3, 102, 0, 204
L 434.6, -13.1, -234.3, 434.6, -17.4, -234.3, 102, 0, 204
L 431.9, 15.8, -234.3, 431.9, 13.1, -234.3, 102, 0, 204
L 431.9, -17.4, -234.3, 431.9, -20.0, -234.3, 102, 0, 204
L 510.1, 236.8, -234.3, 510.1, 234.7, -234.3, 102, 0, 204
L 509.0, 191.7, -234.3, 509.0, 188.9, -234.3, 102, 0, 204
L 434.6, 8.9, -234.3, 431.7, 8.8, -234.3, 102, 0, 204
L 531.0, 188.9, -234.3, 530.9, 191.7, -234.3, 102, 0, 204
L 537.9, 191.6, -234.3, 535.2, 191.6, -234.3, 102, 0, 204
L 537.9, 192.5, -234.3, 537.9, 191.6, -234.3, 102, 0, 204
L 529.9, 191.7, -234.3, 529.9, 234.7, -234.3, 102, 0, 204
L 509.0, 188.9, -234.3, 504.7, 188.9, -234.3, 102, 0, 204
L 431.7, 8.8, -234.3, 431.7, 7.8, -234.3, 102, 0, 204
L 535.2, 191.6, -234.3, 535.2, 188.9, -234.3, 102, 0, 204
L 535.2, 188.9, -234.3, 531.0, 188.9, -234.3, 102, 0, 204
L 530.9, 191.7, -234.3, 529.9, 191.7, -234.3, 102, 0, 204
L 431.9, 13.1, -234.3, 434.6, 13.1, -234.3, 102, 0, 204
L 502.1, 191.6, -234.3, 502.0, 192.5, -234.3, 102, 0, 204
L 504.7, 188.9, -234.3, 504.7, 191.6, -234.3, 102, 0, 204
L 346.9, 265.1, -234.3, 346.9, 267.9, -234.3, 102, 0, 204
L 344.7, 265.1, -234.3, 346.9, 265.1, -234.3, 102, 0, 204
L 320.7, 266.2, -234.3, 320.7, 267.9, -234.3, 102, 0, 204
L 320.7, 267.9, -234.3, 324.9, 267.9, -234.3, 102, 0, 204
L 324.9, 265.1, -234.3, 324.9, 267.9, -234.3, 102, 0, 204
L 344.7, 265.1, -234.3, 344.6, 260.9, -234.3, 102, 0, 204
L 351.2, 267.9, -234.3, 351.2, 266.2, -234.3, 102, 0, 204
L 327.2, 260.9, -234.3, 327.2, 263.0, -234.3, 102, 0, 204
L 346.9, 267.9, -234.3, 351.2, 267.9, -234.3, 102, 0, 204
L 324.9, 265.1, -234.3, 327.2, 265.1, -234.3, 102, 0, 204
L 327.2, 236.9, -234.3, 327.2, 239.0, -234.3, 102, 0, 204
L 320.7, 235.7, -234.3, 317.2, 235.7, -234.3, 102, 0, 204
L 344.6, 236.9, -234.3, 344.7, 241.1, -234.3, 102, 0, 204
L 223.7, 283.8, -214.3, 229.5, 283.8, -214.3, 205, 133, 63
L 229.5, 281.7, -214.3, 229.5, 285.9, -214.3, 205, 133, 63
L 229.5, 281.7, -214.3, 235.3, 281.7, -214.3, 205, 133, 63
L 229.5, 285.9, -214.3, 235.3, 285.9, -214.3, 205, 133, 63
L 235.3, 281.7, -214.3, 235.3, 283.8, -214.3, 205, 133, 63
L 235.3, 283.8, -214.3, 235.3, 285.9, -214.3, 205, 133, 63
L 241.1, 283.8, -214.3, 241.1, 281.7, -214.3, 102, 0, 204
L 235.3, 283.8, -214.3, 241.1, 283.8, -214.3, 205, 133, 63
L 244.5, 239.0, -214.3, 244.5, 236.9, -214.3, 102, 0, 204
L 244.5, 239.0, -214.3, 250.3, 239.0, -214.3, 205, 133, 63
L 250.3, 236.9, -214.3, 250.3, 241.1, -214.3, 205, 133, 63
L 250.3, 236.9, -214.3, 256.1, 236.9, -214.3, 205, 133, 63
L 256.1, 236.9, -214.3, 256.1, 239.0, -214.3, 205, 133, 63
L 256.1, 239.0, -214.3, 256.1, 241.1, -214.3, 205, 133, 63
L 256.1, 239.0, -214.3, 261.9, 239.0, -214.3, 205, 133, 63
L 244.5, 241.1, -214.3, 243.3, 241.1, -214.3, 102, 0, 204
L 256.1, 241.1, -214.3, 250.3, 241.1, -214.3, 205, 133, 63
L 135.0, 238.6, -194.3, 135.0, 240.7, -194.3, 102, 0, 204
L 135.0, 238.6, -194.3, 140.9, 238.6, -194.3, 205, 133, 63
L 140.9, 236.5, -194.3, 140.9, 240.7, -194.3, 205, 133, 63
L 140.9, 236.5, -194.3, 146.7, 236.5, -194.3, 205, 133, 63
L 140.9, 240.7, -194.3, 146.7, 240.7, -194.3, 205, 133, 63
L 146.7, 236.5, -194.3, 146.7, 238.6, -194.3, 205, 133, 63
L 146.7, 238.6, -194.3, 146.7, 240.7, -194.3, 205, 133, 63
L 152.5, 238.6, -194.3, 152.5, 240.7, -194.3, 102, 0, 204
L 146.7, 238.6, -194.3, 152.5, 238.6, -194.3, 205, 133, 63
L 133.8, 164.3, -194.3, 133.8, 124.6, -194.3, 102, 0, 204
L 133.8, 164.3, -194.3, 140.3, 164.3, -194.3, 205, 133, 63
L 140.3, 162.2, -194.3, 140.3, 166.4, -194.3, 205, 133, 63
L 140.3, 162.2, -194.3, 146.8, 162.2, -194.3, 205, 133, 63
L 140.3, 166.4, -194.3, 146.7, 166.4, -194.3, 205, 133, 63
L 146.8, 162.2, -194.3, 146.8, 164.3, -194.3, 205, 133, 63
L 146.8, 164.3, -194.3, 146.8, 166.4, -194.3, 205, 133, 63
L 146.8, 164.3, -194.3, 153.2, 164.3, -194.3, 205, 133, 63
L 327.2, 239.0, -234.3, 327.2, 241.1, -234.3, 102, 0, 204
L 327.2, 239.0, -234.3, 333.0, 239.0, -234.3, 205, 133, 63
L 333.0, 236.9, -234.3, 333.0, 241.1, -234.3, 205, 133, 63
L 333.0, 236.9, -234.3, 338.8, 236.9, -234.3, 205, 133, 63
L 333.0, 241.1, -234.3, 338.8, 241.1, -234.3, 205, 133, 63
L 338.8, 236.9, -234.3, 338.8, 239.0, -234.3, 205, 133, 63
L 338.8, 239.0, -234.3, 338.8, 241.1, -234.3, 205, 133, 63
L 338.8, 239.0, -234.3, 344.6, 239.0, -234.3, 205, 133, 63
L 327.2, 263.0, -234.3, 327.2, 265.1, -234.3, 102, 0, 204
L 327.2, 263.0, -234.3, 333.0, 263.0, -234.3, 205, 133, 63
L 333.0, 260.9, -234.3, 333.0, 265.1, -234.3, 205, 133, 63
L 333.0, 260.9, -234.3, 338.8, 260.9, -234.3, 205, 133, 63
L 333.0, 265.1, -234.3, 338.8, 265.1, -234.3, 205, 133, 63
L 338.8, 260.9, -234.3, 338.8, 263.0, -234.3, 205, 133, 63
L 338.8, 263.0, -234.3, 338.8, 265.1, -234.3, 205, 133, 63
L 338.8, 263.0, -234.3, 344.6, 263.0, -234.3, 205, 133, 63
L 409.4, 275.1, -234.3, 409.4, 268.5, -234.3, 205, 133, 63
L 411.5, 281.7, -234.3, 375.3, 281.7, -234.3, 102, 0, 204
L 411.5, 281.7, -234.3, 411.5, 275.1, -234.3, 205, 133, 63
L 409.4, 275.1, -234.3, 413.6, 275.1, -234.3, 205, 133, 63
L 409.4, 268.5, -234.3, 411.5, 268.5, -234.3, 205, 133, 63
L 411.5, 268.5, -234.3, 413.6, 268.5, -234.3, 205, 133, 63
L 411.5, 268.5, -234.3, 411.5, 261.9, -234.3, 205, 133, 63
L 413.6, 275.1, -234.3, 413.6, 268.5, -234.3, 205, 133, 63
L 510.1, 234.7, -234.3, 510.0, 191.7, -234.3, 102, 0, 204
L 510.1, 234.7, -234.3, 516.7, 234.7, -234.3, 205, 133, 63
L 516.7, 232.6, -234.3, 516.7, 236.8, -234.3, 205, 133, 63
L 516.7, 232.6, -234.3, 523.3, 232.6, -234.3, 205, 133, 63
L 516.7, 236.8, -234.3, 523.3, 236.8, -234.3, 205, 133, 63
L 523.3, 232.6, -234.3, 523.3, 234.7, -234.3, 205, 133, 63
L 523.3, 234.7, -234.3, 523.3, 236.8, -234.3, 205, 133, 63
L 529.9, 234.7, -234.3, 529.9, 236.8, -234.3, 102, 0, 204
L 523.3, 234.7, -234.3, 529.9, 234.7, -234.3, 205, 133, 63
L 270.6, 86.3, -215.8, 264.4, 86.3, -213.1, 102, 0, 204
L 153.7, 66.5, -194.3, 203.4, 66.5, -194.3, 102, 0, 204
L 227.4, 59.5, -194.3, 223.2, 59.5, -194.3, 102, 0, 204
L 227.4, 61.1, -194.3, 227.4, 59.5, -194.3, 102, 0, 204
L 223.1, 62.3, -194.3, 220.9, 62.3, -194.3, 102, 0, 204
L 227.4, 91.7, -194.3, 230.9, 91.7, -194.3, 102, 0, 204
L 223.1, 90.5, -194.3, 223.1, 93.3, -194.3, 102, 0, 204
L 227.4, 93.3, -194.3, 227.4, 91.7, -194.3, 102, 0, 204
L 221.0, 90.5, -194.3, 223.1, 90.5, -194.3, 102, 0, 204
L 196.9, 61.1, -194.3, 193.4, 61.1, -194.3, 102, 0, 204
L 203.4, 62.3, -194.3, 201.2, 62.3, -194.3, 102, 0, 204
L 196.9, 59.5, -194.3, 196.9, 61.1, -194.3, 102, 0, 204
L 196.9, 91.7, -194.3, 196.9, 93.3, -194.3, 102, 0, 204
L 196.9, 93.3, -194.3, 201.1, 93.3, -194.3, 102, 0, 204
L 220.9, 86.3, -194.3, 221.0, 90.5, -194.3, 102, 0, 204
L 203.4, 66.5, -194.3, 203.4, 64.4, -194.3, 102, 0, 204
L 203.4, 86.3, -194.3, 153.7, 86.3, -194.3, 102, 0, 204
L 358.2, 1.2, -215.8, 358.2, -5.4, -215.8, 205, 133, 63
L 358.2, -5.4, -215.8, 360.3, -5.4, -215.8, 205, 133, 63
L 362.4, 1.2, -215.8, 362.4, -5.4, -215.8, 205, 133, 63
L 358.2, 1.2, -215.8, 360.3, 1.2, -215.8, 205, 133, 63
L 360.3, -5.4, -215.8, 362.4, -5.4, -215.8, 205, 133, 63
L 360.3, -5.4, -215.8, 360.3, -12.0, -215.8, 205, 133, 63
L 360.3, 1.2, -215.8, 362.4, 1.2, -215.8, 205, 133, 63
L 360.3, 7.8, -215.8, 360.3, 1.2, -215.8, 205, 133, 63
L 355.4, -13.1, -215.8, 358.2, -13.1, -215.8, 102, 0, 204
L 358.2, 8.9, -215.8, 355.4, 8.9, -215.8, 102, 0, 204
L 355.4, -17.4, -215.8, 355.4, -13.1, -215.8, 102, 0, 204
L 359.2, -20.0, -215.8, 358.0, -20.0, -215.8, 102, 0, 204
L 358.2, -12.0, -215.8, 360.3, -12.0, -215.8, 102, 0, 204
L 358.0, -20.0, -215.8, 358.0, -17.4, -215.8, 102, 0, 204
L 358.0, -17.4, -215.8, 355.4, -17.4, -215.8, 102, 0, 204
L 358.2, 7.8, -215.8, 370.9, 7.8, -215.8, 102, 0, 204
L 359.2, 15.8, -215.8, 358.0, 15.8, -215.8, 102, 0, 204
L 355.4, 13.1, -215.8, 355.4, 8.9, -215.8, 102, 0, 204
L 358.2, 8.9, -215.8, 358.2, 7.8, -215.8, 102, 0, 204
L 358.0, 13.1, -215.8, 355.4, 13.1, -215.8, 102, 0, 204
L 358.0, 15.8, -215.8, 358.0, 13.1, -215.8, 102, 0, 204
L 358.2, -11.9, -215.8, 358.2, -12.0, -215.8, 102, 0, 204
L 270.6, 86.3, -215.8, 270.6, 66.5, -215.8, 155, 155, 155
L 270.6, 66.5, -215.8, 286.1, 66.5, -215.8, 102, 0, 204
L 220.9, 86.3, -194.3, 220.9, 66.5, -194.3, 155, 155, 155
L 220.9, 66.5, -194.3, 227.1, 66.5, -197.0, 102, 0, 204
L 220.9, 66.5, -194.3, 220.9, 64.4, -194.3, 102, 0, 204
L 203.4, 64.4, -194.3, 203.4, 62.3, -194.3, 102, 0, 204
L 203.4, 64.4, -194.3, 209.3, 64.4, -194.3, 205, 133, 63
L 209.3, 62.3, -194.3, 209.3, 66.5, -194.3, 205, 133, 63
L 209.3, 62.3, -194.3, 215.1, 62.3, -194.3, 205, 133, 63
L 209.2, 66.5, -194.3, 215.1, 66.5, -194.3, 205, 133, 63
L 215.1, 62.3, -194.3, 215.1, 64.4, -194.3, 205, 133, 63
L 215.1, 64.4, -194.3, 215.1, 66.5, -194.3, 205, 133, 63
L 220.9, 64.4, -194.3, 220.9, 62.3, -194.3, 102, 0, 204
L 215.1, 64.4, -194.3, 220.9, 64.4, -194.3, 205, 133, 63
L 223.1, 62.3, -194.3, 223.1, 59.5, -194.3, 102, 0, 204
L 223.2, 59.5, -194.3, 223.1, 59.5, -194.3, 102, 0, 204
L 201.2, 62.3, -194.3, 201.2, 59.5, -194.3, 102, 0, 204
L 196.9, 59.5, -194.3, 201.2, 59.5, -194.3, 102, 0, 204
L 223.1, 93.3, -194.3, 227.4, 93.3, -194.3, 102, 0, 204
L 203.4, 86.3, -194.3, 203.4, 88.4, -194.3, 102, 0, 204
L 203.4, 90.5, -194.3, 201.1, 90.5, -194.3, 102, 0, 204
L 201.1, 93.3, -194.3, 201.1, 90.5, -194.3, 102, 0, 204
L 203.4, 88.4, -194.3, 203.4, 90.5, -194.3, 102, 0, 204
L 203.4, 88.4, -194.3, 209.3, 88.4, -194.3, 205, 133, 63
L 209.3, 86.3, -194.3, 209.3, 90.5, -194.3, 205, 133, 63
L 209.3, 86.3, -194.3, 215.1, 86.3, -194.3, 205, 133, 63
L 209.3, 90.5, -194.3, 215.1, 90.5, -194.3, 205, 133, 63
L 215.1, 86.3, -194.3, 215.1, 88.4, -194.3, 205, 133, 63
L 215.1, 88.4, -194.3, 215.1, 90.5, -194.3, 205, 133, 63
L 215.1, 88.4, -194.3, 220.9, 88.4, -194.3, 205, 133, 63
L 245.8, 66.5, -205.1, 252.0, 66.5, -207.7, 102, 0, 204
L 245.8, 86.3, -205.1, 239.6, 86.3, -202.4, 102, 0, 204
L 245.8, 66.5, -205.1, 245.8, 86.3, -205.1, 155, 155, 155
L 258.2, 66.5, -210.4, 264.4, 66.5, -213.1, 102, 0, 204
L 258.2, 86.3, -210.4, 252.0, 86.3, -207.7, 102, 0, 204
L 258.2, 66.5, -210.4, 258.2, 86.3, -210.4, 155, 155, 155
L 264.4, 66.5, -213.1, 270.6, 66.5, -215.8, 102, 0, 204
L 264.4, 86.3, -213.1, 258.2, 86.3, -210.4, 102, 0, 204
L 264.4, 66.5, -213.1, 264.4, 86.3, -213.1, 155, 155, 155
L 252.0, 66.5, -207.7, 258.2, 66.5, -210.4, 102, 0, 204
L 252.0, 86.3, -207.7, 245.8, 86.3, -205.1, 102, 0, 204
L 252.0, 66.5, -207.7, 252.0, 86.3, -207.7, 155, 155, 155
L 233.4, 66.5, -199.7, 239.6, 66.5, -202.4, 102, 0, 204
L 233.4, 86.3, -199.7, 227.1, 86.3, -197.0, 102, 0, 204
L 233.4, 66.5, -199.7, 233.4, 86.3, -199.7, 155, 155, 155
L 239.6, 66.5, -202.4, 245.8, 66.5, -205.1, 102, 0, 204
L 239.6, 86.3, -202.4, 233.4, 86.3, -199.7, 102, 0, 204
L 239.6, 66.5, -202.4, 239.6, 86.3, -202.4, 155, 155, 155
L 227.1, 66.5, -197.0, 233.4, 66.5, -199.7, 102, 0, 204
L 227.1, 86.3, -197.0, 220.9, 86.3, -194.3, 102, 0, 204
L 227.1, 66.5, -197.0, 227.1, 86.3, -197.0, 155, 155, 155
L 94.0, 43.6, -125.0, 94.0, 41.5, -125.0, 178, 102, 255
L 94.0, 43.6, -125.0, 99.8, 43.6, -125.0, 205, 133, 63
L 99.8, 41.5, -125.0, 99.8, 45.7, -125.0, 205, 133, 63
L 99.8, 41.5, -125.0, 105.6, 41.5, -125.0, 205, 133, 63
L 99.8, 45.7, -125.0, 105.6, 45.7, -125.0, 205, 133, 63
L 105.6, 41.5, -125.0, 105.6, 43.6, -125.0, 205, 133, 63
L 105.6, 43.6, -125.0, 105.6, 45.7, -125.0, 205, 133, 63
L 111.4, 43.6, -125.0, 111.4, 41.5, -125.0, 178, 102, 255
L 105.6, 43.6, -125.0, 111.4, 43.6, -125.0, 205, 133, 63
L 370.9, -12.0, -215.8, 370.9, 7.8, -215.8, 155, 155, 155
L 419.2, -12.0, -234.3, 431.7, -12.0, -234.3, 102, 0, 204
L 431.7, -12.0, -234.3, 431.7, -13.1, -234.3, 102, 0, 204
L 431.7, -13.1, -234.3, 434.6, -13.1, -234.3, 102, 0, 204
L 370.9, 7.8, -215.8, 377.0, 7.8, -218.1, 102, 0, 204
L 370.9, -12.0, -215.8, 376.9, -12.0, -218.1, 102, 0, 204
L 419.2, -12.0, -234.3, 419.2, 7.8, -234.3, 155, 155, 155
L 419.2, 7.8, -234.3, 431.7, 7.8, -234.3, 102, 0, 204
L 395.1, -12.0, -225.1, 401.1, -12.0, -227.4, 102, 0, 204
L 395.1, 7.8, -225.1, 401.1, 7.8, -227.4, 102, 0, 204
L 395.1, -12.0, -225.1, 395.1, 7.8, -225.1, 155, 155, 155
L 407.1, -12.0, -229.7, 413.2, -12.0, -232.0, 102, 0, 204
L 407.1, 7.8, -229.7, 413.2, 7.8, -232.0, 102, 0, 204
L 407.1, -12.0, -229.7, 407.1, 7.8, -229.7, 155, 155, 155
L 413.2, -12.0, -232.0, 419.2, -12.0, -234.3, 102, 0, 204
L 413.2, 7.8, -232.0, 419.2, 7.8, -234.3, 102, 0, 204
L 413.2, -12.0, -232.0, 413.2, 7.8, -232.0, 155, 155, 155
L 383.0, -12.0, -220.4, 389.0, -12.0, -222.7, 102, 0, 204
L 383.0, 7.8, -220.4, 389.0, 7.8, -222.7, 102, 0, 204
L 383.0, -12.0, -220.4, 383.0, 7.8, -220.4, 155, 155, 155
L 389.0, -12.0, -222.7, 395.1, -12.0, -225.1, 102, 0, 204
L 389.0, 7.8, -222.7, 395.1, 7.8, -225.1, 102, 0, 204
L 389.0, -12.0, -222.7, 389.0, 7.8, -222.7, 155, 155, 155
L 401.1, -12.0, -227.4, 407.1, -12.0, -229.7, 102, 0, 204
L 401.1, 7.8, -227.4, 407.1, 7.8, -229.7, 102, 0, 204
L 401.1, -12.0, -227.4, 401.1, 7.8, -227.4, 155, 155, 155
L 376.9, -12.0, -218.1, 383.0, -12.0, -220.4, 102, 0, 204
L 377.0, 7.8, -218.1, 383.0, 7.8, -220.4, 102, 0, 204
L 376.9, -12.0, -218.1, 377.0, 7.8, -218.1, 155, 155, 155
L 261.9, 236.9, -214.3, 261.9, 239.0, -214.3, 102, 0, 204
L 261.9, 241.1, -214.3, 263.1, 241.1, -214.3, 102, 0, 204
L 261.9, 239.0, -214.3, 261.9, 241.1, -214.3, 102, 0, 204
L 242.2, 234.0, -214.3, 242.2, 236.9, -214.3, 102, 0, 204
L 237.9, 235.7, -214.3, 237.9, 234.0, -214.3, 102, 0, 204
L 242.2, 234.0, -214.3, 237.9, 234.0, -214.3, 102, 0, 204
L 327.2, 236.9, -234.3, 324.9, 236.9, -234.3, 102, 0, 204
L 324.9, 234.0, -234.3, 324.9, 236.9, -234.3, 102, 0, 204
L 320.7, 235.7, -234.3, 320.7, 234.0, -234.3, 102, 0, 204
L 324.9, 234.0, -234.3, 320.7, 234.0, -234.3, 102, 0, 204
L 351.2, 235.7, -234.3, 351.2, 234.0, -234.3, 102, 0, 204
L 351.2, 234.0, -234.3, 346.9, 234.0, -234.3, 102, 0, 204
L 346.9, 236.9, -234.3, 346.9, 234.0, -234.3, 102, 0, 204
L 413.8, 287.1, -234.3, 413.8, 289.7, -234.3, 102, 0, 204
L 412.5, 289.7, -234.3, 413.8, 289.7, -234.3, 102, 0, 204
L 413.8, 287.1, -234.3, 416.4, 287.1, -234.3, 102, 0, 204
L 416.4, 282.8, -234.3, 416.4, 287.1, -234.3, 102, 0, 204
L 416.4, 282.8, -234.3, 413.8, 282.8, -234.3, 102, 0, 204
L 413.8, 282.8, -234.3, 413.8, 281.7, -234.3, 102, 0, 204
L 411.5, 281.7, -234.3, 413.8, 281.7, -234.3, 102, 0, 204
L 416.4, 260.8, -234.3, 416.4, 256.5, -234.3, 102, 0, 204
L 412.5, 253.9, -234.3, 413.8, 253.9, -234.3, 102, 0, 204
L 413.8, 260.8, -234.3, 413.8, 261.9, -234.3, 102, 0, 204
L 411.5, 261.9, -234.3, 413.8, 261.9, -234.3, 102, 0, 204
L 416.4, 260.8, -234.3, 413.8, 260.8, -234.3, 102, 0, 204
L 413.8, 256.5, -234.3, 416.4, 256.5, -234.3, 102, 0, 204
L 413.8, 256.5, -234.3, 413.8, 253.9, -234.3, 102, 0, 204
L 288.3, 91.7, -215.8, 291.0, 91.7, -215.8, 102, 0, 204
L 286.1, 86.3, -215.8, 288.3, 86.3, -215.8, 102, 0, 204
L 284.0, 79.7, -215.8, 286.1, 79.7, -215.8, 205, 133, 63
L 288.3, 61.2, -215.8, 288.3, 58.5, -215.8, 102, 0, 204
L 291.0, 65.4, -215.8, 291.0, 61.2, -215.8, 102, 0, 204
L 287.1, 58.5, -215.8, 288.3, 58.5, -215.8, 102, 0, 204
L 288.3, 65.4, -215.8, 288.3, 66.5, -215.8, 102, 0, 204
L 286.1, 73.1, -215.8, 288.2, 73.1, -215.8, 205, 133, 63
L 288.2, 79.7, -215.8, 288.2, 73.1, -215.8, 205, 133, 63
L 284.0, 73.1, -215.8, 286.1, 73.1, -215.8, 205, 133, 63
L 286.1, 73.1, -215.8, 286.1, 66.5, -215.8, 205, 133, 63
L 284.0, 79.7, -215.8, 284.0, 73.1, -215.8, 205, 133, 63
L 288.3, 61.2, -215.8, 291.0, 61.2, -215.8, 102, 0, 204
L 286.1, 66.5, -215.8, 288.3, 66.5, -215.8, 102, 0, 204
L 288.3, 87.4, -215.8, 288.3, 86.3, -215.8, 102, 0, 204
L 291.0, 65.4, -215.8, 288.3, 65.4, -215.8, 102, 0, 204
L 291.0, 87.4, -215.8, 291.0, 91.7, -215.8, 102, 0, 204
L 286.1, 86.3, -215.8, 286.1, 79.7, -215.8, 205, 133, 63
L 291.0, 87.4, -215.8, 288.3, 87.4, -215.8, 102, 0, 204
L 288.3, 91.7, -215.8, 288.3, 94.3, -215.8, 102, 0, 204
L 287.1, 94.3, -215.8, 288.3, 94.3, -215.8, 102, 0, 204
L 286.1, 79.7, -215.8, 288.2, 79.7, -215.8, 205, 133, 63
L 270.6, 86.3, -215.8, 286.1, 86.3, -215.8, 102, 0, 204
L 117.5, 124.5, -194.3, 117.5, 125.6, -194.3, 102, 0, 204
L 117.5, 125.6, -194.3, 114.7, 125.6, -194.3, 102, 0, 204
L 114.7, 129.9, -194.3, 116.4, 129.9, -194.3, 102, 0, 204
L 117.5, 103.7, -194.3, 117.5, 104.7, -194.3, 102, 0, 204
L 133.8, 124.6, -194.3, 117.5, 124.5, -194.3, 102, 0, 204
L 114.7, 103.7, -194.3, 117.5, 103.7, -194.3, 102, 0, 204
L 114.7, 99.4, -194.3, 114.7, 103.7, -194.3, 102, 0, 204
L 119.6, 124.5, -194.3, 119.6, 117.9, -194.3, 205, 133, 63
L 117.5, 117.9, -194.3, 121.7, 117.9, -194.3, 205, 133, 63
L 117.5, 117.9, -194.3, 117.5, 111.3, -194.3, 205, 133, 63
L 119.6, 111.3, -194.3, 121.7, 111.3, -194.3, 205, 133, 63
L 119.6, 104.7, -194.3, 133.7, 104.7, -194.3, 102, 0, 204
L 119.6, 111.3, -194.3, 119.6, 104.7, -194.3, 205, 133, 63
L 117.5, 111.3, -194.3, 119.6, 111.3, -194.3, 205, 133, 63
L 121.7, 117.9, -194.3, 121.7, 111.3, -194.3, 205, 133, 63
L 114.7, 125.6, -194.3, 114.7, 129.9, -194.3, 102, 0, 204
L 117.5, 104.7, -194.3, 119.6, 104.7, -194.3, 102, 0, 204
L 116.4, 99.4, -194.3, 114.7, 99.4, -194.3, 102, 0, 204
L 354.7, 315.9, -234.3, 352.3, 313.4, -234.3, 102, 0, 204
L 352.3, 313.4, -234.3, 354.4, 309.4, -234.3, 102, 0, 204
L 358.0, 307.4, -234.3, 360.8, 309.5, -234.3, 102, 0, 204
L 354.4, 309.4, -234.3, 358.0, 307.4, -234.3, 102, 0, 204
L 354.7, 315.9, -234.3, 317.2, 315.9, -234.3, 102, 0, 204
L 313.9, 307.4, -234.3, 311.1, 309.5, -234.3, 102, 0, 204
L 317.5, 309.4, -234.3, 313.9, 307.4, -234.3, 102, 0, 204
L 317.2, 315.9, -234.3, 319.6, 313.4, -234.3, 102, 0, 204
L 319.6, 313.4, -234.3, 317.5, 309.4, -234.3, 102, 0, 204
L 311.1, 309.5, -234.3, 311.1, 272.6, -234.3, 102, 0, 204
L 354.7, 266.3, -234.3, 352.3, 268.8, -234.3, 102, 0, 204
L 358.0, 274.8, -234.3, 360.8, 272.7, -234.3, 102, 0, 204
L 354.4, 272.8, -234.3, 358.0, 274.8, -234.3, 102, 0, 204
L 352.3, 268.8, -234.3, 354.4, 272.8, -234.3, 102, 0, 204
L 360.8, 272.7, -234.3, 360.8, 309.5, -234.3, 102, 0, 204
L 319.6, 268.7, -234.3, 317.5, 272.7, -234.3, 102, 0, 204
L 317.2, 266.2, -234.3, 319.6, 268.7, -234.3, 102, 0, 204
L 313.9, 274.7, -234.3, 311.1, 272.6, -234.3, 102, 0, 204
L 317.5, 272.7, -234.3, 313.9, 274.7, -234.3, 102, 0, 204
L 317.2, 266.2, -234.3, 320.7, 266.2, -234.3, 102, 0, 204
L 250.8, 330.2, -214.3, 254.4, 328.2, -214.3, 102, 0, 204
L 251.1, 336.7, -214.3, 248.7, 334.2, -214.3, 102, 0, 204
L 248.7, 334.2, -214.3, 250.8, 330.2, -214.3, 102, 0, 204
L 254.4, 328.2, -214.3, 257.2, 330.3, -214.3, 102, 0, 204
L 251.1, 336.7, -214.3, 213.6, 336.7, -214.3, 102, 0, 204
L 254.4, 295.6, -214.3, 257.2, 293.5, -214.3, 102, 0, 204
L 248.7, 289.6, -214.3, 250.8, 293.6, -214.3, 102, 0, 204
L 250.8, 293.6, -214.3, 254.4, 295.6, -214.3, 102, 0, 204
L 251.1, 287.1, -214.3, 248.7, 289.6, -214.3, 102, 0, 204
L 257.2, 293.5, -214.3, 257.2, 330.3, -214.3, 102, 0, 204
L 269.5, 188.5, -214.3, 271.6, 192.5, -214.3, 102, 0, 204
L 271.6, 192.5, -214.3, 275.2, 194.5, -214.3, 102, 0, 204
L 271.9, 186.0, -214.3, 269.5, 188.5, -214.3, 102, 0, 204
L 275.2, 194.5, -214.3, 278.0, 192.4, -214.3, 102, 0, 204
L 278.0, 192.4, -214.3, 278.0, 229.3, -214.3, 102, 0, 204
L 354.7, 186.0, -234.3, 352.3, 188.5, -234.3, 102, 0, 204
L 358.0, 194.5, -234.3, 360.8, 192.4, -234.3, 102, 0, 204
L 352.3, 188.5, -234.3, 354.4, 192.5, -234.3, 102, 0, 204
L 354.4, 192.5, -234.3, 358.0, 194.5, -234.3, 102, 0, 204
L 360.8, 192.4, -234.3, 360.8, 229.3, -234.3, 102, 0, 204
L 234.2, 20.0, -194.3, 237.0, 17.9, -194.3, 102, 0, 204
L 230.9, 11.5, -194.3, 228.5, 14.0, -194.3, 102, 0, 204
L 228.5, 14.0, -194.3, 230.6, 18.0, -194.3, 102, 0, 204
L 230.6, 18.0, -194.3, 234.2, 20.0, -194.3, 102, 0, 204
L 237.0, 17.9, -194.3, 237.0, 54.7, -194.3, 102, 0, 204
L 230.6, 98.2, -194.3, 234.2, 100.2, -194.3, 102, 0, 204
L 230.9, 91.7, -194.3, 228.5, 94.2, -194.3, 102, 0, 204
L 228.5, 94.2, -194.3, 230.6, 98.2, -194.3, 102, 0, 204
L 234.2, 100.2, -194.3, 237.0, 98.1, -194.3, 102, 0, 204
L 237.0, 98.1, -194.3, 237.0, 135.0, -194.3, 102, 0, 204
L 110.0, 96.3, -194.3, 113.6, 98.3, -194.3, 102, 0, 204
L 110.3, 89.8, -194.3, 107.9, 92.3, -194.3, 102, 0, 204
L 107.9, 92.3, -194.3, 110.0, 96.3, -194.3, 102, 0, 204
L 113.6, 98.3, -194.3, 116.4, 96.2, -194.3, 102, 0, 204
L 116.4, 96.2, -194.3, 116.4, 99.4, -194.3, 102, 0, 204
L 313.9, 227.2, -234.3, 311.1, 229.3, -234.3, 102, 0, 204
L 317.5, 229.2, -234.3, 313.9, 227.2, -234.3, 102, 0, 204
L 317.2, 235.7, -234.3, 319.6, 233.2, -234.3, 102, 0, 204
L 319.6, 233.2, -234.3, 317.5, 229.2, -234.3, 102, 0, 204
L 311.1, 229.3, -234.3, 311.1, 192.4, -234.3, 102, 0, 204
L 234.7, 229.2, -214.3, 231.1, 227.2, -214.3, 102, 0, 204
L 234.4, 235.7, -214.3, 236.8, 233.2, -214.3, 102, 0, 204
L 231.1, 227.2, -214.3, 228.3, 229.3, -214.3, 102, 0, 204
L 236.8, 233.2, -214.3, 234.7, 229.2, -214.3, 102, 0, 204
L 216.0, 334.2, -214.3, 213.9, 330.2, -214.3, 102, 0, 204
L 213.6, 336.7, -214.3, 216.0, 334.2, -214.3, 102, 0, 204
L 213.9, 330.2, -214.3, 210.3, 328.2, -214.3, 102, 0, 204
L 210.3, 328.2, -214.3, 207.5, 330.3, -214.3, 102, 0, 204
L 207.5, 330.3, -214.3, 207.5, 293.5, -214.3, 102, 0, 204
L 190.1, 132.9, -194.3, 187.3, 135.0, -194.3, 102, 0, 204
L 193.7, 134.9, -194.3, 190.1, 132.9, -194.3, 102, 0, 204
L 193.4, 141.4, -194.3, 195.8, 138.9, -194.3, 102, 0, 204
L 195.8, 138.9, -194.3, 193.7, 134.9, -194.3, 102, 0, 204
L 187.3, 135.0, -194.3, 187.3, 98.1, -194.3, 102, 0, 204
L 75.2, 137.0, -194.3, 73.1, 133.0, -194.3, 102, 0, 204
L 72.8, 139.5, -194.3, 75.2, 137.0, -194.3, 102, 0, 204
L 73.1, 133.0, -194.3, 69.5, 131.0, -194.3, 102, 0, 204
L 69.5, 131.0, -194.3, 66.7, 133.1, -194.3, 102, 0, 204
L 66.7, 133.1, -194.3, 66.7, 96.2, -194.3, 102, 0, 204
L 193.7, 54.6, -194.3, 190.1, 52.6, -194.3, 102, 0, 204
L 190.1, 52.6, -194.3, 187.3, 54.7, -194.3, 102, 0, 204
L 193.4, 61.1, -194.3, 195.8, 58.6, -194.3, 102, 0, 204
L 195.8, 58.6, -194.3, 193.7, 54.6, -194.3, 102, 0, 204
L 187.3, 54.7, -194.3, 187.3, 17.9, -194.3, 102, 0, 204
L 313.9, 194.5, -234.3, 311.1, 192.4, -234.3, 102, 0, 204
L 319.6, 188.5, -234.3, 317.5, 192.5, -234.3, 102, 0, 204
L 317.5, 192.5, -234.3, 313.9, 194.5, -234.3, 102, 0, 204
L 317.2, 186.0, -234.3, 319.6, 188.5, -234.3, 102, 0, 204
L 317.2, 186.0, -234.3, 354.7, 186.0, -234.3, 102, 0, 204
L 236.9, 188.5, -214.3, 234.8, 192.5, -214.3, 102, 0, 204
L 234.8, 192.5, -214.3, 231.2, 194.5, -214.3, 102, 0, 204
L 234.5, 186.0, -214.3, 236.9, 188.5, -214.3, 102, 0, 204
L 231.2, 194.5, -214.3, 228.4, 192.4, -214.3, 102, 0, 204
L 234.5, 186.0, -214.3, 271.9, 186.0, -214.3, 102, 0, 204
L 216.0, 289.6, -214.3, 213.9, 293.6, -214.3, 102, 0, 204
L 213.6, 287.1, -214.3, 216.0, 289.6, -214.3, 102, 0, 204
L 210.3, 295.6, -214.3, 207.5, 293.5, -214.3, 102, 0, 204
L 213.9, 293.6, -214.3, 210.3, 295.6, -214.3, 102, 0, 204
L 213.6, 287.1, -214.3, 217.1, 287.1, -214.3, 102, 0, 204
L 193.7, 98.2, -194.3, 190.1, 100.2, -194.3, 102, 0, 204
L 190.1, 100.2, -194.3, 187.3, 98.1, -194.3, 102, 0, 204
L 193.4, 91.7, -194.3, 195.8, 94.2, -194.3, 102, 0, 204
L 195.8, 94.2, -194.3, 193.7, 98.2, -194.3, 102, 0, 204
L 193.4, 91.7, -194.3, 196.9, 91.7, -194.3, 102, 0, 204
L 72.8, 89.8, -194.3, 75.2, 92.3, -194.3, 102, 0, 204
L 69.5, 98.3, -194.3, 66.7, 96.2, -194.3, 102, 0, 204
L 75.2, 92.3, -194.3, 73.1, 96.3, -194.3, 102, 0, 204
L 73.1, 96.3, -194.3, 69.5, 98.3, -194.3, 102, 0, 204
L 72.8, 89.8, -194.3, 110.3, 89.8, -194.3, 102, 0, 204
L 193.4, 11.5, -194.3, 195.8, 14.0, -194.3, 102, 0, 204
L 190.1, 20.0, -194.3, 187.3, 17.9, -194.3, 102, 0, 204
L 193.7, 18.0, -194.3, 190.1, 20.0, -194.3, 102, 0, 204
L 195.8, 14.0, -194.3, 193.7, 18.0, -194.3, 102, 0, 204
L 193.4, 11.5, -194.3, 230.9, 11.5, -194.3, 102, 0, 204
L 230.6, 134.9, -194.3, 234.2, 132.9, -194.3, 102, 0, 204
L 228.5, 138.9, -194.3, 230.6, 134.9, -194.3, 102, 0, 204
L 234.2, 132.9, -194.3, 237.0, 135.0, -194.3, 102, 0, 204
L 230.9, 141.4, -194.3, 228.5, 138.9, -194.3, 102, 0, 204
L 230.9, 141.4, -194.3, 193.4, 141.4, -194.3, 102, 0, 204
L 107.9, 137.0, -194.3, 110.0, 133.0, -194.3, 102, 0, 204
L 110.3, 139.5, -194.3, 107.9, 137.0, -194.3, 102, 0, 204
L 113.6, 131.0, -194.3, 116.4, 133.1, -194.3, 102, 0, 204
L 110.0, 133.0, -194.3, 113.6, 131.0, -194.3, 102, 0, 204
L 110.3, 139.5, -194.3, 72.8, 139.5, -194.3, 102, 0, 204
L 358.0, 227.2, -234.3, 360.8, 229.3, -234.3, 102, 0, 204
L 352.3, 233.2, -234.3, 354.4, 229.2, -234.3, 102, 0, 204
L 354.7, 235.7, -234.3, 352.3, 233.2, -234.3, 102, 0, 204
L 354.4, 229.2, -234.3, 358.0, 227.2, -234.3, 102, 0, 204
L 354.7, 235.7, -234.3, 351.2, 235.7, -234.3, 102, 0, 204
L 269.5, 233.2, -214.3, 271.6, 229.2, -214.3, 102, 0, 204
L 275.2, 227.2, -214.3, 278.0, 229.3, -214.3, 102, 0, 204
L 271.9, 235.7, -214.3, 269.5, 233.2, -214.3, 102, 0, 204
L 271.6, 229.2, -214.3, 275.2, 227.2, -214.3, 102, 0, 204
L 271.9, 235.7, -214.3, 268.4, 235.7, -214.3, 102, 0, 204
L 228.5, 58.6, -194.3, 230.6, 54.6, -194.3, 102, 0, 204
L 234.2, 52.6, -194.3, 237.0, 54.7, -194.3, 102, 0, 204
L 230.9, 61.1, -194.3, 228.5, 58.6, -194.3, 102, 0, 204
L 230.6, 54.6, -194.3, 234.2, 52.6, -194.3, 102, 0, 204
L 230.9, 61.1, -194.3, 227.4, 61.1, -194.3, 102, 0, 204
L 228.3, 229.3, -214.3, 228.4, 192.4, -214.3, 102, 0, 204
L 354.7, 266.3, -234.3, 351.2, 266.2, -234.3, 102, 0, 204
L 556.0, 302.9, -234.3, 550.0, 303.5, -234.3, 102, 0, 204
L 548.9, 307.9, -234.3, 550.0, 303.5, -234.3, 102, 0, 204
L 554.9, 192.5, -234.3, 537.9, 192.5, -234.3, 102, 0, 204
L 179.8, 232.5, -194.3, 173.8, 233.1, -194.3, 102, 0, 204
L 172.7, 237.5, -194.3, 173.8, 233.1, -194.3, 102, 0, 204
L 172.7, 237.5, -194.3, 161.7, 237.5, -194.3, 102, 0, 204
L 412.5, 302.9, -234.3, 418.5, 303.5, -234.3, 102, 0, 204
L 419.6, 307.9, -234.3, 418.5, 303.5, -234.3, 102, 0, 204
L 412.5, 302.9, -234.3, 412.5, 289.7, -234.3, 102, 0, 204
L 430.5, 33.0, -234.3, 430.5, 15.8, -234.3, 102, 0, 204
L 114.8, 237.4, -194.3, 113.7, 233.0, -194.3, 102, 0, 204
L 107.7, 232.4, -194.3, 113.7, 233.0, -194.3, 102, 0, 204
L 107.7, 232.4, -194.3, 107.7, 170.4, -194.3, 102, 0, 204
L 419.6, 235.8, -234.3, 418.5, 240.2, -234.3, 102, 0, 204
L 412.5, 240.8, -234.3, 418.5, 240.2, -234.3, 102, 0, 204
L 419.6, 235.8, -234.3, 479.0, 235.8, -234.3, 102, 0, 204
L 107.7, 170.4, -194.3, 113.7, 169.8, -194.3, 102, 0, 204
L 114.8, 165.4, -194.3, 113.7, 169.8, -194.3, 102, 0, 204
L 114.8, 165.4, -194.3, 125.9, 165.4, -194.3, 102, 0, 204
L 125.9, 237.5, -194.3, 114.8, 237.4, -194.3, 102, 0, 204
L 548.9, 235.8, -234.3, 550.0, 240.2, -234.3, 102, 0, 204
L 556.0, 240.8, -234.3, 550.0, 240.2, -234.3, 102, 0, 204
L 556.0, 240.8, -234.3, 556.0, 302.9, -234.3, 102, 0, 204
L 172.7, 165.4, -194.3, 173.8, 169.8, -194.3, 102, 0, 204
L 179.8, 170.4, -194.3, 173.8, 169.8, -194.3, 102, 0, 204
L 179.8, 170.4, -194.3, 179.8, 232.5, -194.3, 102, 0, 204
L 93.1, 33.3, -125.3, 93.1, 41.2, -125.3, 178, 102, 255
L 112.3, 41.2, -125.3, 112.3, 33.3, -125.3, 178, 102, 255
L 545.2, 31.1, -236.4, 548.2, 26.0, -236.4, 102, 0, 204
L 548.2, 26.0, -236.4, 552.9, 23.8, -235.1, 102, 0, 204
L 552.9, 23.8, -235.1, 559.5, 29.4, -232.4, 102, 0, 204
L 559.5, 29.4, -232.4, 564.7, 35.6, -232.4, 102, 0, 204
L 564.7, 35.6, -232.4, 562.1, 40.1, -232.4, 102, 0, 204
L 562.1, 40.1, -232.4, 558.3, 42.3, -232.4, 102, 0, 204
L 551.6, 38.8, -236.4, 545.2, 31.1, -236.4, 102, 0, 204
L 551.6, 38.8, -236.4, 552.7, 39.1, -236.4, 102, 0, 204
L 552.7, 39.1, -236.4, 552.6, 80.3, -236.4, 102, 0, 204
L 552.6, 80.3, -236.4, 551.0, 81.6, -236.4, 102, 0, 204
L 551.0, 81.6, -236.4, 545.4, 88.4, -236.4, 102, 0, 204
L 545.4, 88.4, -236.4, 548.1, 93.1, -236.4, 102, 0, 204
L 548.1, 93.1, -236.4, 553.1, 96.0, -236.4, 102, 0, 204
L 553.1, 96.0, -236.4, 560.3, 89.0, -233.7, 102, 0, 204
L 560.3, 89.0, -233.7, 564.7, 83.7, -232.4, 102, 0, 204
L 564.7, 83.7, -232.4, 562.0, 79.2, -232.4, 102, 0, 204
L 562.0, 79.2, -232.4, 558.3, 77.0, -232.4, 102, 0, 204
L 558.3, 42.3, -232.4, 558.2, 42.3, -232.4, 102, 0, 204
L 558.3, 77.0, -232.4, 558.3, 42.3, -232.4, 102, 0, 204
L 589.0, 94.8, -236.4, 555.4, 94.8, -236.4, 155, 155, 155
L 557.0, 92.5, -235.1, 589.0, 92.5, -235.1, 155, 155, 155
L 544.7, 10.2, -236.4, 550.1, 25.0, -236.4, 155, 155, 155
L 552.1, 23.9, -235.1, 547.1, 9.4, -235.1, 155, 155, 155
L 547.1, 9.4, -235.1, 536.7, -1.9, -235.1, 155, 155, 155
L 484.1, 299.4, -234.3, 489.2, 300.8, -234.3, 102, 0, 204
L 479.7, 300.8, -234.3, 484.1, 299.4, -234.3, 102, 0, 204
L 548.9, 307.9, -234.3, 489.8, 307.9, -234.3, 102, 0, 204
L 489.2, 300.8, -234.3, 489.8, 307.9, -234.3, 102, 0, 204
L 479.0, 307.9, -234.3, 419.6, 307.9, -234.3, 102, 0, 204
L 479.7, 300.8, -234.3, 479.0, 307.9, -234.3, 102, 0, 204
L 479.7, 242.9, -234.3, 484.1, 244.3, -234.3, 102, 0, 204
L 484.1, 244.3, -234.3, 489.2, 242.8, -234.3, 102, 0, 204
L 489.2, 242.8, -234.3, 489.8, 235.8, -234.3, 102, 0, 204
L 479.7, 242.9, -234.3, 479.0, 235.8, -234.3, 102, 0, 204
L 489.8, 235.8, -234.3, 502.0, 235.8, -234.3, 102, 0, 204
L 489.8, 235.8, -234.3, 489.8, 235.8, -234.3, 102, 0, 204
L 479.0, 235.8, -234.3, 479.0, 235.8, -234.3, 102, 0, 204
L 294.2, 116.5, -215.8, 351.7, 116.5, -215.8, 102, 0, 204
L 359.2, 109.0, -215.8, 355.8, 106.2, -215.8, 102, 0, 204
L 348.9, 113.1, -215.8, 351.4, 108.7, -215.8, 102, 0, 204
L 355.8, 106.2, -215.8, 351.4, 108.7, -215.8, 102, 0, 204
L 348.9, 113.1, -215.8, 351.7, 116.5, -215.8, 102, 0, 204
L 290.1, 106.2, -215.8, 294.5, 108.7, -215.8, 102, 0, 204
L 297.0, 113.1, -215.8, 294.2, 116.5, -215.8, 102, 0, 204
L 297.0, 113.1, -215.8, 294.5, 108.7, -215.8, 102, 0, 204
L 287.1, 94.3, -215.8, 287.1, 108.6, -215.8, 102, 0, 204
L 287.1, 108.6, -215.8, 290.1, 106.2, -215.8, 102, 0, 204
L 351.9, 32.0, -215.8, 350.7, 36.6, -215.8, 102, 0, 204
L 350.7, 36.6, -215.8, 352.0, 41.5, -215.8, 102, 0, 204
L 294.2, 41.5, -215.8, 295.7, 36.9, -215.8, 102, 0, 204
L 295.7, 36.9, -215.8, 294.3, 31.7, -215.8, 102, 0, 204
L 359.2, 109.0, -215.8, 359.2, 42.2, -215.8, 102, 0, 204
L 352.0, 41.5, -215.8, 359.2, 42.2, -215.8, 102, 0, 204
L 359.2, 31.3, -215.8, 351.9, 32.0, -215.8, 102, 0, 204
L 359.2, 31.3, -215.8, 359.2, 15.8, -215.8, 102, 0, 204
L 287.1, 42.2, -215.8, 287.1, 58.5, -215.8, 102, 0, 204
L 294.2, 41.5, -215.8, 287.1, 42.2, -215.8, 102, 0, 204
L 294.3, 31.7, -215.8, 287.1, 31.1, -215.8, 102, 0, 204
L 430.5, 33.0, -234.3, 476.9, 33.0, -234.3, 102, 0, 204
L 484.9, 192.5, -234.3, 484.9, 164.7, -234.3, 102, 0, 204
L 494.7, 88.3, -234.3, 491.6, 93.2, -234.3, 102, 0, 204
L 491.6, 93.2, -234.3, 486.7, 96.0, -234.3, 102, 0, 204
L 484.9, 78.0, -234.3, 488.9, 81.3, -234.3, 102, 0, 204
L 486.7, 96.0, -234.3, 479.9, 90.3, -234.3, 102, 0, 204
L 488.9, 81.3, -234.3, 494.7, 88.3, -234.3, 102, 0, 204
L 559.9, 152.4, -234.3, 563.3, 156.4, -234.3, 102, 0, 204
L 548.1, 149.5, -234.3, 553.2, 146.6, -234.3, 102, 0, 204
L 551.1, 161.1, -234.3, 545.5, 154.3, -234.3, 102, 0, 204
L 545.5, 154.3, -234.3, 548.1, 149.5, -234.3, 102, 0, 204
L 553.2, 146.6, -234.3, 559.9, 152.4, -234.3, 102, 0, 204
L 589.3, 156.4, -234.3, 563.3, 156.4, -234.3, 102, 0, 204
L 554.9, 164.3, -234.3, 551.1, 161.1, -234.3, 102, 0, 204
L 479.9, 90.3, -234.3, 476.5, 86.3, -234.3, 102, 0, 204
L 554.9, 164.3, -234.3, 554.9, 192.5, -234.3, 102, 0, 204
L 484.9, 78.0, -234.3, 484.9, 41.0, -234.3, 102, 0, 204
L 450.6, 86.3, -234.3, 476.5, 86.3, -234.3, 102, 0, 204
L 494.7, 30.7, -234.3, 491.6, 25.8, -234.3, 102, 0, 204
L 488.9, 37.7, -234.3, 494.7, 30.7, -234.3, 102, 0, 204
L 486.7, 23.0, -234.3, 479.9, 28.7, -234.3, 102, 0, 204
L 491.6, 25.8, -234.3, 486.7, 23.0, -234.3, 102, 0, 204
L 479.9, 28.7, -234.3, 476.9, 33.0, -234.3, 102, 0, 204
L 484.9, 41.0, -234.3, 488.9, 37.7, -234.3, 102, 0, 204
L 494.3, 154.7, -234.3, 491.7, 149.9, -234.3, 102, 0, 204
L 488.7, 161.5, -234.3, 494.3, 154.7, -234.3, 102, 0, 204
L 484.9, 164.7, -234.3, 488.7, 161.5, -234.3, 102, 0, 204
L 479.9, 152.7, -234.3, 476.5, 156.7, -234.3, 102, 0, 204
L 491.7, 149.9, -234.3, 486.6, 147.0, -234.3, 102, 0, 204
L 486.6, 147.0, -234.3, 479.9, 152.7, -234.3, 102, 0, 204
L 476.5, 156.7, -234.3, 450.6, 156.7, -234.3, 102, 0, 204
L 450.6, 86.3, -234.3, 450.6, 156.7, -234.3, 102, 0, 204
L 531.0, 188.9, -234.3, 509.0, 188.9, -234.3, 155, 155, 155
L 529.9, 191.7, -234.3, 510.0, 191.7, -234.3, 155, 155, 155
L 434.6, -13.1, -234.3, 434.6, 8.9, -234.3, 155, 155, 155
L 431.7, 7.8, -234.3, 431.7, -12.0, -234.3, 155, 155, 155
L 79.6, -84.8, -158.6, 79.6, -77.3, -161.2, 178, 102, 255
L 488.9, -85.5, -234.3, 494.7, -92.5, -234.3, 102, 0, 204
L 209.3, -66.5, -194.3, 209.3, -68.6, -194.3, 205, 133, 63
L 554.9, -168.5, -234.3, 551.1, -165.3, -234.3, 102, 0, 204
L 112.6, -79.3, -139.1, 92.8, -79.3, -139.1, 155, 155, 155
L 484.9, -196.7, -234.3, 484.9, -168.9, -234.3, 102, 0, 204
L 491.6, -97.4, -234.3, 486.7, -100.2, -234.3, 102, 0, 204
L 535.2, -195.8, -234.3, 535.2, -193.1, -234.3, 102, 0, 204
L 114.8, -241.6, -194.3, 113.7, -237.2, -194.3, 102, 0, 204
L 412.5, -307.1, -234.3, 418.5, -307.7, -234.3, 102, 0, 204
L 419.6, -240.0, -234.3, 418.5, -244.4, -234.3, 102, 0, 204
L 548.1, -97.3, -236.4, 553.1, -100.2, -236.4, 102, 0, 204
L 338.8, -241.1, -234.3, 338.8, -243.2, -234.3, 205, 133, 63
L 333.0, -269.3, -234.3, 338.8, -269.3, -234.3, 205, 133, 63
L 196.4, -266.1, -211.8, 196.4, -285.9, -211.8, 155, 155, 155
L 152.5, -242.8, -194.3, 152.5, -244.9, -194.3, 102, 0, 204
L 338.8, -265.1, -234.3, 338.8, -267.2, -234.3, 205, 133, 63
L 327.2, -267.2, -234.3, 333.0, -267.2, -234.3, 205, 133, 63
L 203.4, -90.5, -194.3, 153.7, -90.5, -194.3, 102, 0, 204
L 220.9, -90.5, -194.3, 221.0, -94.7, -194.3, 102, 0, 204
L 535.2, -241.2, -234.3, 537.9, -241.1, -234.3, 102, 0, 204
L 59.8, -92.4, -155.9, 59.8, -84.8, -158.6, 178, 102, 255
L 537.9, -195.8, -234.3, 535.2, -195.8, -234.3, 102, 0, 204
L 502.0, -196.7, -234.3, 484.9, -196.7, -234.3, 102, 0, 204
L 264.2, -238.2, -214.3, 264.2, -241.1, -214.3, 102, 0, 204
L 92.8, -58.7, -125.0, 92.8, -49.9, -125.0, 178, 102, 255
L 250.3, -241.1, -214.3, 250.3, -243.2, -214.3, 205, 133, 63
L 79.6, -99.9, -153.2, 92.8, -99.9, -153.2, 178, 102, 255
L 502.1, -241.1, -234.3, 504.7, -241.1, -234.3, 102, 0, 204
L 184.2, -266.1, -206.8, 184.2, -285.9, -206.8, 155, 155, 155
L 537.9, -196.7, -234.3, 537.9, -195.8, -234.3, 102, 0, 204
L 502.1, -195.8, -234.3, 502.0, -196.7, -234.3, 102, 0, 204
L 523.3, -236.8, -234.3, 523.3, -238.9, -234.3, 205, 133, 63
L 79.6, -69.7, -163.9, 59.8, -69.7, -163.9, 155, 155, 155
L 355.8, -110.4, -215.8, 351.4, -112.9, -215.8, 102, 0, 204
L 489.8, -240.0, -234.3, 502.0, -240.0, -234.3, 102, 0, 204
L 59.8, -119.8, -153.2, 112.6, -119.8, -153.2, 178, 102, 255
L 351.2, -272.1, -234.3, 351.2, -270.4, -234.3, 102, 0, 204
L 311.7, -265.1, -234.3, 305.6, -265.1, -231.8, 102, 0, 204
L 510.1, -238.9, -234.3, 510.0, -195.9, -234.3, 102, 0, 204
L 352.0, -45.7, -215.8, 359.2, -46.4, -215.8, 102, 0, 204
L 161.7, -170.8, -194.3, 161.7, -169.6, -194.3, 102, 0, 204
L 241.1, -290.1, -214.3, 241.1, -288.0, -214.3, 102, 0, 204
L 116.4, -103.6, -194.3, 114.7, -103.6, -194.3, 102, 0, 204
L 153.7, -244.9, -194.3, 152.5, -244.9, -194.3, 102, 0, 204
L 121.7, -122.1, -194.3, 121.7, -115.5, -194.3, 205, 133, 63
L 94.0, -45.7, -125.0, 92.8, -45.7, -125.0, 178, 102, 255
L 79.6, -99.9, -153.2, 79.6, -92.4, -155.9, 178, 102, 255
L 59.8, -99.9, -153.2, 59.8, -92.4, -155.9, 178, 102, 255
L 275.2, -265.1, -219.3, 275.2, -245.3, -219.3, 155, 155, 155
L 237.9, -239.9, -214.3, 234.4, -239.9, -214.3, 102, 0, 204
L 256.1, -241.1, -214.3, 256.1, -243.2, -214.3, 205, 133, 63
L 413.6, -279.3, -234.3, 413.6, -272.7, -234.3, 205, 133, 63
L 509.0, -241.0, -234.3, 510.1, -241.0, -234.3, 102, 0, 204
L 59.8, -69.7, -163.9, 59.8, -70.0, -163.9, 102, 0, 204
L 59.8, -49.9, -163.9, 59.8, -69.7, -163.9, 102, 0, 204
L 135.0, -242.8, -194.3, 135.0, -244.9, -194.3, 102, 0, 204
L 529.9, -241.0, -234.3, 531.0, -241.0, -234.3, 102, 0, 204
L 284.0, -77.3, -215.8, 286.1, -77.3, -215.8, 205, 133, 63
L 92.8, -58.7, -125.0, 112.6, -58.7, -125.0, 155, 155, 155
L 66.7, -137.3, -194.3, 66.7, -100.4, -194.3, 102, 0, 204
L 256.1, -243.2, -214.3, 256.1, -245.3, -214.3, 205, 133, 63
L 193.7, -58.8, -194.3, 190.1, -56.8, -194.3, 102, 0, 204
L 409.4, -279.3, -234.3, 409.4, -272.7, -234.3, 205, 133, 63
L 271.6, -196.7, -214.3, 275.2, -198.7, -214.3, 102, 0, 204
L 411.5, -285.9, -234.3, 375.3, -285.9, -234.3, 102, 0, 204
L 112.6, -119.8, -153.2, 112.6, -99.9, -153.2, 178, 102, 255
L 244.5, -245.3, -214.3, 243.3, -245.3, -214.3, 102, 0, 204
L 504.7, -243.8, -234.3, 509.0, -243.8, -234.3, 102, 0, 204
L 509.0, -243.8, -234.3, 509.0, -241.0, -234.3, 102, 0, 204
L 193.4, -65.3, -194.3, 195.8, -62.8, -194.3, 102, 0, 204
L 516.7, -236.8, -234.3, 516.7, -238.9, -234.3, 205, 133, 63
L 93.4, -49.9, -125.0, 94.0, -49.9, -125.0, 178, 102, 255
L 287.4, -245.3, -224.3, 287.4, -265.1, -224.3, 155, 155, 155
L 242.2, -238.2, -214.3, 242.2, -241.1, -214.3, 102, 0, 204
L 529.9, -195.9, -234.3, 529.9, -238.9, -234.3, 102, 0, 204
L 153.7, -70.7, -194.3, 203.4, -70.7, -194.3, 102, 0, 204
L 112.6, -58.7, -125.0, 112.6, -49.9, -125.0, 178, 102, 255
L 268.4, -239.9, -214.3, 268.5, -238.2, -214.3, 102, 0, 204
L 344.7, -269.3, -234.3, 344.6, -265.1, -234.3, 102, 0, 204
L 287.4, -265.1, -224.3, 281.3, -265.1, -221.8, 102, 0, 204
L 112.6, -79.3, -139.1, 112.6, -74.2, -135.6, 178, 102, 255
L 112.6, -99.9, -153.2, 112.6, -94.8, -149.7, 178, 102, 255
L 344.7, -245.3, -234.3, 395.1, -245.3, -234.3, 102, 0, 204
L 112.6, -84.5, -142.6, 112.6, -79.3, -139.1, 178, 102, 255
L 152.5, -240.7, -194.3, 152.5, -242.8, -194.3, 102, 0, 204
L 523.3, -238.9, -234.3, 523.3, -241.0, -234.3, 205, 133, 63
L 430.5, -37.2, -234.3, 476.9, -37.2, -234.3, 102, 0, 204
L 79.6, -92.4, -155.9, 79.6, -84.8, -158.6, 178, 102, 255
L 92.8, -79.3, -139.1, 92.8, -74.2, -135.6, 178, 102, 255
L 79.6, -49.9, -163.9, 59.8, -49.9, -163.9, 102, 0, 204
L 202.5, -285.9, -214.3, 223.7, -285.9, -214.3, 102, 0, 204
L 209.2, -70.7, -194.3, 209.3, -70.7, -194.3, 205, 133, 63
L 215.1, -68.6, -194.3, 215.1, -70.7, -194.3, 205, 133, 63
L 529.9, -238.9, -234.3, 529.9, -241.0, -234.3, 102, 0, 204
L 220.9, -68.6, -194.3, 220.9, -66.5, -194.3, 102, 0, 204
L 202.5, -285.9, -214.3, 202.5, -266.1, -214.3, 155, 155, 155
L 545.5, -158.5, -234.3, 548.1, -153.7, -234.3, 102, 0, 204
L 346.9, -272.1, -234.3, 351.2, -272.1, -234.3, 102, 0, 204
L 375.3, -285.9, -234.3, 375.3, -265.1, -234.3, 102, 0, 204
L 112.6, -89.6, -146.2, 92.8, -89.6, -146.2, 155, 155, 155
L 484.9, -82.2, -234.3, 484.9, -45.2, -234.3, 102, 0, 204
L 202.5, -266.1, -214.3, 243.3, -266.1, -214.3, 102, 0, 204
L 287.1, -46.4, -215.8, 287.1, -62.7, -215.8, 102, 0, 204
L 479.9, -94.5, -234.3, 476.5, -90.5, -234.3, 102, 0, 204
L 311.7, -245.3, -234.3, 327.2, -245.3, -234.3, 102, 0, 204
L 553.2, -150.8, -234.3, 559.9, -156.6, -234.3, 102, 0, 204
L 128.5, -237.9, -194.3, 128.5, -240.5, -194.3, 102, 0, 204
L 294.2, -45.7, -215.8, 287.1, -46.4, -215.8, 102, 0, 204
L 79.6, -84.8, -158.6, 59.8, -84.8, -158.6, 155, 155, 155
L 554.9, -168.5, -234.3, 554.9, -196.7, -234.3, 102, 0, 204
L 548.1, -153.7, -234.3, 553.2, -150.8, -234.3, 102, 0, 204
L 215.1, -66.5, -194.3, 215.1, -68.6, -194.3, 205, 133, 63
L 92.8, -89.6, -146.2, 92.8, -84.5, -142.6, 178, 102, 255
L 92.8, -94.8, -149.7, 92.8, -89.6, -146.2, 178, 102, 255
L 153.7, -90.5, -194.3, 153.2, -170.6, -194.3, 102, 0, 204
L 100.0, -69.7, -179.1, 110.1, -69.7, -186.7, 102, 0, 204
L 409.4, -279.3, -234.3, 411.5, -279.3, -234.3, 205, 133, 63
L 112.6, -74.2, -135.6, 92.8, -74.2, -135.6, 155, 155, 155
L 484.9, -82.2, -234.3, 488.9, -85.5, -234.3, 102, 0, 204
L 128.5, -240.5, -194.3, 125.8, -240.5, -194.3, 102, 0, 204
L 132.8, -170.6, -194.3, 133.8, -170.6, -194.3, 102, 0, 204
L 395.1, -266.1, -234.3, 411.5, -266.1, -234.3, 102, 0, 204
L 395.1, -245.3, -234.3, 395.1, -266.1, -234.3, 102, 0, 204
L 132.8, -173.4, -194.3, 132.8, -170.6, -194.3, 102, 0, 204
L 92.8, -63.9, -128.5, 92.8, -58.7, -125.0, 178, 102, 255
L 135.0, -240.7, -194.3, 135.0, -242.8, -194.3, 102, 0, 204
L 589.3, 156.4, -234.3, 589.3, -160.6, -234.3, 102, 0, 204
L 112.6, -69.0, -132.1, 92.8, -69.0, -132.1, 155, 155, 155
L 79.6, -69.7, -163.9, 79.6, -49.9, -163.9, 155, 155, 155
L 294.3, -35.9, -215.8, 287.1, -35.3, -215.8, 102, 0, 204
L 112.6, -94.8, -149.7, 92.8, -94.8, -149.7, 155, 155, 155
L 320.7, -272.1, -234.3, 324.9, -272.1, -234.3, 102, 0, 204
L 79.6, -49.9, -163.9, 89.8, -49.9, -171.5, 102, 0, 204
L 110.1, -49.9, -186.7, 120.3, -49.9, -194.3, 102, 0, 204
L 324.9, -269.3, -234.3, 327.2, -269.3, -234.3, 102, 0, 204
L 523.3, -238.9, -234.3, 529.9, -238.9, -234.3, 205, 133, 63
L 411.5, -272.7, -234.3, 413.6, -272.7, -234.3, 205, 133, 63
L 112.6, -69.0, -132.1, 112.6, -63.9, -128.5, 178, 102, 255
L 220.9, -70.7, -194.3, 220.9, -68.6, -194.3, 102, 0, 204
L 559.9, -156.6, -234.3, 563.3, -160.6, -234.3, 102, 0, 204
L 59.8, -84.8, -158.6, 59.8, -77.3, -161.2, 178, 102, 255
L 244.5, -241.1, -214.3, 242.2, -241.1, -214.3, 102, 0, 204
L 268.5, -238.2, -214.3, 264.2, -238.2, -214.3, 102, 0, 204
L 135.0, -244.9, -194.3, 133.8, -244.9, -194.3, 102, 0, 204
L 120.3, -49.9, -194.3, 120.3, -69.7, -194.3, 155, 155, 155
L 217.1, -291.3, -214.3, 217.1, -292.9, -214.3, 102, 0, 204
L 128.5, -173.4, -194.3, 128.5, -170.8, -194.3, 102, 0, 204
L 100.0, -49.9, -179.1, 110.1, -49.9, -186.7, 102, 0, 204
L 92.8, -74.2, -135.6, 92.8, -69.0, -132.1, 178, 102, 255
L 92.8, -49.9, -125.0, 93.4, -49.9, -125.0, 178, 102, 255
L 223.6, -290.1, -214.3, 223.7, -285.9, -214.3, 102, 0, 204
L 359.2, -113.2, -215.8, 355.8, -110.4, -215.8, 102, 0, 204
L 338.8, -267.2, -234.3, 344.6, -267.2, -234.3, 205, 133, 63
L 320.7, -270.4, -234.3, 320.7, -272.1, -234.3, 102, 0, 204
L 411.5, -272.7, -234.3, 411.5, -266.1, -234.3, 205, 133, 63
L 92.8, -99.9, -153.2, 92.8, -94.8, -149.7, 178, 102, 255
L 133.8, -244.9, -194.3, 133.8, -285.9, -194.3, 102, 0, 204
L 311.7, -265.1, -234.3, 311.7, -245.3, -234.3, 155, 155, 155
L 247.6, -292.9, -214.3, 247.6, -291.3, -214.3, 102, 0, 204
L 327.2, -265.1, -234.3, 327.2, -267.2, -234.3, 102, 0, 204
L 338.8, -267.2, -234.3, 338.8, -269.3, -234.3, 205, 133, 63
L 324.9, -269.3, -234.3, 324.9, -272.1, -234.3, 102, 0, 204
L 346.9, -241.1, -234.3, 344.6, -241.1, -234.3, 102, 0, 204
L 89.8, -69.7, -171.5, 89.8, -49.9, -171.5, 155, 155, 155
L 79.6, -69.7, -163.9, 89.8, -69.7, -171.5, 102, 0, 204
L 125.8, -170.8, -194.3, 128.5, -170.8, -194.3, 102, 0, 204
L 94.0, -49.9, -125.0, 94.0, -47.8, -125.0, 178, 102, 255
L 264.2, -241.1, -214.3, 261.9, -241.1, -214.3, 102, 0, 204
L 112.6, -89.6, -146.2, 112.6, -84.5, -142.6, 178, 102, 255
L 161.7, -241.7, -194.3, 161.7, -240.5, -194.3, 102, 0, 204
L 159.0, -170.8, -194.3, 161.7, -170.8, -194.3, 102, 0, 204
L 110.1, -69.7, -186.7, 120.3, -69.7, -194.3, 102, 0, 204
L 275.2, -245.3, -219.3, 269.2, -245.3, -216.8, 102, 0, 204
L 269.2, -265.1, -216.8, 263.1, -265.1, -214.3, 102, 0, 204
L 409.4, -272.7, -234.3, 411.5, -272.7, -234.3, 205, 133, 63
L 244.5, -245.3, -214.3, 244.5, -243.2, -214.3, 102, 0, 204
L 79.6, -99.9, -153.2, 59.8, -99.9, -153.2, 155, 155, 155
L 112.6, -74.2, -135.6, 112.6, -69.0, -132.1, 178, 102, 255
L 92.8, -99.9, -153.2, 112.6, -99.9, -153.2, 155, 155, 155
L 412.5, -258.1, -234.3, 412.5, -245.0, -234.3, 102, 0, 204
L 112.6, -84.5, -142.6, 92.8, -84.5, -142.6, 155, 155, 155
L 128.5, -173.4, -194.3, 132.8, -173.4, -194.3, 102, 0, 204
L 112.6, -45.7, -125.0, 111.4, -45.7, -125.0, 178, 102, 255
L 111.4, -49.9, -125.0, 112.0, -49.9, -125.0, 178, 102, 255
L 110.1, -69.7, -186.7, 110.1, -49.9, -186.7, 155, 155, 155
L 359.2, -35.5, -215.8, 351.9, -36.2, -215.8, 102, 0, 204
L 112.6, -94.8, -149.7, 112.6, -89.6, -146.2, 178, 102, 255
L 287.4, -245.3, -224.3, 281.3, -245.3, -221.8, 102, 0, 204
L 359.2, -35.5, -215.8, 359.2, -20.0, -215.8, 102, 0, 204
L 479.0, -240.0, -234.3, 479.0, -240.0, -234.3, 102, 0, 204
L 59.8, -99.9, -153.2, 59.8, -119.8, -153.2, 178, 102, 255
L 111.4, -49.9, -125.0, 111.4, -47.8, -125.0, 178, 102, 255
L 100.0, -69.7, -179.1, 100.0, -49.9, -179.1, 155, 155, 155
L 92.8, -84.5, -142.6, 92.8, -79.3, -139.1, 178, 102, 255
L 479.7, -305.0, -234.3, 484.1, -303.6, -234.3, 102, 0, 204
L 125.8, -240.5, -194.3, 125.9, -241.7, -194.3, 102, 0, 204
L 450.6, -90.5, -234.3, 476.5, -90.5, -234.3, 102, 0, 204
L 172.7, -241.7, -194.3, 173.8, -237.3, -194.3, 102, 0, 204
L 412.5, -307.1, -234.3, 412.5, -293.9, -234.3, 102, 0, 204
L 338.8, -243.2, -234.3, 344.6, -243.2, -234.3, 205, 133, 63
L 564.7, -87.9, -232.4, 562.0, -83.4, -232.4, 102, 0, 204
L 504.7, -241.1, -234.3, 504.7, -243.8, -234.3, 102, 0, 204
L 228.5, -18.2, -194.3, 230.6, -22.2, -194.3, 102, 0, 204
L 252.0, -70.7, -207.7, 258.2, -70.7, -210.4, 102, 0, 204
L 286.1, -90.5, -215.8, 288.3, -90.5, -215.8, 102, 0, 204
L 291.0, -91.6, -215.8, 291.0, -95.9, -215.8, 102, 0, 204
L 114.7, -134.1, -194.3, 116.4, -134.1, -194.3, 102, 0, 204
L 252.0, -90.5, -207.7, 245.8, -90.5, -205.1, 102, 0, 204
L 354.7, -320.1, -234.3, 317.2, -320.1, -234.3, 102, 0, 204
L 230.9, -95.9, -194.3, 228.5, -98.4, -194.3, 102, 0, 204
L 264.4, -70.7, -213.1, 264.4, -90.5, -213.1, 155, 155, 155
L 264.4, -90.5, -213.1, 258.2, -90.5, -210.4, 102, 0, 204
L 354.4, -233.4, -234.3, 358.0, -231.4, -234.3, 102, 0, 204
L 117.5, -107.9, -194.3, 117.5, -108.9, -194.3, 102, 0, 204
L 237.0, -102.3, -194.3, 237.0, -139.2, -194.3, 102, 0, 204
L 288.3, -91.6, -215.8, 288.3, -90.5, -215.8, 102, 0, 204
L 179.8, -174.6, -194.3, 179.8, -236.7, -194.3, 102, 0, 204
L 360.8, -196.6, -234.3, 360.8, -233.5, -234.3, 102, 0, 204
L 288.3, -65.4, -215.8, 291.0, -65.4, -215.8, 102, 0, 204
L 547.1, -13.6, -235.1, 536.7, -1.9, -235.1, 155, 155, 155
L 179.8, -236.7, -194.3, 173.8, -237.3, -194.3, 102, 0, 204
L 287.1, -62.7, -215.8, 288.3, -62.7, -215.8, 102, 0, 204
L 352.3, -317.6, -234.3, 354.4, -313.6, -234.3, 102, 0, 204
L 231.2, -198.7, -214.3, 228.4, -196.6, -214.3, 102, 0, 204
L 233.4, -70.7, -199.7, 233.4, -90.5, -199.7, 155, 155, 155
L 317.2, -270.4, -234.3, 319.6, -272.9, -234.3, 102, 0, 204
L 193.4, -15.7, -194.3, 230.9, -15.7, -194.3, 102, 0, 204
L 354.4, -313.6, -234.3, 358.0, -311.6, -234.3, 102, 0, 204
L 354.7, -239.9, -234.3, 351.2, -239.9, -234.3, 102, 0, 204
L 319.6, -192.7, -234.3, 317.5, -196.7, -234.3, 102, 0, 204
L 239.6, -70.7, -202.4, 245.8, -70.7, -205.1, 102, 0, 204
L 258.2, -90.5, -210.4, 252.0, -90.5, -207.7, 102, 0, 204
L 233.4, -70.7, -199.7, 239.6, -70.7, -202.4, 102, 0, 204
L 413.8, -260.7, -234.3, 416.4, -260.7, -234.3, 102, 0, 204
L 544.7, -14.4, -236.4, 550.1, -29.2, -236.4, 155, 155, 155
L 313.9, -311.6, -234.3, 311.1, -313.7, -234.3, 102, 0, 204
L 254.4, -299.8, -214.3, 257.2, -297.7, -214.3, 102, 0, 204
L 258.2, -70.7, -210.4, 258.2, -90.5, -210.4, 155, 155, 155
L 179.8, -174.6, -194.3, 173.8, -174.0, -194.3, 102, 0, 204
L 291.0, -69.6, -215.8, 291.0, -65.4, -215.8, 102, 0, 204
L 288.3, -95.9, -215.8, 291.0, -95.9, -215.8, 102, 0, 204
L 358.0, -279.0, -234.3, 360.8, -276.9, -234.3, 102, 0, 204
L 413.8, -260.7, -234.3, 413.8, -258.1, -234.3, 102, 0, 204
L 234.2, -24.2, -194.3, 237.0, -22.1, -194.3, 102, 0, 204
L 358.0, -311.6, -234.3, 360.8, -313.7, -234.3, 102, 0, 204
L 230.9, -15.7, -194.3, 228.5, -18.2, -194.3, 102, 0, 204
L 354.4, -277.0, -234.3, 358.0, -279.0, -234.3, 102, 0, 204
L 264.4, -70.7, -213.1, 270.6, -70.7, -215.8, 102, 0, 204
L 203.4, -68.6, -194.3, 209.3, -68.6, -194.3, 205, 133, 63
L 486.7, -100.2, -234.3, 479.9, -94.5, -234.3, 102, 0, 204
L 411.5, -285.9, -234.3, 411.5, -279.3, -234.3, 205, 133, 63
L 589.3, -160.6, -234.3, 563.3, -160.6, -234.3, 102, 0, 204
L 112.6, -63.9, -128.5, 112.6, -58.7, -125.0, 178, 102, 255
L 537.9, -240.0, -234.3, 548.9, -240.0, -234.3, 102, 0, 204
L 247.6, -291.3, -214.3, 251.1, -291.3, -214.3, 102, 0, 204
L 215.1, -68.6, -194.3, 220.9, -68.6, -194.3, 205, 133, 63
L 552.6, -84.5, -236.4, 551.0, -85.8, -236.4, 102, 0, 204
L 333.0, -265.1, -234.3, 338.8, -265.1, -234.3, 205, 133, 63
L 333.0, -265.1, -234.3, 333.0, -267.2, -234.3, 205, 133, 63
L 114.8, -169.6, -194.3, 125.9, -169.6, -194.3, 102, 0, 204
L 551.6, -43.0, -236.4, 552.7, -43.3, -236.4, 102, 0, 204
L 203.4, -70.7, -194.3, 203.4, -68.6, -194.3, 102, 0, 204
L 558.3, -46.5, -232.4, 558.2, -46.5, -232.4, 102, 0, 204
L 107.7, -236.6, -194.3, 113.7, -237.2, -194.3, 102, 0, 204
L 327.2, -243.2, -234.3, 333.0, -243.2, -234.3, 205, 133, 63
L 548.9, -240.0, -234.3, 550.0, -244.4, -234.3, 102, 0, 204
L 479.7, -247.1, -234.3, 484.1, -248.5, -234.3, 102, 0, 204
L 275.2, -265.1, -219.3, 269.2, -265.1, -216.8, 102, 0, 204
L 479.7, -247.1, -234.3, 479.0, -240.0, -234.3, 102, 0, 204
L 551.0, -85.8, -236.4, 545.4, -92.6, -236.4, 102, 0, 204
L 562.0, -83.4, -232.4, 558.3, -81.2, -232.4, 102, 0, 204
L 484.1, -248.5, -234.3, 489.2, -247.0, -234.3, 102, 0, 204
L 552.7, -43.3, -236.4, 552.6, -84.5, -236.4, 102, 0, 204
L 107.7, -174.6, -194.3, 113.7, -174.0, -194.3, 102, 0, 204
L 589.0, -99.0, -236.4, 555.4, -99.0, -236.4, 155, 155, 155
L 327.2, -267.2, -234.3, 327.2, -269.3, -234.3, 102, 0, 204
L 338.8, -243.2, -234.3, 338.8, -245.3, -234.3, 205, 133, 63
L 92.8, -69.0, -132.1, 92.8, -63.9, -128.5, 178, 102, 255
L 494.7, -92.5, -234.3, 491.6, -97.4, -234.3, 102, 0, 204
L 509.0, -193.1, -234.3, 504.7, -193.1, -234.3, 102, 0, 204
L 209.3, -66.5, -194.3, 215.1, -66.5, -194.3, 205, 133, 63
L 140.9, -240.7, -194.3, 140.9, -242.8, -194.3, 205, 133, 63
L 534.3, -2.0, -236.4, 534.4, -2.1, -236.4, 155, 155, 155
L 235.3, -285.9, -214.3, 235.3, -288.0, -214.3, 205, 133, 63
L 196.9, -95.9, -194.3, 196.9, -97.5, -194.3, 102, 0, 204
L 140.9, -244.9, -194.3, 146.7, -244.9, -194.3, 205, 133, 63
L 140.3, -170.6, -194.3, 146.7, -170.6, -194.3, 205, 133, 63
L 79.6, -77.3, -161.2, 79.6, -69.7, -163.9, 178, 102, 255
L 79.6, -77.3, -161.2, 59.8, -77.3, -161.2, 155, 155, 155
L 256.1, -243.2, -214.3, 261.9, -243.2, -214.3, 205, 133, 63
L 133.8, -168.5, -194.3, 140.3, -168.5, -194.3, 205, 133, 63
L 241.1, -288.0, -214.3, 241.1, -285.9, -214.3, 102, 0, 204
L 412.5, -245.0, -234.3, 418.5, -244.4, -234.3, 102, 0, 204
L 333.0, -245.3, -234.3, 338.8, -245.3, -234.3, 205, 133, 63
L 203.4, -66.5, -194.3, 201.2, -66.5, -194.3, 102, 0, 204
L 286.1, -77.3, -215.8, 288.2, -77.3, -215.8, 205, 133, 63
L 172.7, -241.7, -194.3, 161.7, -241.7, -194.3, 102, 0, 204
L 125.9, -241.7, -194.3, 114.8, -241.6, -194.3, 102, 0, 204
L 557.0, -96.7, -235.1, 589.0, -96.7, -235.1, 155, 155, 155
L 190.3, -285.9, -209.3, 184.2, -285.9, -206.8, 102, 0, 204
L 196.9, -63.7, -194.3, 196.9, -65.3, -194.3, 102, 0, 204
L 196.9, -97.5, -194.3, 201.1, -97.5, -194.3, 102, 0, 204
L 221.0, -94.7, -194.3, 223.1, -94.7, -194.3, 102, 0, 204
L 140.3, -166.4, -194.3, 146.8, -166.4, -194.3, 205, 133, 63
L 161.7, -169.6, -194.3, 172.7, -169.6, -194.3, 102, 0, 204
L 89.8, -69.7, -171.5, 100.0, -69.7, -179.1, 102, 0, 204
L 244.5, -243.2, -214.3, 244.5, -241.1, -214.3, 102, 0, 204
L 140.3, -166.4, -194.3, 140.3, -168.5, -194.3, 205, 133, 63
L 153.8, -266.1, -194.3, 153.8, -285.9, -194.3, 155, 155, 155
L 154.7, -173.4, -194.3, 159.0, -173.4, -194.3, 102, 0, 204
L 375.3, -265.1, -234.3, 344.6, -265.1, -234.3, 102, 0, 204
L 535.2, -193.1, -234.3, 531.0, -193.1, -234.3, 102, 0, 204
L 516.7, -241.0, -234.3, 523.3, -241.0, -234.3, 205, 133, 63
L 537.9, -241.1, -234.3, 537.9, -240.0, -234.3, 102, 0, 204
L 327.2, -265.1, -234.3, 311.7, -265.1, -234.3, 102, 0, 204
L 530.9, -243.8, -234.3, 535.2, -243.8, -234.3, 102, 0, 204
L 252.0, -70.7, -207.7, 252.0, -90.5, -207.7, 155, 155, 155
L 201.1, -97.5, -194.3, 201.1, -94.7, -194.3, 102, 0, 204
L 172.0, -266.1, -201.8, 178.1, -266.1, -204.3, 102, 0, 204
L 531.0, -241.0, -234.3, 530.9, -243.8, -234.3, 102, 0, 204
L 317.5, -313.6, -234.3, 313.9, -311.6, -234.3, 102, 0, 204
L 502.1, -240.0, -234.3, 502.1, -241.1, -234.3, 102, 0, 204
L 245.8, -70.7, -205.1, 245.8, -90.5, -205.1, 155, 155, 155
L 413.8, -265.0, -234.3, 413.8, -266.1, -234.3, 102, 0, 204
L 172.0, -266.1, -201.8, 172.0, -285.9, -201.8, 155, 155, 155
L 166.0, -266.1, -199.3, 172.0, -266.1, -201.8, 102, 0, 204
L 203.4, -92.6, -194.3, 209.3, -92.6, -194.3, 205, 133, 63
L 317.2, -320.1, -234.3, 319.6, -317.6, -234.3, 102, 0, 204
L 411.5, -266.1, -234.3, 413.8, -266.1, -234.3, 102, 0, 204
L 270.6, -90.5, -215.8, 264.4, -90.5, -213.1, 102, 0, 204
L 416.4, -265.0, -234.3, 416.4, -260.7, -234.3, 102, 0, 204
L 412.5, -258.1, -234.3, 413.8, -258.1, -234.3, 102, 0, 204
L 416.4, -265.0, -234.3, 413.8, -265.0, -234.3, 102, 0, 204
L 215.1, -92.6, -194.3, 215.1, -94.7, -194.3, 205, 133, 63
L 319.6, -317.6, -234.3, 317.5, -313.6, -234.3, 102, 0, 204
L 166.0, -266.1, -199.3, 166.0, -285.9, -199.3, 155, 155, 155
L 227.4, -63.7, -194.3, 223.2, -63.7, -194.3, 102, 0, 204
L 311.1, -313.7, -234.3, 311.1, -276.8, -234.3, 102, 0, 204
L 203.4, -92.6, -194.3, 203.4, -94.7, -194.3, 102, 0, 204
L 228.5, -143.1, -194.3, 230.6, -139.1, -194.3, 102, 0, 204
L 230.9, -145.6, -194.3, 228.5, -143.1, -194.3, 102, 0, 204
L 209.3, -90.5, -194.3, 209.3, -92.6, -194.3, 205, 133, 63
L 244.5, -243.2, -214.3, 250.3, -243.2, -214.3, 205, 133, 63
L 237.0, -22.1, -194.3, 237.0, -58.9, -194.3, 102, 0, 204
L 245.8, -90.5, -205.1, 239.6, -90.5, -202.4, 102, 0, 204
L 258.2, -70.7, -210.4, 264.4, -70.7, -213.1, 102, 0, 204
L 354.7, -270.5, -234.3, 352.3, -273.0, -234.3, 102, 0, 204
L 510.1, -238.9, -234.3, 516.7, -238.9, -234.3, 205, 133, 63
L 245.8, -70.7, -205.1, 252.0, -70.7, -207.7, 102, 0, 204
L 535.2, -243.8, -234.3, 535.2, -241.2, -234.3, 102, 0, 204
L 233.4, -90.5, -199.7, 227.1, -90.5, -197.0, 102, 0, 204
L 234.2, -137.1, -194.3, 237.0, -139.2, -194.3, 102, 0, 204
L 230.6, -102.4, -194.3, 234.2, -104.4, -194.3, 102, 0, 204
L 286.1, -77.3, -215.8, 286.1, -70.7, -215.8, 205, 133, 63
L 250.3, -241.1, -214.3, 256.1, -241.1, -214.3, 205, 133, 63
L 215.1, -92.6, -194.3, 220.9, -92.6, -194.3, 205, 133, 63
L 215.1, -90.5, -194.3, 215.1, -92.6, -194.3, 205, 133, 63
L 256.1, -245.3, -214.3, 250.3, -245.3, -214.3, 205, 133, 63
L 230.6, -22.2, -194.3, 234.2, -24.2, -194.3, 102, 0, 204
L 93.1, -37.5, -125.3, 93.1, -45.4, -125.3, 178, 102, 255
L 344.7, -269.3, -234.3, 346.9, -269.3, -234.3, 102, 0, 204
L 153.7, -244.9, -194.3, 153.8, -266.1, -194.3, 102, 0, 204
L 263.1, -265.1, -214.3, 263.1, -245.3, -214.3, 155, 155, 155
L 116.4, -100.4, -194.3, 116.4, -103.6, -194.3, 102, 0, 204
L 133.8, -168.5, -194.3, 133.8, -128.8, -194.3, 102, 0, 204
L 333.0, -241.1, -234.3, 333.0, -243.2, -234.3, 205, 133, 63
L 196.9, -65.3, -194.3, 193.4, -65.3, -194.3, 102, 0, 204
L 146.7, -242.8, -194.3, 152.5, -242.8, -194.3, 205, 133, 63
L 89.8, -49.9, -171.5, 100.0, -49.9, -179.1, 102, 0, 204
L 250.8, -297.8, -214.3, 254.4, -299.8, -214.3, 102, 0, 204
L 159.0, -173.4, -194.3, 159.0, -170.8, -194.3, 102, 0, 204
L 319.6, -272.9, -234.3, 317.5, -276.9, -234.3, 102, 0, 204
L 146.7, -240.7, -194.3, 146.7, -242.8, -194.3, 205, 133, 63
L 146.8, -168.5, -194.3, 146.8, -170.6, -194.3, 205, 133, 63
L 195.8, -18.2, -194.3, 193.7, -22.2, -194.3, 102, 0, 204
L 117.5, -129.8, -194.3, 114.7, -129.8, -194.3, 102, 0, 204
L 146.8, -168.5, -194.3, 153.2, -168.5, -194.3, 205, 133, 63
L 59.8, -77.3, -161.2, 59.8, -69.7, -163.9, 178, 102, 255
L 235.3, -288.0, -214.3, 235.3, -290.1, -214.3, 205, 133, 63
L 230.6, -139.1, -194.3, 234.2, -137.1, -194.3, 102, 0, 204
L 333.0, -241.1, -234.3, 338.8, -241.1, -234.3, 205, 133, 63
L 311.7, -245.3, -234.3, 305.6, -245.3, -231.8, 102, 0, 204
L 146.8, -166.4, -194.3, 146.8, -168.5, -194.3, 205, 133, 63
L 327.2, -243.2, -234.3, 327.2, -245.3, -234.3, 102, 0, 204
L 203.4, -94.7, -194.3, 201.1, -94.7, -194.3, 102, 0, 204
L 146.7, -242.8, -194.3, 146.7, -244.9, -194.3, 205, 133, 63
L 140.9, -240.7, -194.3, 146.7, -240.7, -194.3, 205, 133, 63
L 553.1, -100.2, -236.4, 560.3, -93.2, -233.7, 102, 0, 204
L 419.6, -240.0, -234.3, 479.0, -240.0, -234.3, 102, 0, 204
L 545.4, -92.6, -236.4, 548.1, -97.3, -236.4, 102, 0, 204
L 419.6, -312.1, -234.3, 418.5, -307.7, -234.3, 102, 0, 204
L 560.3, -93.2, -233.7, 564.7, -87.9, -232.4, 102, 0, 204
L 558.3, -81.2, -232.4, 558.3, -46.5, -232.4, 102, 0, 204
L 430.5, -37.2, -234.3, 430.5, -20.0, -234.3, 102, 0, 204
L 107.7, -236.6, -194.3, 107.7, -174.6, -194.3, 102, 0, 204
L 489.2, -247.0, -234.3, 489.8, -240.0, -234.3, 102, 0, 204
L 114.8, -169.6, -194.3, 113.7, -174.0, -194.3, 102, 0, 204
L 112.6, -63.9, -128.5, 92.8, -63.9, -128.5, 155, 155, 155
L 79.6, -92.4, -155.9, 59.8, -92.4, -155.9, 155, 155, 155
L 203.4, -68.6, -194.3, 203.4, -66.5, -194.3, 102, 0, 204
L 125.9, -169.6, -194.3, 125.8, -170.8, -194.3, 102, 0, 204
L 551.1, -165.3, -234.3, 545.5, -158.5, -234.3, 102, 0, 204
L 504.7, -193.1, -234.3, 504.7, -195.8, -234.3, 102, 0, 204
L 221.4, -292.9, -214.3, 217.1, -292.9, -214.3, 102, 0, 204
L 159.9, -285.9, -196.8, 153.8, -285.9, -194.3, 102, 0, 204
L 333.0, -267.2, -234.3, 333.0, -269.3, -234.3, 205, 133, 63
L 133.8, -170.6, -194.3, 133.8, -168.5, -194.3, 102, 0, 204
L 221.4, -290.1, -214.3, 221.4, -292.9, -214.3, 102, 0, 204
L 184.2, -266.1, -206.8, 190.3, -266.1, -209.3, 102, 0, 204
L 227.4, -65.3, -194.3, 227.4, -63.7, -194.3, 102, 0, 204
L 241.1, -290.1, -214.3, 243.4, -290.1, -214.3, 102, 0, 204
L 159.9, -266.1, -196.8, 166.0, -266.1, -199.3, 102, 0, 204
L 154.7, -240.7, -194.3, 152.5, -240.7, -194.3, 102, 0, 204
L 269.2, -245.3, -216.8, 263.1, -245.3, -214.3, 102, 0, 204
L 269.2, -265.1, -216.8, 269.2, -245.3, -216.8, 155, 155, 155
L 411.5, -279.3, -234.3, 413.6, -279.3, -234.3, 205, 133, 63
L 196.4, -266.1, -211.8, 202.5, -266.1, -214.3, 102, 0, 204
L 190.3, -266.1, -209.3, 190.3, -285.9, -209.3, 155, 155, 155
L 235.3, -288.0, -214.3, 241.1, -288.0, -214.3, 205, 133, 63
L 153.7, -49.9, -194.3, 153.7, -70.7, -194.3, 102, 0, 204
L 516.7, -238.9, -234.3, 516.7, -241.0, -234.3, 205, 133, 63
L 132.8, -237.9, -194.3, 128.5, -237.9, -194.3, 102, 0, 204
L 172.0, -285.9, -201.8, 166.0, -285.9, -199.3, 102, 0, 204
L 299.5, -265.1, -229.3, 293.4, -265.1, -226.8, 102, 0, 204
L 184.2, -285.9, -206.8, 178.1, -285.9, -204.3, 102, 0, 204
L 209.3, -92.6, -194.3, 209.3, -94.7, -194.3, 205, 133, 63
L 243.4, -292.9, -214.3, 247.6, -292.9, -214.3, 102, 0, 204
L 223.6, -290.1, -214.3, 221.4, -290.1, -214.3, 102, 0, 204
L 140.3, -168.5, -194.3, 140.3, -170.6, -194.3, 205, 133, 63
L 333.0, -243.2, -234.3, 333.0, -245.3, -234.3, 205, 133, 63
L 159.9, -266.1, -196.8, 159.9, -285.9, -196.8, 155, 155, 155
L 196.4, -285.9, -211.8, 190.3, -285.9, -209.3, 102, 0, 204
L 209.3, -70.7, -194.3, 215.1, -70.7, -194.3, 205, 133, 63
L 135.0, -240.7, -194.3, 132.8, -240.7, -194.3, 102, 0, 204
L 99.8, -47.8, -125.0, 99.8, -49.9, -125.0, 205, 133, 63
L 161.7, -240.5, -194.3, 159.0, -240.5, -194.3, 102, 0, 204
L 166.0, -285.9, -199.3, 159.9, -285.9, -196.8, 102, 0, 204
L 516.7, -236.8, -234.3, 523.3, -236.8, -234.3, 205, 133, 63
L 250.3, -243.2, -214.3, 250.3, -245.3, -214.3, 205, 133, 63
L 135.0, -242.8, -194.3, 140.9, -242.8, -194.3, 205, 133, 63
L 346.9, -269.3, -234.3, 346.9, -272.1, -234.3, 102, 0, 204
L 220.9, -90.5, -194.3, 220.9, -70.7, -194.3, 155, 155, 155
L 317.5, -233.4, -234.3, 313.9, -231.4, -234.3, 102, 0, 204
L 178.1, -285.9, -204.3, 172.0, -285.9, -201.8, 102, 0, 204
L 263.1, -285.9, -214.3, 263.1, -265.1, -214.3, 102, 0, 204
L 223.1, -97.5, -194.3, 227.4, -97.5, -194.3, 102, 0, 204
L 416.4, -287.0, -234.3, 413.8, -287.0, -234.3, 102, 0, 204
L 196.9, -63.7, -194.3, 201.2, -63.7, -194.3, 102, 0, 204
L 234.7, -233.4, -214.3, 231.1, -231.4, -214.3, 102, 0, 204
L 354.4, -196.7, -234.3, 358.0, -198.7, -234.3, 102, 0, 204
L 210.3, -332.4, -214.3, 207.5, -334.5, -214.3, 102, 0, 204
L 213.9, -334.4, -214.3, 210.3, -332.4, -214.3, 102, 0, 204
L 313.9, -231.4, -234.3, 311.1, -233.5, -234.3, 102, 0, 204
L 193.4, -95.9, -194.3, 195.8, -98.4, -194.3, 102, 0, 204
L 311.1, -233.5, -234.3, 311.1, -196.6, -234.3, 102, 0, 204
L 486.7, -27.2, -234.3, 479.9, -32.9, -234.3, 102, 0, 204
L 193.7, -139.1, -194.3, 190.1, -137.1, -194.3, 102, 0, 204
L 223.1, -66.5, -194.3, 220.9, -66.5, -194.3, 102, 0, 204
L 297.0, -117.3, -215.8, 294.5, -112.9, -215.8, 102, 0, 204
L 231.1, -231.4, -214.3, 228.3, -233.5, -214.3, 102, 0, 204
L 294.2, -45.7, -215.8, 295.7, -41.1, -215.8, 102, 0, 204
L 193.4, -95.9, -194.3, 196.9, -95.9, -194.3, 102, 0, 204
L 271.9, -239.9, -214.3, 268.4, -239.9, -214.3, 102, 0, 204
L 72.8, -94.0, -194.3, 75.2, -96.5, -194.3, 102, 0, 204
L 488.7, -165.7, -234.3, 494.3, -158.9, -234.3, 102, 0, 204
L 271.9, -239.9, -214.3, 269.5, -237.4, -214.3, 102, 0, 204
L 486.6, -151.2, -234.3, 479.9, -156.9, -234.3, 102, 0, 204
L 317.2, -239.9, -234.3, 319.6, -237.4, -234.3, 102, 0, 204
L 236.8, -237.4, -214.3, 234.7, -233.4, -214.3, 102, 0, 204
L 213.9, -297.8, -214.3, 210.3, -299.8, -214.3, 102, 0, 204
L 195.8, -98.4, -194.3, 193.7, -102.4, -194.3, 102, 0, 204
L 271.6, -233.4, -214.3, 275.2, -231.4, -214.3, 102, 0, 204
L 69.5, -102.5, -194.3, 66.7, -100.4, -194.3, 102, 0, 204
L 153.7, -49.9, -194.3, 120.3, -49.9, -194.3, 102, 0, 204
L 213.6, -291.3, -214.3, 216.0, -293.8, -214.3, 102, 0, 204
L 548.2, -30.2, -236.4, 552.9, -28.0, -235.1, 102, 0, 204
L 359.2, -113.2, -215.8, 359.2, -46.4, -215.8, 102, 0, 204
L 216.0, -338.4, -214.3, 213.9, -334.4, -214.3, 102, 0, 204
L 287.1, -98.5, -215.8, 287.1, -112.8, -215.8, 102, 0, 204
L 230.9, -65.3, -194.3, 227.4, -65.3, -194.3, 102, 0, 204
L 213.6, -340.9, -214.3, 216.0, -338.4, -214.3, 102, 0, 204
L 230.9, -65.3, -194.3, 228.5, -62.8, -194.3, 102, 0, 204
L 479.0, -312.1, -234.3, 419.6, -312.1, -234.3, 102, 0, 204
L 545.2, -35.3, -236.4, 548.2, -30.2, -236.4, 102, 0, 204
L 210.3, -299.8, -214.3, 207.5, -297.7, -214.3, 102, 0, 204
L 319.6, -237.4, -234.3, 317.5, -233.4, -234.3, 102, 0, 204
L 207.5, -334.5, -214.3, 207.5, -297.7, -214.3, 102, 0, 204
L 213.6, -291.3, -214.3, 217.1, -291.3, -214.3, 102, 0, 204
L 556.0, -307.1, -234.3, 550.0, -307.7, -234.3, 102, 0, 204
L 230.6, -58.8, -194.3, 234.2, -56.8, -194.3, 102, 0, 204
L 299.5, -245.3, -229.3, 293.4, -245.3, -226.8, 102, 0, 204
L 554.9, -196.7, -234.3, 537.9, -196.7, -234.3, 102, 0, 204
L 270.6, -70.7, -215.8, 286.1, -70.7, -215.8, 102, 0, 204
L 234.4, -239.9, -214.3, 236.8, -237.4, -214.3, 102, 0, 204
L 297.0, -117.3, -215.8, 294.2, -120.7, -215.8, 102, 0, 204
L 241.1, -285.9, -214.3, 263.1, -285.9, -214.3, 102, 0, 204
L 484.9, -168.9, -234.3, 488.7, -165.7, -234.3, 102, 0, 204
L 489.8, -240.0, -234.3, 489.8, -240.0, -234.3, 102, 0, 204
L 202.5, -285.9, -214.3, 196.4, -285.9, -211.8, 102, 0, 204
L 72.8, -143.7, -194.3, 75.2, -141.2, -194.3, 102, 0, 204
L 220.9, -70.7, -194.3, 227.1, -70.7, -197.0, 102, 0, 204
L 229.5, -285.9, -214.3, 229.5, -288.0, -214.3, 205, 133, 63
L 159.0, -240.5, -194.3, 159.0, -237.9, -194.3, 102, 0, 204
L 295.7, -41.1, -215.8, 294.3, -35.9, -215.8, 102, 0, 204
L 190.3, -266.1, -209.3, 196.4, -266.1, -211.8, 102, 0, 204
L 504.7, -195.8, -234.3, 502.1, -195.8, -234.3, 102, 0, 204
L 484.1, -303.6, -234.3, 489.2, -305.0, -234.3, 102, 0, 204
L 140.9, -242.8, -194.3, 140.9, -244.9, -194.3, 205, 133, 63
L 227.4, -97.5, -194.3, 227.4, -95.9, -194.3, 102, 0, 204
L 290.1, -110.4, -215.8, 294.5, -112.9, -215.8, 102, 0, 204
L 223.7, -288.0, -214.3, 229.5, -288.0, -214.3, 205, 133, 63
L 344.6, -241.1, -234.3, 344.7, -245.3, -234.3, 102, 0, 204
L 320.7, -239.9, -234.3, 317.2, -239.9, -234.3, 102, 0, 204
L 305.6, -265.1, -231.8, 299.5, -265.1, -229.3, 102, 0, 204
L 294.2, -120.7, -215.8, 351.7, -120.7, -215.8, 102, 0, 204
L 287.1, -112.8, -215.8, 290.1, -110.4, -215.8, 102, 0, 204
L 281.3, -245.3, -221.8, 275.2, -245.3, -219.3, 102, 0, 204
L 223.1, -94.7, -194.3, 223.1, -97.5, -194.3, 102, 0, 204
L 229.5, -290.1, -214.3, 235.3, -290.1, -214.3, 205, 133, 63
L 153.2, -170.6, -194.3, 154.7, -170.6, -194.3, 102, 0, 204
L 154.7, -170.6, -194.3, 154.7, -173.4, -194.3, 102, 0, 204
L 133.8, -285.9, -194.3, 153.8, -285.9, -194.3, 102, 0, 204
L 133.8, -69.7, -194.3, 120.3, -69.7, -194.3, 102, 0, 204
L 281.3, -265.1, -221.8, 275.2, -265.1, -219.3, 102, 0, 204
L 133.7, -108.9, -194.3, 133.8, -69.7, -194.3, 102, 0, 204
L 116.4, -134.1, -194.3, 116.4, -137.3, -194.3, 102, 0, 204
L 351.9, -36.2, -215.8, 350.7, -40.8, -215.8, 102, 0, 204
L 281.3, -265.1, -221.8, 281.3, -245.3, -221.8, 155, 155, 155
L 348.9, -117.3, -215.8, 351.4, -112.9, -215.8, 102, 0, 204
L 270.6, -90.5, -215.8, 270.6, -70.7, -215.8, 155, 155, 155
L 348.9, -117.3, -215.8, 351.7, -120.7, -215.8, 102, 0, 204
L 293.4, -265.1, -226.8, 293.4, -245.3, -226.8, 155, 155, 155
L 178.1, -266.1, -204.3, 178.1, -285.9, -204.3, 155, 155, 155
L 327.2, -241.1, -234.3, 327.2, -243.2, -234.3, 102, 0, 204
L 350.7, -40.8, -215.8, 352.0, -45.7, -215.8, 102, 0, 204
L 153.8, -266.1, -194.3, 159.9, -266.1, -196.8, 102, 0, 204
L 510.1, -241.0, -234.3, 510.1, -238.9, -234.3, 102, 0, 204
L 178.1, -266.1, -204.3, 184.2, -266.1, -206.8, 102, 0, 204
L 154.8, -237.9, -194.3, 154.7, -240.7, -194.3, 102, 0, 204
L 293.4, -245.3, -226.8, 287.4, -245.3, -224.3, 102, 0, 204
L 227.4, -95.9, -194.3, 230.9, -95.9, -194.3, 102, 0, 204
L 243.4, -290.1, -214.3, 243.4, -292.9, -214.3, 102, 0, 204
L 243.3, -266.1, -214.3, 243.3, -245.3, -214.3, 102, 0, 204
L 209.3, -68.6, -194.3, 209.3, -70.7, -194.3, 205, 133, 63
L 159.0, -237.9, -194.3, 154.8, -237.9, -194.3, 102, 0, 204
L 305.6, -245.3, -231.8, 299.5, -245.3, -229.3, 102, 0, 204
L 112.0, -49.9, -125.0, 112.6, -49.9, -125.0, 178, 102, 255
L 119.6, -122.1, -194.3, 121.7, -122.1, -194.3, 205, 133, 63
L 229.5, -288.0, -214.3, 229.5, -290.1, -214.3, 205, 133, 63
L 132.8, -240.7, -194.3, 132.8, -237.9, -194.3, 102, 0, 204
L 229.5, -285.9, -214.3, 235.3, -285.9, -214.3, 205, 133, 63
L 293.4, -265.1, -226.8, 287.4, -265.1, -224.3, 102, 0, 204
L 299.5, -265.1, -229.3, 299.5, -245.3, -229.3, 155, 155, 155
L 305.6, -265.1, -231.8, 305.6, -245.3, -231.8, 155, 155, 155
L 190.1, -104.4, -194.3, 187.3, -102.3, -194.3, 102, 0, 204
L 114.7, -103.6, -194.3, 114.7, -107.9, -194.3, 102, 0, 204
L 352.3, -192.7, -234.3, 354.4, -196.7, -234.3, 102, 0, 204
L 234.2, -56.8, -194.3, 237.0, -58.9, -194.3, 102, 0, 204
L 133.8, -128.8, -194.3, 117.5, -128.7, -194.3, 102, 0, 204
L 317.2, -190.2, -234.3, 354.7, -190.2, -234.3, 102, 0, 204
L 476.5, -160.9, -234.3, 450.6, -160.9, -234.3, 102, 0, 204
L 358.0, -198.7, -234.3, 360.8, -196.6, -234.3, 102, 0, 204
L 284.0, -83.9, -215.8, 286.1, -83.9, -215.8, 205, 133, 63
L 489.2, -305.0, -234.3, 489.8, -312.1, -234.3, 102, 0, 204
L 216.0, -293.8, -214.3, 213.9, -297.8, -214.3, 102, 0, 204
L 270.6, -90.5, -215.8, 286.1, -90.5, -215.8, 102, 0, 204
L 201.2, -66.5, -194.3, 201.2, -63.7, -194.3, 102, 0, 204
L 509.0, -195.9, -234.3, 509.0, -193.1, -234.3, 102, 0, 204
L 250.8, -334.4, -214.3, 254.4, -332.4, -214.3, 102, 0, 204
L 358.0, -231.4, -234.3, 360.8, -233.5, -234.3, 102, 0, 204
L 193.7, -102.4, -194.3, 190.1, -104.4, -194.3, 102, 0, 204
L 479.7, -305.0, -234.3, 479.0, -312.1, -234.3, 102, 0, 204
L 248.7, -293.8, -214.3, 250.8, -297.8, -214.3, 102, 0, 204
L 113.6, -102.5, -194.3, 116.4, -100.4, -194.3, 102, 0, 204
L 228.5, -98.4, -194.3, 230.6, -102.4, -194.3, 102, 0, 204
L 479.9, -32.9, -234.3, 476.9, -37.2, -234.3, 102, 0, 204
L 110.3, -94.0, -194.3, 107.9, -96.5, -194.3, 102, 0, 204
L 494.3, -158.9, -234.3, 491.7, -154.1, -234.3, 102, 0, 204
L 416.4, -287.0, -234.3, 416.4, -291.3, -234.3, 102, 0, 204
L 119.6, -108.9, -194.3, 133.7, -108.9, -194.3, 102, 0, 204
L 556.0, -245.0, -234.3, 550.0, -244.4, -234.3, 102, 0, 204
L 529.9, -195.9, -234.3, 510.0, -195.9, -234.3, 155, 155, 155
L 530.9, -195.9, -234.3, 529.9, -195.9, -234.3, 102, 0, 204
L 531.0, -193.1, -234.3, 530.9, -195.9, -234.3, 102, 0, 204
L 531.0, -193.1, -234.3, 509.0, -193.1, -234.3, 155, 155, 155
L 510.0, -195.9, -234.3, 509.0, -195.9, -234.3, 102, 0, 204
L 190.1, -137.1, -194.3, 187.3, -139.2, -194.3, 102, 0, 204
L 234.5, -190.2, -214.3, 236.9, -192.7, -214.3, 102, 0, 204
L 352.3, -273.0, -234.3, 354.4, -277.0, -234.3, 102, 0, 204
L 110.3, -143.7, -194.3, 72.8, -143.7, -194.3, 102, 0, 204
L 491.7, -154.1, -234.3, 486.6, -151.2, -234.3, 102, 0, 204
L 119.6, -128.7, -194.3, 119.6, -122.1, -194.3, 205, 133, 63
L 291.0, -91.6, -215.8, 288.3, -91.6, -215.8, 102, 0, 204
L 251.1, -340.9, -214.3, 248.7, -338.4, -214.3, 102, 0, 204
L 288.3, -65.4, -215.8, 288.3, -62.7, -215.8, 102, 0, 204
L 313.9, -278.9, -234.3, 311.1, -276.8, -234.3, 102, 0, 204
L 286.1, -90.5, -215.8, 286.1, -83.9, -215.8, 205, 133, 63
L 223.1, -66.5, -194.3, 223.1, -63.7, -194.3, 102, 0, 204
L 491.6, -30.0, -234.3, 486.7, -27.2, -234.3, 102, 0, 204
L 488.9, -41.9, -234.3, 494.7, -34.9, -234.3, 102, 0, 204
L 117.5, -122.1, -194.3, 117.5, -115.5, -194.3, 205, 133, 63
L 484.9, -45.2, -234.3, 488.9, -41.9, -234.3, 102, 0, 204
L 479.9, -156.9, -234.3, 476.5, -160.9, -234.3, 102, 0, 204
L 494.7, -34.9, -234.3, 491.6, -30.0, -234.3, 102, 0, 204
L 450.6, -90.5, -234.3, 450.6, -160.9, -234.3, 102, 0, 204
L 228.5, -62.8, -194.3, 230.6, -58.8, -194.3, 102, 0, 204
L 346.9, -241.1, -234.3, 346.9, -238.2, -234.3, 102, 0, 204
L 230.9, -145.6, -194.3, 193.4, -145.6, -194.3, 102, 0, 204
L 94.0, -47.8, -125.0, 99.8, -47.8, -125.0, 205, 133, 63
L 239.6, -90.5, -202.4, 233.4, -90.5, -199.7, 102, 0, 204
L 257.2, -297.7, -214.3, 257.2, -334.5, -214.3, 102, 0, 204
L 111.4, -47.8, -125.0, 111.4, -45.7, -125.0, 178, 102, 255
L 99.8, -45.7, -125.0, 105.6, -45.7, -125.0, 205, 133, 63
L 271.9, -190.2, -214.3, 269.5, -192.7, -214.3, 102, 0, 204
L 562.1, -44.3, -232.4, 558.3, -46.5, -232.4, 102, 0, 204
L 105.6, -45.7, -125.0, 105.6, -47.8, -125.0, 205, 133, 63
L 190.1, -56.8, -194.3, 187.3, -58.9, -194.3, 102, 0, 204
L 564.7, -39.8, -232.4, 562.1, -44.3, -232.4, 102, 0, 204
L 354.7, -190.2, -234.3, 352.3, -192.7, -234.3, 102, 0, 204
L 278.0, -196.6, -214.3, 278.0, -233.5, -214.3, 102, 0, 204
L 324.9, -238.2, -234.3, 320.7, -238.2, -234.3, 102, 0, 204
L 99.8, -49.9, -125.0, 105.6, -49.9, -125.0, 205, 133, 63
L 327.2, -241.1, -234.3, 324.9, -241.1, -234.3, 102, 0, 204
L 242.2, -238.2, -214.3, 237.9, -238.2, -214.3, 102, 0, 204
L 351.2, -239.9, -234.3, 351.2, -238.2, -234.3, 102, 0, 204
L 209.3, -90.5, -194.3, 215.1, -90.5, -194.3, 205, 133, 63
L 99.8, -45.7, -125.0, 99.8, -47.8, -125.0, 205, 133, 63
L 261.9, -243.2, -214.3, 261.9, -245.3, -214.3, 102, 0, 204
L 227.1, -70.7, -197.0, 227.1, -90.5, -197.0, 155, 155, 155
L 114.7, -129.8, -194.3, 114.7, -134.1, -194.3, 102, 0, 204
L 105.6, -47.8, -125.0, 111.4, -47.8, -125.0, 205, 133, 63
L 313.9, -198.7, -234.3, 311.1, -196.6, -234.3, 102, 0, 204
L 227.1, -70.7, -197.0, 233.4, -70.7, -199.7, 102, 0, 204
L 117.5, -115.5, -194.3, 119.6, -115.5, -194.3, 205, 133, 63
L 324.9, -238.2, -234.3, 324.9, -241.1, -234.3, 102, 0, 204
L 110.0, -137.2, -194.3, 113.6, -135.2, -194.3, 102, 0, 204
L 288.3, -69.6, -215.8, 288.3, -70.7, -215.8, 102, 0, 204
L 552.9, -28.0, -235.1, 559.5, -33.6, -232.4, 102, 0, 204
L 110.3, -143.7, -194.3, 107.9, -141.2, -194.3, 102, 0, 204
L 548.9, -312.1, -234.3, 489.8, -312.1, -234.3, 102, 0, 204
L 275.2, -198.7, -214.3, 278.0, -196.6, -214.3, 102, 0, 204
L 413.8, -291.3, -234.3, 413.8, -293.9, -234.3, 102, 0, 204
L 239.6, -70.7, -202.4, 239.6, -90.5, -202.4, 155, 155, 155
L 119.6, -115.5, -194.3, 119.6, -108.9, -194.3, 205, 133, 63
L 320.7, -239.9, -234.3, 320.7, -238.2, -234.3, 102, 0, 204
L 187.3, -58.9, -194.3, 187.3, -22.1, -194.3, 102, 0, 204
L 209.3, -94.7, -194.3, 215.1, -94.7, -194.3, 205, 133, 63
L 269.5, -192.7, -214.3, 271.6, -196.7, -214.3, 102, 0, 204
L 94.0, -47.8, -125.0, 94.0, -45.7, -125.0, 178, 102, 255
L 261.9, -245.3, -214.3, 263.1, -245.3, -214.3, 102, 0, 204
L 288.2, -83.9, -215.8, 288.2, -77.3, -215.8, 205, 133, 63
L 412.5, -293.9, -234.3, 413.8, -293.9, -234.3, 102, 0, 204
L 113.6, -135.2, -194.3, 116.4, -137.3, -194.3, 102, 0, 204
L 117.5, -108.9, -194.3, 119.6, -108.9, -194.3, 102, 0, 204
L 351.2, -238.2, -234.3, 346.9, -238.2, -234.3, 102, 0, 204
L 354.7, -320.1, -234.3, 352.3, -317.6, -234.3, 102, 0, 204
L 105.6, -47.8, -125.0, 105.6, -49.9, -125.0, 205, 133, 63
L 107.9, -141.2, -194.3, 110.0, -137.2, -194.3, 102, 0, 204
L 261.9, -241.1, -214.3, 261.9, -243.2, -214.3, 102, 0, 204
L 559.5, -33.6, -232.4, 564.7, -39.8, -232.4, 102, 0, 204
L 360.8, -276.9, -234.3, 360.8, -313.7, -234.3, 102, 0, 204
L 110.0, -100.5, -194.3, 113.6, -102.5, -194.3, 102, 0, 204
L 413.8, -287.0, -234.3, 413.8, -285.9, -234.3, 102, 0, 204
L 317.2, -190.2, -234.3, 319.6, -192.7, -234.3, 102, 0, 204
L 75.2, -96.5, -194.3, 73.1, -100.5, -194.3, 102, 0, 204
L 317.2, -270.4, -234.3, 320.7, -270.4, -234.3, 102, 0, 204
L 556.0, -245.0, -234.3, 556.0, -307.1, -234.3, 102, 0, 204
L 117.5, -128.7, -194.3, 117.5, -129.8, -194.3, 102, 0, 204
L 284.0, -83.9, -215.8, 284.0, -77.3, -215.8, 205, 133, 63
L 193.4, -145.6, -194.3, 195.8, -143.1, -194.3, 102, 0, 204
L 72.8, -94.0, -194.3, 110.3, -94.0, -194.3, 102, 0, 204
L 228.3, -233.5, -214.3, 228.4, -196.6, -214.3, 102, 0, 204
L 234.8, -196.7, -214.3, 231.2, -198.7, -214.3, 102, 0, 204
L 193.7, -22.2, -194.3, 190.1, -24.2, -194.3, 102, 0, 204
L 195.8, -62.8, -194.3, 193.7, -58.8, -194.3, 102, 0, 204
L 251.1, -291.3, -214.3, 248.7, -293.8, -214.3, 102, 0, 204
L 117.5, -122.1, -194.3, 119.6, -122.1, -194.3, 205, 133, 63
L 73.1, -100.5, -194.3, 69.5, -102.5, -194.3, 102, 0, 204
L 203.4, -90.5, -194.3, 203.4, -92.6, -194.3, 102, 0, 204
L 73.1, -137.2, -194.3, 69.5, -135.2, -194.3, 102, 0, 204
L 411.5, -285.9, -234.3, 413.8, -285.9, -234.3, 102, 0, 204
L 112.3, -45.4, -125.3, 112.3, -37.5, -125.3, 178, 102, 255
L 227.1, -90.5, -197.0, 220.9, -90.5, -194.3, 102, 0, 204
L 234.5, -190.2, -214.3, 271.9, -190.2, -214.3, 102, 0, 204
L 236.9, -192.7, -214.3, 234.8, -196.7, -214.3, 102, 0, 204
L 317.5, -276.9, -234.3, 313.9, -278.9, -234.3, 102, 0, 204
L 248.7, -338.4, -214.3, 250.8, -334.4, -214.3, 102, 0, 204
L 352.3, -237.4, -234.3, 354.4, -233.4, -234.3, 102, 0, 204
L 190.1, -24.2, -194.3, 187.3, -22.1, -194.3, 102, 0, 204
L 237.9, -239.9, -214.3, 237.9, -238.2, -214.3, 102, 0, 204
L 119.6, -115.5, -194.3, 121.7, -115.5, -194.3, 205, 133, 63
L 254.4, -332.4, -214.3, 257.2, -334.5, -214.3, 102, 0, 204
L 107.9, -96.5, -194.3, 110.0, -100.5, -194.3, 102, 0, 204
L 172.7, -169.6, -194.3, 173.8, -174.0, -194.3, 102, 0, 204
L 551.6, -43.0, -236.4, 545.2, -35.3, -236.4, 102, 0, 204
L 193.4, -15.7, -194.3, 195.8, -18.2, -194.3, 102, 0, 204
L 69.5, -135.2, -194.3, 66.7, -137.3, -194.3, 102, 0, 204
L 187.3, -139.2, -194.3, 187.3, -102.3, -194.3, 102, 0, 204
L 75.2, -141.2, -194.3, 73.1, -137.2, -194.3, 102, 0, 204
L 354.7, -270.5, -234.3, 351.2, -270.4, -234.3, 102, 0, 204
L 287.1, -98.5, -215.8, 288.3, -98.5, -215.8, 102, 0, 204
L 288.3, -95.9, -215.8, 288.3, -98.5, -215.8, 102, 0, 204
L 413.8, -291.3, -234.3, 416.4, -291.3, -234.3, 102, 0, 204
L 286.1, -70.7, -215.8, 288.3, -70.7, -215.8, 102, 0, 204
L 269.5, -237.4, -214.3, 271.6, -233.4, -214.3, 102, 0, 204
L 275.2, -231.4, -214.3, 278.0, -233.5, -214.3, 102, 0, 204
L 291.0, -69.6, -215.8, 288.3, -69.6, -215.8, 102, 0, 204
L 114.7, -107.9, -194.3, 117.5, -107.9, -194.3, 102, 0, 204
L 548.9, -312.1, -234.3, 550.0, -307.7, -234.3, 102, 0, 204
L 251.1, -340.9, -214.3, 213.6, -340.9, -214.3, 102, 0, 204
L 286.1, -83.9, -215.8, 288.2, -83.9, -215.8, 205, 133, 63
L 223.2, -63.7, -194.3, 223.1, -63.7, -194.3, 102, 0, 204
L 195.8, -143.1, -194.3, 193.7, -139.1, -194.3, 102, 0, 204
L 234.2, -104.4, -194.3, 237.0, -102.3, -194.3, 102, 0, 204
L 354.7, -239.9, -234.3, 352.3, -237.4, -234.3, 102, 0, 204
L 317.5, -196.7, -234.3, 313.9, -198.7, -234.3, 102, 0, 204
L 552.1, -28.1, -235.1, 547.1, -13.6, -235.1, 155, 155, 155
L 360.3, -12.0, -215.8, 370.9, -12.0, -215.8, 102, 0, 204
L 358.2, -12.0, -215.8, 358.2, -13.1, -215.8, 102, 0, 204
L 534.4, -2.1, -236.4, 544.7, 10.2, -236.4, 155, 155, 155
L 534.4, -2.1, -236.4, 544.7, -14.4, -236.4, 155, 155, 155
L 287.1, -35.3, -215.8, 287.1, 31.1, -215.8, 102, 0, 204
