P 1406.0000, -257.0000, -43.0000,  240, 0, 0,  3,  to_Umbral_Plains
P -624.0000, 7.0000, 124.0000,  240, 240, 0,  2,  Fake_Wall
P -1417.0000, 1.0000, 124.0000,  240, 240, 0,  2,  Third_Floor
P 608.0000, 1.0000, -47.0000,  240, 240, 0,  2,  Courtyard_Center
P -150.0000, -392.0000, -1.0000,  240, 240, 0,  2,  to_Courtyard_North
P 536.0000, -447.0000, -37.0000,  240, 240, 0,  2,  Courtyard_North
P -151.0000, 387.0000, -1.0000,  240, 240, 0,  2,  to_Courtyard_South
P 548.0000, 341.0000, -35.0000,  240, 240, 0,  2,  Courtyard_South
P -1518.0000, 0.0000, 61.0000,  240, 240, 0,  2,  to_Third_Floor
P -832.0000, 483.0000, 128.0000,  240, 240, 0,  2,  to_Third_Floor_East
P -908.0000, -1.0000, 124.0000,  240, 240, 0,  2,  Third_Floor_East
P -653.0000, 0.0000, 124.0000,  240, 240, 0,  2,  to_Courtyard_Center
P 43.0000, 0.0000, 128.0000,  240, 240, 0,  2,  to_Fourth_Floor
P -1097.0000, 12.0000, 233.0000,  240, 240, 0,  2,  Fourth_Floor
P 316.0000, -742.0000, -39.0000,  240, 240, 0,  2,  Courtyard_Far_North
P -832.0000, -483.0000, 128.0000,  240, 240, 0,  2,  to_Third_Floor_East
P -1443.0000, 24.0000, 233.0000,  240, 240, 0,  2,  to_Courtyard_Far_South
P -1443.0000, -24.0000, 233.0000,  240, 240, 0,  2,  to_Courtyard_Far_North
P 330.0000, 575.0000, -39.2266,  240, 240, 0,  2,  Courtyard_Far_South
P 1232.0000, -281.0000, -43.0000,  0, 127, 127,  2,  Akhevan_Scrying_Bowl_(Quests)
P -71.0000, 572.0000, -1.0000,  0, 127, 127,  2,  Samuel_Jezra_(Quests)
P -64.0000, 571.0000, -1.0000,  0, 127, 127,  2,  Cissela_Regnar_(Quests)
