P 721.5870, -351.6858, -26.2063,  240, 0, 0,  3,  X
P 1140.6803, 1093.3495, 27.3436,  0, 127, 127,  3,  X
P 1050.5503, 1155.2234, 31.7937,  0, 127, 127,  3,  X
P 928.7289, 1558.6707, 18.2530,  0, 127, 127,  3,  X
P 1383.7394, 1366.3423, 14.9927,  0, 127, 127,  3,  X
P 1158.3860, 1281.6841, 17.3749,  0, 127, 127,  3,  X
P 869.7554, 1354.2096, -0.2063,  0, 127, 127,  3,  X
P 728.1284, 1534.0569, 16.6407,  0, 127, 127,  3,  X
P 963.2286, 860.1093, 20.3577,  0, 127, 127,  3,  X
P 1063.1698, 603.5325, 18.5528,  0, 127, 127,  3,  X
P 1087.3456, 621.0573, 3.3505,  0, 127, 127,  3,  X
P -128.6725, 474.4774, 1.3618,  0, 127, 127,  3,  X
P 166.9557, 50.9776, 1.3852,  0, 127, 127,  3,  X
P 287.3640, -15.9474, -16.6507,  0, 127, 127,  3,  X
P 508.5486, 429.8600, -8.2861,  240, 0, 0,  3,  X
P 608.5021, 419.2359, -9.2407,  240, 0, 0,  3,  X
P 1633.8473, -1186.7776, 17.3627,  240, 0, 0,  3,  X
P 1257.8340, -1077.6471, 19.5332,  240, 0, 0,  3,  X
P 366.7481, -1038.2449, 19.3527,  240, 0, 0,  3,  X
P 1022.2971, -595.3494, 19.4996,  240, 0, 0,  3,  X
P -93.1169, 787.0740, 20.3631,  0, 127, 127,  3,  X
P -88.3018, 1342.8534, 20.3623,  0, 127, 127,  3,  X
P 1826.0243, -1146.5448, 44.3515,  240, 0, 0,  3,  X
P 866.6990, -345.7963, -24.6586,  240, 0, 0,  3,  X
P 358.9074, -1088.3147, 19.3316,  240, 0, 0,  3,  X
P 1499.5739, -1435.7240, 17.3500,  240, 0, 0,  3,  X
P 1410.3959, -1286.4181, 11.3457,  240, 0, 0,  3,  X
P 1174.6558, -169.9116, -24.6620,  240, 0, 0,  3,  X
P 567.7972, -5.5871, -24.6442,  240, 0, 0,  3,  X
P 737.6870, 529.3074, 26.8422,  0, 127, 127,  3,  X
P 106.5506, -232.4555, 1.1373,  0, 127, 127,  3,  X
P 80.7200, 517.3412, 0.9511,  0, 127, 127,  3,  X
P -59.8284, 418.9048, 12.9633,  0, 127, 127,  3,  X
P 657.2809, -441.4669, -7.9093,  240, 0, 0,  3,  X
P 518.2187, -579.2997, 27.0349,  240, 0, 0,  3,  X
P 450.1956, -596.5245, 22.9669,  240, 0, 0,  3,  X
P 1597.8169, -269.9582, 3.7559,  240, 0, 0,  3,  X
P 1531.7863, -1328.4856, 16.9503,  240, 0, 0,  3,  X
P 959.2217, 1177.7134, 19.9565,  0, 127, 127,  3,  X
P 730.7750, 1456.1415, 0.9519,  0, 127, 127,  3,  X
P 1318.6078, 1445.4054, 16.1569,  0, 127, 127,  3,  X
P 1119.1410, 1367.3268, 0.9568,  0, 127, 127,  3,  X
P 990.0580, 1366.5160, 0.9549,  0, 127, 127,  3,  X
P 326.6600, 543.9525, 19.9577,  0, 127, 127,  3,  X
P 61.6423, 612.5077, 8.5465,  0, 127, 127,  3,  X
P -216.1424, 46.6431, 0.9595,  0, 127, 127,  3,  X
P 241.7534, 91.7540, -17.0346,  0, 127, 127,  3,  X
P 238.4407, -123.3309, -17.0430,  0, 127, 127,  3,  X
P -6.0533, 716.4495, 25.6243,  0, 127, 127,  3,  X
P -3.4976, 1365.6901, 19.9600,  0, 127, 127,  3,  X
P 18.8704, 482.5226, 0.9473,  0, 127, 127,  3,  X
P 447.8940, 1.6825, -25.0468,  240, 0, 0,  3,  X
P 519.8367, 130.8220, -25.0463,  240, 0, 0,  3,  X
P 1376.0552, -1428.6537, 16.9472,  240, 0, 0,  3,  X
P 821.7532, -349.8111, -13.0519,  240, 0, 0,  3,  X
P 588.0391, -511.5182, -25.0429,  240, 0, 0,  3,  X
P 815.4734, -1195.4386, 32.9561,  240, 0, 0,  3,  X
P -164.0775, -226.8932, 0.9625,  0, 127, 127,  3,  X
P 1020.1180, -132.1698, -23.0115,  240, 0, 0,  3,  X
P 962.0608, -1182.6023, 20.9608,  240, 0, 0,  3,  X
P 304.3654, -1162.3583, 18.9617,  240, 0, 0,  3,  X
P 1121.3411, 1368.9441, 0.9464,  0, 0, 0,  1,  P
P 677.0966, 1219.9369, 16.1487,  0, 127, 127,  3,  X
P 876.1977, 503.6730, 0.9588,  0, 127, 127,  3,  X
P 19.1434, 478.8536, 0.9555,  0, 0, 0,  1,  P
P 1226.8505, -293.3804, -1.0333,  240, 0, 0,  3,  X
P 1429.5248, -1650.0264, 15.7936,  240, 0, 0,  2,  Quiet_as_a_Church
P 1429.5248, -1750.0264, 15.7936,  0, 0, 0,  2,  Lingering_Shadows:_Drop_in_Mission_from_Akhevans
P 923.6194, 1800.1078, 14.9937,  0, 127, 127,  2,  Path_of_Shadow,_Protected_by_Blood
P 923.6194, 1900.1078, 14.9937,  0, 0, 0,  2,  Sacrificial_Artifacts:_Drop_from_Shades
P 720.2866, 615.1462, 20.1048,  0, 127, 127,  3,  X
P 472.2928, 1413.7610, 18.7057,  0, 127, 127,  3,  X
P 572.8895, 1332.9163, 12.5198,  0, 127, 127,  3,  X
P 1178.5276, 1014.7188, 32.8542,  0, 127, 127,  3,  X
