P 1008.1871, 275.5477, 253.5560,  0, 127, 127,  3,  X
P 923.5175, -379.4900, 253.5560,  0, 127, 127,  3,  X
P 1122.4513, -237.0845, 253.5560,  0, 127, 127,  3,  X
P 506.3073, -3.5343, 321.0434,  0, 127, 127,  3,  X
P 1008.6989, 505.2032, 253.5560,  0, 127, 127,  3,  X
P 226.4390, -124.2856, -23.6198,  0, 127, 127,  3,  X
P 258.3780, -96.6758, -23.6198,  0, 127, 127,  3,  X
P 455.4215, 168.1631, -23.6198,  0, 127, 127,  3,  X
P 303.8484, -57.8929, -124.7695,  240, 0, 0,  3,  X
P 522.9081, -138.2512, -126.7475,  240, 0, 0,  3,  X
P 405.4229, 108.2789, -126.7475,  240, 0, 0,  3,  X
P 320.3349, -206.4975, -236.1986,  240, 0, 0,  3,  X
P 540.3918, -279.1408, -232.6131,  240, 0, 0,  3,  X
P 507.3957, -106.8961, -234.1957,  240, 0, 0,  3,  X
P 21.0582, -326.6933, -18.9361,  0, 127, 127,  3,  X
P 490.3228, 171.7944, -124.5143,  240, 0, 0,  3,  X
P 14.4940, 325.2058, -19.4254,  0, 127, 127,  3,  X
P 513.3630, -147.6909, -22.4946,  0, 127, 127,  3,  X
P 168.4756, 50.0144, -23.3239,  0, 127, 127,  3,  X
P 776.3781, -650.0000, 0.0000,  0, 127, 127,  2,  Basilica_Sentencings
P 776.3781, -750.0000, 0.0000,  0, 0, 0,  2,  Gargoyle_Fragments:_Drop_from_Gargoyles
P 776.3781, 650.0000, 0.0000,  240, 0, 0,  2,  Correspondance_from_Lcea_Katta
P 776.3781, 750.0000, 0.0000,  0, 0, 0,  2,  Prisoner_Grub:_Drop_from_Akhevans,_Attendants_and_Servants
P -30.1005, 372.5797, -121.9759,  240, 0, 0,  3,  X
P -84.5086, 310.2440, -123.3524,  240, 0, 0,  3,  X
P 29.3314, -376.4635, -121.9708,  240, 0, 0,  3,  X
P -81.5130, -314.9322, -123.3507,  240, 0, 0,  3,  X
P 426.6633, 149.2638, 49.1548,  0, 127, 127,  3,  X
P 519.2742, 130.7955, 49.1452,  0, 127, 127,  3,  X
P 365.7279, 163.2398, 51.4230,  0, 127, 127,  3,  X
P 310.1236, 104.3170, 49.1558,  0, 127, 127,  3,  X
P 1009.7136, -506.3748, 254.7201,  0, 127, 127,  3,  X
P 756.1669, -373.8757, 322.1979,  0, 127, 127,  3,  X
P 774.9503, 449.8258, 326.3259,  0, 127, 127,  3,  X
P 322.2020, 109.4803, -212.6286,  240, 0, 0,  3,  X
P 448.0491, 20.5835, -233.0301,  240, 0, 0,  3,  X
P 463.9334, 101.1378, -233.0431,  240, 0, 0,  3,  X
P 123.6535, -206.9177, -191.4693,  240, 0, 0,  3,  X
P 164.3228, 201.8539, -191.4686,  240, 0, 0,  3,  X
P 322.9474, 304.9204, -235.0295,  240, 0, 0,  3,  X
P 321.2268, 207.0847, -235.0238,  240, 0, 0,  3,  X
P 294.2750, -26.4087, -212.6316,  240, 0, 0,  3,  X
P 506.9948, 144.8750, -233.0387,  240, 0, 0,  3,  X
P 585.2026, 108.7254, -234.9780,  240, 0, 0,  3,  X
P 342.9880, -166.8216, -22.4594,  0, 127, 127,  3,  X
P 82.0381, -275.2481, -123.3627,  240, 0, 0,  3,  X
P 226.6505, 96.9866, -22.4240,  0, 127, 127,  3,  X
P 320.7224, -116.6627, -22.4466,  0, 127, 127,  3,  X
P 391.3567, 107.2795, 49.1486,  0, 0, 0,  1,  B
P 185.4877, -58.1751, 51.1437,  0, 127, 127,  3,  X
P 624.1247, -284.2626, 254.7243,  0, 0, 0,  1,  B
P 624.2173, 501.6261, 254.7198,  0, 0, 0,  1,  B
P -21.4029, -347.9363, -121.5819,  240, 0, 0,  3,  X
P 432.9303, -249.1862, -236.3960,  240, 0, 0,  3,  X
P 537.1843, 269.1241, -233.1980,  240, 0, 0,  3,  X
P 448.2126, 251.0505, -233.1980,  240, 0, 0,  3,  X
P 128.8507, 202.5122, -193.1965,  240, 0, 0,  3,  X
