P 105.7114, 961.3849, -303.1401,  0, 255, 0,  3,  Lower_South_Green
P 101.3275, 804.0753, -301.5079,  0, 0, 255,  3,  Lower_North_Blue
P 236.5425, 796.9126, -303.7622,  255, 0, 0,  3,  Lower_North_Red
P 236.6389, 967.9337, -303.7568,  0, 0, 255,  3,  Lower_South_Blue
P 276.2326, 853.6127, -273.8923,  0, 0, 255,  3,  Upper_East_Blue
P 282.4037, 906.7673, -273.8768,  255, 0, 0,  3,  Upper_East_Red
P 335.6308, 716.7383, -273.8972,  255, 0, 0,  3,  Upper_North_Red
P 12.4874, 705.5254, -273.7447,  0, 0, 255,  3,  Upper_North_Blue
P 17.9543, 856.6860, -273.8987,  255, 0, 0,  3,  Upper_West_Red
P 20.2919, 902.0544, -273.8924,  0, 255, 0,  3,  Upper_West_Green
P 3.4086, 1049.7057, -273.8767,  0, 255, 0,  3,  Upper_South_Green
P 331.5017, 1060.9446, -273.8834,  0, 0, 255,  3,  Upper_South_Blue
