L -70.9657, -90.9657, -263.8414,  -89.0344, -90.9657, -263.8414,  0, 75, 0
L -279.0341, 54.9697, -63.8417,  -299.0296, 54.9686, -63.8417,  0, 0, 0
L -299.0428, 94.6454, -63.8416,  -299.0296, 54.9686, -63.8417,  0, 0, 0
L -279.0341, 54.9697, -63.8417,  -279.0306, 33.3547, -63.8417,  0, 0, 0
L -299.0336, 78.5876, -63.8417,  -293.6233, 78.5885, -63.8417,  65, 65, 65
L -293.6233, 78.5885, -63.8417,  -293.6172, 68.6581, -63.8417,  65, 65, 65
L -293.6172, 68.6581, -63.8417,  -299.0341, 68.6477, -63.3136,  65, 65, 65
L -299.0324, 63.3332, -63.8417,  -293.5781, 63.3369, -63.8417,  65, 65, 65
L -293.5781, 63.3369, -63.8417,  -293.5797, 54.9662, -63.8422,  65, 65, 65
L -329.1031, 190.9660, -263.9978,  -329.1033, 110.6464, -263.9978,  240, 0, 0
L -329.1035, 110.6464, -263.9978,  -329.1043, 69.0320, -263.9978,  0, 75, 0
L 17.6207, -509.1547, -82.8938,  31.5602, -501.4561, -82.8938,  127, 64, 0
L 31.5602, -501.4561, -82.8938,  42.6919, -504.2832, -80.7549,  127, 64, 0
L 42.6919, -504.2832, -80.7549,  70.3243, -525.3950, -74.8938,  127, 64, 0
L 70.3243, -525.3950, -74.8938,  71.4997, -560.9415, -75.1901,  127, 64, 0
L 71.4997, -560.9415, -75.1901,  77.4454, -563.4885, -76.3797,  127, 64, 0
L 77.4454, -563.4885, -76.3797,  80.3683, -569.2957, -75.0700,  127, 64, 0
L 80.3683, -569.2957, -75.0700,  113.7087, -568.7280, -74.8938,  127, 64, 0
L 113.7087, -568.7280, -74.8938,  114.8225, -567.3490, -74.8938,  127, 64, 0
L 114.8225, -567.3490, -74.8938,  121.5404, -569.5102, -74.8938,  127, 64, 0
L 121.5404, -569.5102, -74.8938,  123.6640, -583.9836, -72.0857,  127, 64, 0
L 123.6640, -583.9836, -72.0857,  120.6031, -590.2385, -70.8938,  127, 64, 0
L 120.6031, -590.2385, -70.8938,  113.2312, -593.6045, -70.8938,  127, 64, 0
L 113.2312, -593.6045, -70.8938,  105.4575, -591.4109, -71.0908,  127, 64, 0
L 105.4575, -591.4109, -71.0908,  58.2112, -591.9948, -70.8951,  127, 64, 0
L 35.1781, -569.8893, -70.9138,  20.7864, -536.0984, -78.2158,  127, 64, 0
L 20.7864, -536.0984, -78.2158,  12.5713, -535.5550, -78.1818,  127, 64, 0
L 12.5713, -535.5550, -78.1818,  9.3379, -530.1987, -78.8509,  127, 64, 0
L 9.3379, -530.1987, -78.8509,  17.6207, -509.1547, -82.8938,  127, 64, 0
L 35.1716, -569.8951, -70.9128,  28.2927, -579.3359, -70.8938,  127, 64, 0
L 28.2927, -579.3359, -70.8938,  38.5705, -594.2433, -70.8938,  127, 64, 0
L 38.5705, -594.2433, -70.8938,  58.1802, -592.0196, -70.8935,  127, 64, 0
L -279.0306, 33.3547, -63.8938,  -320.6449, 33.3529, -63.8938,  0, 0, 0
L -320.6446, 94.6457, -63.8938,  -320.6449, 33.3529, -63.8938,  0, 0, 0
L -320.6446, 94.6457, -63.8938,  -299.0428, 94.6454, -63.8938,  0, 0, 0
L 191.3561, 9.3554, -95.8938,  191.3537, 18.6448, -95.8938,  75, 75, 75
L 191.3537, 18.6448, -95.8938,  208.6445, 18.6432, -95.8938,  75, 75, 75
L 208.6445, 18.6432, -95.8938,  208.6460, 9.3543, -95.8938,  75, 75, 75
L 208.6460, 9.3543, -95.8938,  191.3561, 9.3554, -95.8938,  75, 75, 75
L 208.6457, 109.3554, -95.8938,  191.3553, 109.3542, -95.8938,  75, 75, 75
L 191.3553, 109.3542, -95.8938,  191.3546, 118.6445, -95.8938,  75, 75, 75
L 191.3546, 118.6445, -95.8938,  208.6443, 118.6483, -95.8938,  75, 75, 75
L 208.6443, 118.6483, -95.8938,  208.6457, 109.3554, -95.8938,  75, 75, 75
L 210.0790, 103.2534, -96.8938,  210.0790, 103.2534, -96.8938,  0, 0, 0
L 39.3562, 13.0330, -96.8938,  39.3560, -5.0282, -96.8928,  0, 0, 0
L 39.3278, -26.9659, -97.8938,  39.3552, -45.0343, -97.8938,  0, 0, 0
L 39.3556, -45.2918, -97.8938,  39.3556, -45.2918, -97.8938,  0, 0, 0
L 39.3556, -106.6444, -96.8928,  39.3558, -125.0341, -96.8937,  0, 0, 0
L -60.6448, -85.3551, -97.8938,  -60.6467, -106.6462, -97.8938,  0, 0, 0
L -60.6467, -106.6462, -97.8938,  -40.6439, -106.6454, -96.8935,  0, 0, 0
L -40.6439, -106.6454, -96.8935,  -40.6441, -125.3551, -96.8935,  0, 0, 0
L -40.6441, -125.3551, -96.8935,  -60.6444, -125.3552, -97.8938,  0, 0, 0
L -60.6444, -125.3552, -97.8938,  -60.6457, -166.6452, -97.8938,  0, 0, 0
L -60.6457, -166.6452, -97.8938,  0.6460, -166.6473, -97.8938,  0, 0, 0
L 0.6460, -166.6473, -97.8938,  0.6462, -125.3557, -97.8938,  0, 0, 0
L 0.6462, -125.3557, -97.8938,  -19.3559, -125.3558, -96.8937,  0, 0, 0
L -19.3559, -125.3558, -96.8937,  -19.3557, -106.6445, -96.8928,  0, 0, 0
L -19.3557, -106.6445, -96.8928,  0.6454, -106.6453, -97.8938,  0, 0, 0
L 0.6454, -106.6453, -97.8938,  0.6437, -85.3561, -97.8938,  0, 0, 0
L 0.6437, -85.3561, -97.8938,  -20.6471, -85.3464, -97.8938,  0, 0, 0
L -20.6471, -85.3464, -97.8938,  -20.6442, -105.3117, -97.8938,  0, 0, 0
L -20.6442, -105.3117, -97.8938,  -39.3556, -105.3150, -97.8938,  0, 0, 0
L -39.3556, -105.3150, -97.8938,  -39.3500, -85.3541, -97.8938,  0, 0, 0
L -39.3500, -85.3541, -97.8938,  -60.6448, -85.3551, -97.8938,  0, 0, 0
L -150.7406, 9.0311, -278.8936,  -150.6457, 29.0348, -278.8930,  0, 75, 0
L -169.3556, 149.3428, -262.8936,  -150.6762, 149.3554, -262.8936,  240, 0, 0
L -129.3501, 149.3558, -262.8936,  -110.6445, 149.3112, -262.8936,  240, 0, 0
L -89.3560, 149.3556, -262.8934,  -70.6728, 149.3557, -262.8936,  240, 0, 0
L -209.3552, 129.3535, -263.8937,  -209.3566, 190.6453, -263.8936,  240, 0, 0
L -209.3566, 190.6453, -263.8936,  -230.6443, 190.6476, -263.8936,  240, 0, 0
L -230.6443, 190.6476, -263.8936,  -230.6441, 170.6440, -262.8933,  240, 0, 0
L -230.6441, 170.6440, -262.8933,  -249.3558, 170.6906, -262.8936,  240, 0, 0
L -249.3558, 170.6906, -262.8936,  -249.3542, 190.6432, -263.8936,  240, 0, 0
L -249.3542, 190.6432, -263.8936,  -270.6454, 190.6481, -263.8936,  240, 0, 0
L -270.6454, 190.6481, -263.8936,  -270.6443, 170.6441, -262.8935,  240, 0, 0
L -270.6443, 170.6441, -262.8935,  -289.3556, 170.6437, -262.8929,  240, 0, 0
L -289.3556, 170.6437, -262.8929,  -289.3546, 190.6415, -263.8936,  240, 0, 0
L -289.3546, 190.6415, -263.8936,  -310.6447, 190.6712, -263.8936,  240, 0, 0
L -310.6447, 190.6712, -263.8936,  -310.6468, 129.3564, -263.8936,  240, 0, 0
L -310.6468, 129.3564, -263.8936,  -289.3544, 129.3555, -263.8936,  240, 0, 0
L -289.3544, 129.3555, -263.8936,  -289.3558, 149.3542, -262.8927,  240, 0, 0
L -289.3558, 149.3542, -262.8927,  -270.6440, 149.3360, -262.8936,  240, 0, 0
L -270.6440, 149.3360, -262.8936,  -270.6464, 129.3551, -263.8936,  240, 0, 0
L -270.6464, 129.3551, -263.8936,  -249.3554, 129.3525, -263.8936,  240, 0, 0
L -249.3554, 129.3525, -263.8936,  -249.3557, 149.3544, -262.8936,  240, 0, 0
L -249.3557, 149.3544, -262.8936,  -230.6439, 149.3560, -262.8934,  240, 0, 0
L -230.6439, 149.3560, -262.8934,  -230.6447, 129.3533, -263.8936,  240, 0, 0
L -230.6447, 129.3533, -263.8936,  -209.3552, 129.3535, -263.8936,  240, 0, 0
L -230.6441, 229.3553, -262.8932,  -249.3552, 229.3559, -262.8934,  240, 0, 0
L -270.6439, 229.3558, -262.8934,  -289.3555, 229.3559, -262.8931,  240, 0, 0
L -310.6666, 110.6455, -263.8936,  -310.6465, 29.3548, -263.8936,  0, 75, 0
L -310.6465, 29.3548, -264.0862,  -229.7295, 29.3554, -278.8041,  0, 75, 0
L -209.3567, 49.7321, -278.2510,  -209.3551, 89.5967, -264.0349,  0, 75, 0
L -209.3551, 89.5967, -264.0349,  -209.3504, 110.6466, -263.8936,  240, 0, 0
L -209.3504, 110.6466, -263.8937,  -230.6452, 110.6445, -263.8936,  240, 0, 0
L -230.6452, 110.6445, -263.8936,  -230.6440, 90.6443, -262.8934,  240, 0, 0
L -230.6440, 90.6443, -262.8934,  -249.3559, 90.6451, -262.8935,  240, 0, 0
L -249.3559, 90.6451, -262.8935,  -249.3537, 110.6447, -263.8936,  240, 0, 0
L -249.3537, 110.6447, -263.8936,  -270.6444, 110.6458, -263.8936,  240, 0, 0
L -270.6444, 110.6458, -263.8936,  -270.6442, 90.6439, -262.8934,  240, 0, 0
L -270.6442, 90.6439, -262.8934,  -289.3558, 90.6449, -262.8935,  240, 0, 0
L -289.3558, 90.6449, -262.8935,  -289.3542, 110.6445, -263.8936,  240, 0, 0
L -289.3542, 110.6445, -263.8936,  -310.6666, 110.6455, -263.8936,  240, 0, 0
L -169.3555, 110.9726, -263.8936,  -169.3555, 90.6439, -262.8934,  240, 0, 0
L -169.3555, 90.6439, -262.8934,  -150.6442, 90.6464, -262.8934,  240, 0, 0
L -150.6442, 90.6464, -262.8934,  -150.6431, 110.9675, -263.8936,  240, 0, 0
L -129.3540, 110.9672, -263.8936,  -129.3549, 90.6442, -262.8927,  240, 0, 0
L -110.6435, 90.6484, -262.8927,  -110.6464, 110.6445, -263.8936,  240, 0, 0
L -110.6464, 110.6445, -263.8936,  -89.3547, 110.6445, -263.8936,  240, 0, 0
L -89.3547, 110.6445, -263.8936,  -89.3557, 90.6440, -262.8935,  240, 0, 0
L -70.6975, 90.6446, -262.8936,  -70.6446, 109.7717, -263.8936,  240, 0, 0
L -70.9677, 170.6447, -262.8932,  -89.3555, 170.6749, -262.8936,  240, 0, 0
L -89.0333, 190.6444, -263.8936,  -110.9668, 190.6442, -263.8936,  240, 0, 0
L -150.6472, 170.6440, -262.8933,  -169.3553, 170.6870, -262.8936,  240, 0, 0
L -169.3232, 229.3559, -262.8936,  -150.6443, 229.3123, -262.8936,  240, 0, 0
L -89.3560, 229.3560, -262.8932,  -70.6447, 229.3555, -262.8927,  240, 0, 0
L -70.6438, 149.3555, -262.8927,  -89.3383, 149.3555, -262.8936,  240, 0, 0
L -89.3558, 149.3557, -262.8934,  -70.6439, 149.3558, -262.8934,  240, 0, 0
L -70.6439, 149.3558, -262.8934,  -70.6462, 129.0340, -263.8936,  240, 0, 0
L -89.3561, 90.6445, -262.8935,  -70.6442, 90.6451, -262.8935,  240, 0, 0
L -110.6444, 90.6441, -262.8935,  -129.3558, 90.6439, -262.8934,  240, 0, 0
L -209.3567, 49.7321, -278.8936,  -229.7295, 29.3554, -278.8936,  0, 75, 0
L -229.7270, -29.3545, -278.8937,  -250.1310, -29.3525, -278.8561,  0, 75, 0
L -250.1310, -29.3525, -278.8561,  -310.6452, -29.3543, -264.4622,  0, 75, 0
L -310.6452, -29.3543, -263.8936,  -310.6468, -110.6438, -263.8936,  0, 75, 0
L -310.6468, -110.6438, -263.8936,  -289.3574, -110.6463, -263.8936,  0, 75, 0
L -289.3574, -110.6463, -263.8936,  -289.3341, -90.6443, -262.8936,  0, 75, 0
L -289.3341, -90.6443, -262.8936,  -270.6442, -90.6758, -262.8936,  0, 75, 0
L -270.6442, -90.6758, -262.8936,  -270.6457, -110.6448, -263.8936,  0, 75, 0
L -270.6457, -110.6448, -263.8937,  -249.3574, -110.6471, -263.8936,  0, 75, 0
L -249.3574, -110.6471, -263.8936,  -249.3468, -90.6443, -262.8936,  0, 75, 0
L -249.3468, -90.6443, -262.8936,  -230.6871, -90.6442, -262.8936,  0, 75, 0
L -230.6871, -90.6442, -262.8936,  -230.6395, -110.6438, -263.8936,  0, 75, 0
L -230.6395, -110.6438, -263.8936,  -209.3559, -110.6477, -263.8936,  0, 75, 0
L -209.3559, -110.6477, -263.8936,  -209.3553, -90.3106, -263.8936,  0, 75, 0
L -209.3553, -90.3106, -263.8936,  -209.3513, -49.7378, -277.5466,  0, 75, 0
L -209.3513, -49.7378, -278.8936,  -229.7270, -29.3545, -278.8936,  0, 75, 0
L -310.6900, -129.3563, -263.8936,  -289.3547, -129.3521, -263.8936,  0, 75, 0
L -289.3547, -129.3521, -263.8936,  -289.3560, -149.3559, -262.8935,  0, 75, 0
L -289.3560, -149.3559, -262.8935,  -270.6442, -149.3540, -262.8936,  0, 75, 0
L -270.6442, -149.3540, -262.8936,  -270.6450, -129.3560, -263.8936,  0, 75, 0
L -270.6450, -129.3560, -263.8936,  -249.3553, -129.3531, -263.8936,  0, 75, 0
L -249.3553, -129.3531, -263.8936,  -249.3559, -149.3561, -262.8931,  0, 75, 0
L -249.3559, -149.3561, -262.8931,  -230.6445, -149.3555, -262.8927,  0, 75, 0
L -230.6445, -149.3555, -262.8927,  -230.6476, -129.3579, -263.8936,  0, 75, 0
L -230.6476, -129.3579, -263.8936,  -209.3541, -129.3483, -263.8936,  0, 75, 0
L -209.3541, -129.3483, -263.8936,  -209.3555, -190.6442, -263.8936,  0, 75, 0
L -209.3555, -190.6442, -263.8936,  -230.6452, -190.6474, -263.8936,  0, 75, 0
L -230.6452, -190.6474, -263.8936,  -230.6440, -170.6440, -262.8930,  0, 75, 0
L -230.6440, -170.6440, -262.8930,  -249.3558, -170.6441, -262.8935,  0, 75, 0
L -249.3558, -170.6441, -262.8935,  -249.3548, -190.6438, -263.8936,  0, 75, 0
L -249.3548, -190.6438, -263.8936,  -270.6445, -190.6466, -263.8937,  0, 75, 0
L -270.6445, -190.6466, -263.8936,  -270.6439, -170.6441, -262.8933,  0, 75, 0
L -270.6439, -170.6441, -262.8933,  -289.3555, -170.6682, -262.8936,  0, 75, 0
L -289.3555, -170.6682, -262.8936,  -289.3557, -190.6448, -263.8936,  0, 75, 0
L -289.3557, -190.6448, -263.8936,  -310.6412, -190.6449, -263.8936,  0, 75, 0
L -310.6412, -190.6449, -263.8936,  -310.6900, -129.3563, -263.8936,  0, 75, 0
L -70.6458, -190.9656, -263.8937,  -70.6442, -170.6439, -262.8937,  0, 75, 0
L -70.6442, -170.6439, -262.8937,  -89.3560, -170.6439, -262.8937,  0, 75, 0
L -89.3560, -170.6439, -262.8937,  -89.3554, -190.6459, -263.8937,  0, 75, 0
L -89.3555, -189.4143, -263.8937,  -89.3555, -189.4143, -263.8937,  0, 75, 0
L -110.6450, -190.6435, -263.8937,  -89.3554, -190.6459, -263.8937,  0, 75, 0
L -110.6450, -190.6435, -263.8937,  -110.6449, -170.6442, -263.8937,  0, 75, 0
L -110.6449, -170.6442, -263.8937,  -129.3318, -170.6444, -263.8937,  0, 75, 0
L -129.3318, -170.6444, -263.8937,  -129.3584, -190.6439, -263.8937,  0, 75, 0
L -129.3584, -190.6439, -263.8937,  -150.6449, -190.6472, -263.8937,  0, 75, 0
L -150.6449, -190.6472, -263.8937,  -150.6441, -170.6438, -262.8937,  0, 75, 0
L -150.6439, -170.6440, -262.8937,  -169.3558, -170.6440, -262.8937,  0, 75, 0
L -169.3558, -170.6440, -262.8937,  -169.3559, -229.3555, -262.8937,  0, 75, 0
L -169.3559, -229.3555, -262.8937,  -150.6443, -229.3296, -262.8937,  0, 75, 0
L -150.6443, -229.3296, -262.8937,  -150.6454, -209.3558, -263.8937,  0, 75, 0
L -150.6454, -209.3558, -263.8937,  -129.3566, -209.3535, -263.8937,  0, 75, 0
L -129.3566, -209.3535, -263.8937,  -129.3555, -289.3379, -263.8937,  0, 75, 0
L -129.3555, -289.3379, -263.8937,  -110.6250, -289.3551, -263.8937,  0, 75, 0
L -110.6250, -289.3551, -263.8937,  -69.3564, -289.3553, -249.2445,  0, 75, 0
L -69.3564, -289.3553, -248.8938,  -69.3559, -309.3558, -248.8938,  0, 75, 0
L -69.2612, -306.1737, -248.8938,  -69.3559, -309.3560, -248.8938,  0, 75, 0
L -69.3559, -309.3560, -248.8938,  -49.7371, -309.3523, -248.8938,  0, 75, 0
L -51.5732, -309.3526, -248.8938,  -51.5732, -309.3526, -248.8938,  0, 75, 0
L -49.7371, -309.3523, -248.8938,  -29.7020, -329.3560, -248.8938,  0, 75, 0
L -29.7020, -329.3560, -248.8938,  29.6756, -329.3566, -248.8938,  0, 75, 0
L 29.6756, -329.3566, -248.8938,  49.7354, -309.3546, -248.8938,  0, 75, 0
L 49.7354, -309.3546, -248.8938,  69.3559, -309.3558, -248.8938,  0, 75, 0
L 69.2391, -289.3546, -249.3309,  108.7024, -289.3552, -263.3971,  0, 75, 0
L 108.7024, -289.3552, -263.3971,  129.3558, -289.3559, -263.8935,  0, 75, 0
L 129.3558, -289.3559, -263.8935,  129.3544, -209.3540, -263.8936,  0, 75, 0
L 129.3544, -209.3540, -263.8936,  150.6442, -209.3558, -263.8936,  0, 75, 0
L 69.3561, -309.3553, -248.8937,  69.2391, -289.3546, -248.8937,  0, 75, 0
L 69.1551, -270.9667, -248.8938,  69.3558, -250.6441, -248.8938,  0, 75, 0
L 69.3558, -250.6441, -248.8938,  49.7345, -250.6456, -248.8938,  0, 75, 0
L 49.7345, -250.6456, -248.8938,  30.0502, -230.9903, -248.8938,  0, 75, 0
L 133.2134, -209.3552, -263.8937,  146.7959, -209.3461, -263.8937,  0, 75, 0
L 150.6442, -209.3558, -263.8937,  150.6442, -229.3555, -262.8937,  0, 75, 0
L 150.6442, -229.3555, -262.8937,  169.3558, -229.3558, -262.8938,  0, 75, 0
L 169.3558, -229.3558, -262.8938,  169.3552, -170.6440, -262.8937,  0, 75, 0
L 169.3552, -170.6440, -262.8937,  150.6439, -170.6441, -262.8937,  0, 75, 0
L 150.6440, -170.6440, -262.8937,  150.6443, -190.6444, -263.8937,  0, 75, 0
L 150.6443, -190.6444, -263.8937,  129.3566, -190.6460, -263.8937,  0, 75, 0
L 110.6432, -190.6441, -263.8937,  110.6440, -170.6446, -263.8937,  0, 75, 0
L 110.6440, -170.6446, -263.8937,  129.3557, -170.6440, -263.8937,  0, 75, 0
L 129.3557, -170.6440, -263.8937,  129.3566, -190.6460, -263.8937,  0, 75, 0
L 110.6432, -190.6441, -263.8937,  89.3670, -190.6450, -263.8937,  0, 75, 0
L 89.3670, -190.6450, -263.8937,  89.3092, -170.6443, -262.8937,  0, 75, 0
L 89.3092, -170.6443, -262.8937,  70.6438, -170.6441, -262.8937,  0, 75, 0
L 70.6438, -170.6441, -262.8937,  70.6443, -190.6443, -263.8937,  0, 75, 0
L 70.6443, -190.6443, -263.8937,  29.3557, -190.6474, -263.8937,  0, 75, 0
L 29.3557, -190.6474, -263.8937,  29.3540, -169.5531, -264.0514,  0, 75, 0
L 29.3540, -169.5531, -264.0514,  29.3547, -129.3568, -277.8481,  0, 75, 0
L 29.3547, -129.3568, -278.2081,  70.6466, -129.3550, -264.9938,  0, 75, 0
L -10.6448, -69.0329, -293.0024,  -10.6498, -108.2397, -279.5455,  0, 75, 0
L -10.6498, -108.2397, -279.5455,  -10.6449, -128.0539, -278.8938,  0, 75, 0
L -10.6449, -128.0539, -278.8938,  -10.6456, -169.5227, -264.0643,  0, 75, 0
L -10.6456, -169.5227, -264.0643,  -10.6442, -209.0344, -263.8937,  0, 75, 0
L -10.6469, 69.0341, -293.2216,  -10.6441, 108.2127, -279.5538,  0, 75, 0
L -10.6441, 108.2127, -279.5538,  -10.6435, 128.2104, -278.8938,  240, 0, 0
L -10.6435, 128.2104, -278.8938,  -10.6443, 169.7037, -263.9949,  240, 0, 0
L -10.6443, 169.7037, -263.9949,  -10.6439, 209.3330, -263.8937,  240, 0, 0
L 69.0351, 270.6443, -249.0045,  110.9765, 270.6452, -263.6631,  240, 0, 0
L 68.9833, 289.3557, -249.1243,  110.5947, 289.3546, -263.8937,  240, 0, 0
L 110.5947, 289.3546, -263.8937,  129.3369, 289.3555, -263.8937,  240, 0, 0
L 129.3369, 289.3555, -263.8937,  129.1879, 209.3555, -263.8937,  240, 0, 0
L 129.1879, 209.3555, -263.8937,  150.6459, 209.3540, -263.8937,  240, 0, 0
L 150.6782, 229.3555, -262.8937,  169.3558, 229.3553, -262.8937,  240, 0, 0
L 169.3558, 229.3553, -262.8937,  169.3558, 170.6444, -262.8937,  240, 0, 0
L 169.3558, 170.6444, -262.8937,  150.6442, 170.6440, -262.8937,  240, 0, 0
L 150.6442, 170.6440, -262.8937,  150.6477, 190.6438, -263.8937,  240, 0, 0
L 150.6477, 190.6438, -263.8937,  129.3342, 190.6475, -263.8937,  240, 0, 0
L 129.3342, 190.6475, -263.8937,  129.3440, 170.6438, -263.8937,  240, 0, 0
L 129.3440, 170.6438, -263.8937,  110.6440, 170.6452, -263.8937,  240, 0, 0
L 110.6440, 170.6452, -263.8937,  110.6444, 190.6442, -263.8937,  240, 0, 0
L 110.6444, 190.6442, -263.8937,  89.3550, 190.6466, -263.8937,  240, 0, 0
L 89.3550, 190.6466, -263.8937,  89.3557, 170.6440, -262.8937,  240, 0, 0
L 89.3557, 170.6440, -262.8937,  70.6442, 170.6440, -262.8937,  240, 0, 0
L 70.6442, 170.6440, -262.8937,  70.6446, 190.6440, -263.8937,  240, 0, 0
L 70.6446, 190.6440, -263.8937,  29.3555, 190.6469, -263.8937,  240, 0, 0
L 89.3558, 229.3561, -262.8937,  89.3534, 209.0406, -263.8937,  240, 0, 0
L 150.6438, 229.3559, -262.8937,  150.6459, 209.3540, -263.8937,  240, 0, 0
L 29.3555, 190.6469, -263.8937,  29.3547, 170.1904, -263.8937,  240, 0, 0
L 29.3547, 170.1904, -263.8937,  29.2880, 129.3558, -278.2147,  240, 0, 0
L 29.2880, 129.3558, -278.1746,  70.6451, 129.3546, -264.2387,  240, 0, 0
L 70.6451, 129.3546, -263.8937,  70.6442, 149.3559, -262.8937,  240, 0, 0
L 70.6442, 149.3559, -262.8937,  89.3558, 149.3564, -262.8938,  240, 0, 0
L 89.3558, 149.3564, -262.8938,  89.3549, 129.3557, -263.8937,  240, 0, 0
L 89.3549, 129.3557, -263.8937,  110.6456, 129.3511, -263.8937,  240, 0, 0
L 110.6456, 129.3511, -263.8937,  110.6447, 149.3560, -262.8937,  240, 0, 0
L 110.6447, 149.3560, -262.8937,  129.3557, 149.3558, -262.8937,  240, 0, 0
L 129.3557, 149.3558, -262.8937,  129.3561, 129.3556, -263.8937,  240, 0, 0
L 129.3561, 129.3556, -263.8937,  150.6410, 129.3541, -263.8937,  240, 0, 0
L 150.6410, 129.3541, -263.8937,  150.6568, 149.3556, -262.8937,  240, 0, 0
L 150.6568, 149.3556, -262.8937,  169.3554, 149.3214, -262.8937,  240, 0, 0
L 169.3554, 149.3214, -262.8937,  169.3551, 129.3536, -263.8937,  240, 0, 0
L 169.3551, 129.3536, -263.8937,  190.6453, 129.3537, -263.8937,  0, 75, 0
L 190.6453, 129.3537, -263.8937,  190.6450, 230.2594, -263.8937,  0, 75, 0
L 190.6450, 230.2594, -263.8937,  170.6440, 250.3030, -263.8937,  0, 75, 0
L 170.6436, 250.3535, -263.8937,  170.6445, 269.3560, -263.8937,  0, 75, 0
L 170.6445, 269.3560, -263.8937,  229.3556, 269.3322, -263.8937,  0, 75, 0
L 229.3556, 269.3322, -263.8937,  229.3558, 250.2963, -263.8937,  0, 75, 0
L 229.3558, 250.2963, -263.8937,  209.3542, 230.2684, -263.8937,  0, 75, 0
L 209.3542, 230.2684, -263.8937,  209.3547, 209.3562, -263.8937,  0, 75, 0
L 209.3547, 209.3562, -263.8937,  230.6442, 209.3516, -263.8937,  0, 75, 0
L 230.6442, 209.3516, -263.8937,  230.6448, 229.3559, -262.8937,  0, 75, 0
L 230.6448, 229.3559, -262.8937,  249.3555, 229.3562, -262.8937,  0, 75, 0
L 249.3555, 229.3562, -262.8937,  249.3543, 209.3559, -263.8937,  0, 75, 0
L 270.6449, 209.3528, -263.8937,  270.6442, 229.3559, -262.8937,  0, 75, 0
L 270.6442, 229.3559, -262.8937,  289.3555, 229.3560, -262.8937,  0, 75, 0
L 289.3555, 229.3560, -262.8937,  289.3544, 209.3549, -263.8937,  0, 75, 0
L 249.3543, 209.3559, -263.8937,  270.6449, 209.3528, -263.8937,  0, 75, 0
L 289.3544, 209.3549, -263.8937,  350.2607, 209.3555, -263.8937,  0, 75, 0
L 350.2607, 209.3555, -263.8937,  370.3020, 229.3557, -263.8937,  0, 75, 0
L 370.3020, 229.3557, -263.8937,  389.3469, 229.3558, -263.8937,  0, 75, 0
L 389.3469, 229.3558, -263.8937,  389.3559, 170.6510, -263.8937,  0, 75, 0
L 389.3559, 170.6510, -263.8937,  370.3286, 170.6434, -263.8937,  0, 75, 0
L 370.3286, 170.6434, -263.8937,  350.2610, 190.6442, -263.8937,  0, 75, 0
L 350.2610, 190.6442, -263.8937,  329.3556, 190.6446, -263.8937,  0, 75, 0
L 329.3556, 190.6446, -263.8937,  329.3531, 69.3555, -263.8937,  0, 75, 0
L 329.3531, 69.3555, -263.8937,  350.2583, 69.3541, -263.8937,  0, 75, 0
L 350.2583, 69.3541, -263.8937,  370.3280, 89.3554, -263.8937,  0, 75, 0
L 370.3280, 89.3554, -263.8937,  389.3558, 89.3557, -263.8937,  0, 75, 0
L 389.3558, 89.3557, -263.8937,  389.3557, 30.6441, -263.8937,  0, 75, 0
L 389.3557, 30.6441, -263.8937,  370.2144, 30.6972, -263.8937,  0, 75, 0
L 370.2144, 30.6972, -263.8937,  350.2693, 50.6441, -263.8937,  0, 75, 0
L 350.2693, 50.6441, -263.8937,  329.3552, 50.6457, -263.8937,  0, 75, 0
L 329.3552, 50.6457, -263.8937,  329.3558, 10.6442, -263.8937,  0, 75, 0
L 329.3558, 10.6442, -263.8937,  310.0044, 10.6451, -263.8938,  0, 75, 0
L 310.0044, 10.6451, -263.8938,  249.4013, 10.6467, -278.1468,  0, 75, 0
L 249.4013, 10.6467, -278.8937,  249.2640, -10.6449, -278.8937,  0, 75, 0
L 249.2640, -10.6449, -278.0938,  310.1918, -10.6447, -263.8937,  0, 75, 0
L 310.1918, -10.6447, -263.8937,  329.3558, -10.6443, -263.8937,  0, 75, 0
L 329.3558, -10.6443, -263.8937,  329.3541, -50.6440, -263.8937,  0, 75, 0
L 329.3541, -50.6440, -263.8937,  350.2630, -50.6486, -263.8937,  0, 75, 0
L 350.2630, -50.6486, -263.8937,  370.2397, -30.6714, -263.8937,  0, 75, 0
L 370.2397, -30.6714, -263.8937,  389.3559, -30.6440, -263.8937,  0, 75, 0
L 389.3559, -30.6440, -263.8937,  389.3559, -89.3559, -263.8937,  0, 75, 0
L 389.3559, -89.3559, -263.8937,  370.2522, -89.3415, -263.8937,  0, 75, 0
L 370.2522, -89.3415, -263.8937,  350.2687, -69.3536, -263.8937,  0, 75, 0
L 350.2687, -69.3536, -263.8937,  329.3541, -69.3562, -263.8937,  0, 75, 0
L 329.3541, -69.3562, -263.8937,  329.3549, -190.6441, -263.8937,  0, 75, 0
L 329.3549, -190.6441, -263.8937,  350.2676, -190.6445, -263.8937,  0, 75, 0
L 350.2676, -190.6445, -263.8937,  370.2509, -170.6600, -263.8937,  0, 75, 0
L 370.2509, -170.6600, -263.8937,  389.3557, -170.6442, -263.8937,  0, 75, 0
L 389.3557, -170.6442, -263.8937,  389.3557, -229.3559, -263.8937,  0, 75, 0
L 389.3549, -229.3560, -263.8937,  370.2565, -229.3457, -263.8937,  0, 75, 0
L 370.2565, -229.3457, -263.8937,  350.2707, -209.3547, -263.8937,  0, 75, 0
L 350.2707, -209.3547, -263.8937,  289.3548, -209.3555, -263.8937,  0, 75, 0
L 289.3548, -209.3555, -263.8937,  289.3561, -229.3559, -262.8937,  0, 75, 0
L 289.3561, -229.3559, -262.8937,  270.6440, -229.3554, -262.8937,  0, 75, 0
L 270.6440, -229.3554, -262.8937,  270.6469, -209.3554, -263.8937,  0, 75, 0
L 249.3537, -209.3530, -263.8937,  270.6469, -209.3554, -263.8937,  0, 75, 0
L 249.3537, -209.3530, -263.8937,  249.3555, -229.3561, -262.8937,  0, 75, 0
L 249.3555, -229.3561, -262.8937,  230.6440, -229.3559, -262.8937,  0, 75, 0
L 230.6440, -229.3559, -262.8937,  230.6475, -209.3560, -263.8937,  0, 75, 0
L 230.6475, -209.3560, -263.8937,  209.3542, -209.3532, -263.8937,  0, 75, 0
L 209.3542, -209.3532, -263.8937,  209.3549, -230.2631, -263.8937,  0, 75, 0
L 209.3549, -230.2631, -263.8937,  229.3557, -250.3024, -263.8937,  0, 75, 0
L 229.3557, -250.3024, -263.8937,  229.3558, -269.3548, -263.8937,  0, 75, 0
L 229.3558, -269.3548, -263.8937,  170.6441, -269.3559, -263.8937,  0, 75, 0
L 170.6441, -269.3559, -263.8937,  170.6440, -250.2781, -263.8937,  0, 75, 0
L 170.6440, -250.2781, -263.8937,  190.6445, -230.2669, -263.8937,  0, 75, 0
L 190.6445, -230.2669, -263.8937,  190.6456, -129.3547, -263.8937,  0, 75, 0
L 190.6456, -129.3547, -263.8937,  169.3549, -129.3537, -263.8937,  0, 75, 0
L 169.3549, -129.3537, -263.8937,  169.3551, -149.3560, -262.8937,  0, 75, 0
L 169.3551, -149.3560, -262.8937,  150.6440, -149.3555, -262.8937,  0, 75, 0
L 150.6440, -149.3555, -262.8937,  150.6460, -129.3563, -263.8937,  0, 75, 0
L 150.6460, -129.3563, -263.8937,  129.3516, -129.3536, -263.8937,  0, 75, 0
L 129.3516, -129.3536, -263.8937,  129.3552, -149.3559, -262.8937,  0, 75, 0
L 129.3552, -149.3559, -262.8937,  110.6443, -149.3562, -262.8937,  0, 75, 0
L 110.6443, -149.3562, -262.8937,  110.6440, -129.3569, -263.8937,  0, 75, 0
L 110.6440, -129.3569, -263.8937,  89.3556, -129.3510, -263.8937,  0, 75, 0
L 89.3556, -129.3510, -263.8937,  89.3556, -149.3561, -262.8937,  0, 75, 0
L 89.3556, -149.3561, -262.8937,  70.6441, -149.3558, -262.8937,  0, 75, 0
L 70.6441, -149.3558, -262.8937,  70.6466, -129.3550, -263.8937,  0, 75, 0
L 209.3521, -129.3552, -263.8937,  230.6465, -129.3528, -263.8937,  0, 75, 0
L 230.6465, -129.3528, -263.8937,  230.6438, -149.3559, -262.8937,  0, 75, 0
L 230.6438, -149.3559, -262.8937,  249.3558, -149.3558, -262.8937,  0, 75, 0
L 249.3558, -149.3558, -262.8937,  249.3555, -129.3538, -263.8937,  0, 75, 0
L 249.3555, -129.3538, -263.8937,  270.6430, -129.3541, -263.8937,  0, 75, 0
L 270.6430, -129.3541, -263.8937,  270.6555, -149.3562, -262.8937,  0, 75, 0
L 270.6565, -149.3562, -262.8937,  289.3561, -149.3556, -262.8937,  0, 75, 0
L 289.3561, -149.3556, -262.8937,  289.3549, -129.3569, -263.8937,  0, 75, 0
L 289.3549, -129.3569, -263.8937,  310.6441, -129.3523, -263.8937,  0, 75, 0
L 310.6441, -129.3523, -263.8937,  310.6448, -190.6456, -263.8937,  0, 75, 0
L 310.6448, -190.6456, -263.8937,  289.3550, -190.6444, -263.8937,  0, 75, 0
L 289.3550, -190.6444, -263.8937,  289.3558, -170.6442, -262.8937,  0, 75, 0
L 289.3558, -170.6442, -262.8937,  270.6446, -170.6441, -262.8937,  0, 75, 0
L 270.6446, -170.6441, -262.8937,  270.6457, -190.6436, -263.8937,  0, 75, 0
L 270.6457, -190.6436, -263.8937,  249.3549, -190.6479, -263.8937,  0, 75, 0
L 249.3549, -190.6479, -263.8937,  249.3559, -170.6439, -262.8937,  0, 75, 0
L 249.3559, -170.6439, -262.8937,  230.6442, -170.6441, -262.8937,  0, 75, 0
L 230.6442, -170.6441, -262.8937,  230.6453, -190.6423, -263.8937,  0, 75, 0
L 230.6452, -188.7249, -263.8937,  230.6452, -188.7249, -263.8937,  0, 75, 0
L 230.6453, -190.6423, -263.8937,  209.3549, -190.6501, -263.8937,  0, 75, 0
L 209.3549, -190.6501, -263.8937,  209.3521, -129.3552, -263.8937,  0, 75, 0
L 209.3555, -110.6454, -263.8937,  209.3544, -89.2828, -264.1527,  0, 75, 0
L 209.3544, -89.2828, -264.1527,  209.3538, -49.7353, -278.7722,  0, 75, 0
L 209.3538, -49.7353, -278.8937,  229.6133, -29.4702, -278.8937,  0, 75, 0
L 229.6133, -29.4702, -278.8937,  251.3058, -29.1091, -278.5634,  0, 75, 0
L 251.3058, -29.1091, -278.5634,  310.6442, -29.3612, -264.2122,  0, 75, 0
L 310.6442, -29.3612, -263.8937,  310.6490, -110.6442, -263.8937,  0, 75, 0
L 310.6490, -110.6442, -263.8937,  289.3546, -110.6459, -263.8937,  0, 75, 0
L 289.3546, -110.6459, -263.8937,  289.3557, -90.6445, -262.8937,  0, 75, 0
L 289.3557, -90.6445, -262.8937,  270.6437, -90.6679, -262.8937,  0, 75, 0
L 270.6437, -90.6679, -262.8937,  270.6470, -110.6460, -263.8937,  0, 75, 0
L 270.6470, -110.6460, -263.8937,  249.3557, -110.6458, -263.8937,  0, 75, 0
L 249.3557, -110.6458, -263.8937,  249.3551, -90.6441, -262.8937,  0, 75, 0
L 249.3551, -90.6441, -262.8937,  230.6448, -90.6440, -262.8937,  0, 75, 0
L 230.6448, -90.6440, -262.8937,  230.6483, -110.6440, -263.8937,  0, 75, 0
L 230.6483, -110.6440, -263.8937,  209.3555, -110.6454, -263.8937,  0, 75, 0
L 229.7348, 29.3533, -278.8936,  209.3545, 49.7313, -278.8937,  0, 75, 0
L 209.3545, 49.7313, -277.1277,  209.3558, 89.8881, -263.9256,  0, 75, 0
L 209.3558, 89.8881, -263.9256,  209.3502, 110.6438, -263.8936,  0, 75, 0
L 209.3502, 110.6438, -263.8937,  230.6445, 110.6464, -263.8936,  0, 75, 0
L 230.6445, 110.6464, -263.8936,  230.6443, 90.6442, -262.8930,  0, 75, 0
L 230.6443, 90.6442, -262.8930,  249.3562, 90.6461, -262.8936,  0, 75, 0
L 249.3562, 90.6461, -262.8936,  249.3511, 110.6449, -263.8936,  0, 75, 0
L 249.3511, 110.6449, -263.8936,  270.6453, 110.6469, -263.8936,  0, 75, 0
L 270.6453, 110.6469, -263.8936,  270.6446, 90.6442, -262.8935,  0, 75, 0
L 270.6446, 90.6442, -262.8935,  289.3048, 90.6445, -262.8936,  0, 75, 0
L 289.3048, 90.6445, -262.8936,  289.3575, 110.6452, -263.8936,  0, 75, 0
L 289.3575, 110.6452, -263.8936,  310.6442, 110.6487, -263.8936,  0, 75, 0
L 310.6442, 110.6487, -263.8936,  310.6454, 29.3548, -263.8936,  0, 75, 0
L 310.6454, 29.3548, -264.6693,  249.0898, 29.3537, -278.8936,  0, 75, 0
L 249.0898, 29.3537, -278.8936,  229.7348, 29.3533, -278.8936,  0, 75, 0
L 209.3528, 129.3557, -263.8936,  230.6455, 129.3546, -263.8937,  0, 75, 0
L 230.6455, 129.3546, -263.8936,  230.6444, 149.3559, -262.8935,  0, 75, 0
L 230.6444, 149.3559, -262.8935,  249.3435, 149.3556, -262.8936,  0, 75, 0
L 249.3435, 149.3556, -262.8936,  249.3494, 129.3559, -263.8936,  0, 75, 0
L 249.3494, 129.3559, -263.8936,  270.6482, 129.3522, -263.8936,  0, 75, 0
L 270.6482, 129.3522, -263.8937,  270.6441, 149.3480, -262.8936,  0, 75, 0
L 270.6441, 149.3480, -262.8936,  289.3550, 149.2751, -262.8937,  0, 75, 0
L 289.3550, 149.2751, -262.8937,  289.3535, 129.3557, -263.8936,  0, 75, 0
L 289.3535, 129.3557, -263.8936,  310.6480, 129.3531, -263.8936,  0, 75, 0
L 310.6480, 129.3531, -263.8936,  310.6452, 190.6440, -263.8937,  0, 75, 0
L 310.6452, 190.6440, -263.8936,  289.3551, 190.6462, -263.8936,  0, 75, 0
L 289.3551, 190.6462, -263.8936,  289.3557, 170.6442, -262.8935,  0, 75, 0
L 289.3557, 170.6442, -262.8935,  270.6450, 170.6442, -262.8936,  0, 75, 0
L 270.6450, 170.6442, -262.8936,  270.6475, 190.6435, -263.8936,  0, 75, 0
L 270.6475, 190.6435, -263.8936,  249.3551, 190.6487, -263.8936,  0, 75, 0
L 249.3551, 190.6487, -263.8936,  249.3558, 170.6440, -262.8934,  0, 75, 0
L 249.3558, 170.6440, -262.8934,  230.6440, 170.6448, -262.8935,  0, 75, 0
L 230.6440, 170.6448, -262.8935,  230.6472, 190.6435, -263.8936,  0, 75, 0
L 230.6472, 190.6435, -263.8936,  209.3536, 190.6471, -263.8936,  0, 75, 0
L 209.3536, 190.6471, -263.8937,  209.3528, 129.3557, -263.8936,  0, 75, 0
L -89.0340, 68.9756, -293.7393,  -89.0343, 9.0321, -293.8417,  0, 75, 0
L -89.0343, 9.0321, -293.6663,  -150.7406, 9.0311, -279.5264,  0, 75, 0
L -150.6457, 29.0348, -278.8416,  -170.4004, 29.0347, -278.8417,  0, 75, 0
L -170.4004, 29.0347, -278.8417,  -190.9671, 49.5993, -278.8417,  0, 75, 0
L -190.9671, 49.5993, -277.5606,  -190.9720, 90.7201, -263.8417,  0, 75, 0
L -190.9720, 90.7201, -263.8417,  -190.9655, 110.9653, -263.8417,  240, 0, 0
L -190.9655, 110.9653, -263.8417,  -169.3555, 110.9726, -263.8417,  240, 0, 0
L -150.6431, 110.9675, -263.8416,  -129.3540, 110.9672, -263.8416,  240, 0, 0
L -70.9694, 110.9668, -265.2457,  -29.0313, 110.9658, -278.1138,  240, 0, 0
L -29.0313, 110.9658, -279.9280,  -29.0313, 69.0387, -292.4489,  0, 75, 0
L -89.0338, 69.0092, -293.7071,  -29.0313, 69.0387, -293.8416,  0, 75, 0
L 10.9638, 69.0350, -292.0182,  10.9794, 108.1136, -279.5346,  0, 75, 0
L 10.9794, 108.1136, -279.5346,  10.9649, 128.0620, -278.8416,  240, 0, 0
L 10.9649, 128.0620, -278.8416,  10.9677, 170.6181, -263.8416,  240, 0, 0
L 10.9677, 170.6181, -263.8416,  10.9658, 209.0336, -263.8412,  240, 0, 0
L 10.9658, 209.0336, -263.8412,  70.9647, 209.0307, -263.8416,  240, 0, 0
L 70.9647, 209.0307, -263.8416,  70.9729, 229.0321, -262.8416,  240, 0, 0
L 70.9729, 229.0321, -257.3416,  88.9643, 229.0335, -257.3417,  240, 0, 0
L 89.3534, 209.0406, -263.8416,  110.9661, 208.9533, -263.8416,  240, 0, 0
L 110.9661, 208.9533, -263.8416,  110.9765, 270.6452, -263.8416,  240, 0, 0
L 69.0351, 270.6443, -248.8416,  69.0341, 250.9658, -248.8416,  240, 0, 0
L 69.0341, 250.9658, -248.8416,  49.6052, 250.9690, -248.8417,  240, 0, 0
L 49.6052, 250.9690, -248.8416,  29.5628, 230.9649, -248.8416,  240, 0, 0
L 29.5628, 230.9649, -248.8416,  -29.6280, 230.9940, -248.8416,  240, 0, 0
L -29.6280, 230.9940, -248.8416,  -49.6004, 250.9675, -248.8417,  240, 0, 0
L -49.6004, 250.9675, -248.8416,  -69.0337, 250.9657, -248.8416,  240, 0, 0
L -69.0337, 250.9657, -248.8416,  -68.9890, 270.9646, -248.8417,  240, 0, 0
L -68.9890, 270.9646, -249.9193,  -110.9662, 270.9666, -263.1228,  240, 0, 0
L -110.9662, 270.9666, -263.8416,  -110.9673, 209.0366, -263.8417,  240, 0, 0
L -110.9673, 209.0366, -263.8416,  -89.0346, 209.0233, -263.8415,  240, 0, 0
L -89.0346, 209.0233, -263.8416,  -89.0309, 229.0346, -263.8416,  240, 0, 0
L -70.9907, 229.0323, -263.8416,  -70.9683, 209.0333, -263.8416,  240, 0, 0
L -70.9683, 209.0333, -263.8416,  -10.9659, 209.0272, -263.8416,  240, 0, 0
L -10.6469, 69.0341, -293.8416,  10.9638, 69.0350, -293.8416,  0, 75, 0
L 29.0330, 69.0339, -293.8416,  88.9993, 69.0346, -293.8416,  0, 75, 0
L 88.9993, 69.0346, -293.8416,  89.0306, 9.0335, -293.8416,  0, 75, 0
L 89.0268, 16.3922, -293.8416,  88.6674, 16.0344, -293.8416,  0, 75, 0
L 89.0306, 9.0335, -293.1751,  150.9644, 9.0323, -279.4508,  0, 75, 0
L 150.9644, 9.0323, -278.8416,  150.9658, 29.0339, -278.8415,  0, 75, 0
L 150.9658, 29.0339, -278.8415,  170.4019, 29.0311, -278.8416,  0, 75, 0
L 170.4019, 29.0311, -278.8416,  190.9661, 49.5993, -278.8416,  0, 75, 0
L 190.9661, 49.5993, -278.1573,  190.9675, 110.9652, -264.3313,  0, 75, 0
L 190.9670, 88.6591, -264.3313,  190.9703, 109.1175, -263.8416,  0, 75, 0
L 190.9675, 110.9652, -263.8416,  169.0335, 110.9698, -263.8416,  0, 75, 0
L 169.0335, 110.9698, -263.8416,  169.0335, 90.9673, -263.8416,  240, 0, 0
L 169.0335, 90.9673, -257.3416,  150.9662, 90.9675, -257.3416,  240, 0, 0
L 150.9662, 90.9675, -263.8416,  150.9671, 110.9688, -263.8415,  240, 0, 0
L 150.9671, 110.9688, -263.8416,  129.0340, 110.9682, -263.8416,  240, 0, 0
L 129.0340, 110.9682, -263.8416,  129.0278, 90.9676, -263.8416,  240, 0, 0
L 129.0278, 90.9676, -257.3416,  110.9670, 90.9670, -257.3417,  240, 0, 0
L 110.9670, 90.9670, -262.8416,  110.9663, 110.9658, -263.8416,  240, 0, 0
L 110.9663, 110.9658, -263.8416,  89.0337, 110.9664, -263.8416,  240, 0, 0
L 89.0337, 110.9664, -263.8416,  89.0316, 90.9667, -263.8416,  240, 0, 0
L 89.0316, 90.9667, -257.3417,  70.9628, 90.9682, -257.3416,  240, 0, 0
L 70.9628, 90.9682, -263.8416,  70.9693, 110.9666, -263.8416,  240, 0, 0
L 70.9693, 110.9666, -264.6596,  29.0333, 110.9681, -277.6729,  240, 0, 0
L 29.0333, 110.9681, -279.5823,  29.0330, 69.0339, -293.2425,  0, 75, 0
L 29.0327, -68.9774, -293.8416,  89.0340, -69.0027, -293.8416,  0, 75, 0
L 88.6993, -9.0325, -292.5011,  151.1991, -9.0323, -279.4933,  0, 75, 0
L 151.1991, -9.0323, -278.8417,  150.9657, -29.0333, -278.8415,  0, 75, 0
L 150.9657, -29.0333, -278.8415,  170.3940, -29.0266, -278.8416,  0, 75, 0
L 170.3940, -29.0266, -278.8416,  190.9683, -49.5964, -278.8416,  0, 75, 0
L 190.9683, -49.5964, -276.7813,  190.9687, -89.6927, -263.9438,  0, 75, 0
L 190.9687, -89.6927, -263.9438,  190.9688, -110.9669, -263.8416,  0, 75, 0
L 190.9688, -110.9669, -263.8416,  169.0343, -110.9672, -263.8417,  0, 75, 0
L 169.0343, -110.9672, -263.8416,  169.0327, -90.9657, -263.8416,  0, 75, 0
L 169.0327, -90.9657, -257.3416,  150.9660, -90.9694, -257.3416,  0, 75, 0
L 150.9660, -90.9694, -262.8416,  150.9716, -110.9645, -263.8416,  0, 75, 0
L 150.9716, -110.9645, -263.8416,  129.0328, -110.9686, -263.8416,  0, 75, 0
L 129.0328, -110.9686, -263.8416,  129.0334, -91.0624, -262.8416,  0, 75, 0
L 129.0334, -91.0624, -262.8416,  110.9648, -90.9683, -261.2972,  0, 75, 0
L 110.9648, -90.9683, -261.2972,  110.9695, -110.9651, -263.8415,  0, 75, 0
L 110.9695, -110.9651, -263.8416,  89.0340, -110.9693, -263.8417,  0, 75, 0
L 89.0340, -110.9693, -263.8416,  89.0274, -90.9658, -263.8416,  0, 75, 0
L 89.0274, -90.9658, -257.3416,  70.9670, -90.9684, -257.3416,  0, 75, 0
L 70.9670, -90.9684, -263.8416,  70.9695, -110.9644, -263.8416,  0, 75, 0
L 70.9695, -110.9644, -265.7813,  29.0337, -110.9685, -277.4305,  0, 75, 0
L 29.0327, -68.9774, -292.6531,  29.0337, -110.9685, -279.5434,  0, 75, 0
L 10.9655, -110.9702, -279.5576,  10.9674, -69.0347, -293.3515,  0, 75, 0
L 10.9674, -69.0347, -293.8416,  -10.6448, -69.0329, -293.8417,  0, 75, 0
L -10.6442, -209.0344, -263.8415,  -70.9657, -209.0209, -263.8416,  0, 75, 0
L -66.0571, -209.0220, -263.8416,  -66.6692, -208.8924, -263.8417,  0, 75, 0
L -70.9657, -209.0209, -263.8416,  -70.9732, -229.0347, -263.8417,  0, 75, 0
L -70.9732, -229.0347, -257.3416,  -89.0365, -229.0317, -257.3416,  0, 75, 0
L -89.0365, -229.0317, -262.8416,  -89.0228, -209.0342, -263.8416,  0, 75, 0
L -89.0228, -209.0342, -263.8416,  -110.9659, -209.0337, -263.8416,  0, 75, 0
L -110.9659, -209.0337, -263.8416,  -110.9690, -270.9659, -263.8416,  0, 75, 0
L -110.9690, -270.9659, -263.2995,  -69.0342, -270.9690, -249.9129,  0, 75, 0
L -69.0342, -270.9690, -248.8416,  -69.0337, -251.0245, -248.8417,  0, 75, 0
L -69.0337, -251.0245, -248.8417,  -49.5974, -250.9623, -248.8417,  0, 75, 0
L -49.5974, -250.9623, -248.8417,  -29.5817, -230.9657, -248.8416,  0, 75, 0
L -29.5817, -230.9657, -248.8416,  30.0502, -230.9903, -248.8417,  0, 75, 0
L 69.1551, -270.9667, -249.1395,  110.9683, -270.9708, -262.8813,  0, 75, 0
L 110.9683, -208.9999, -263.8417,  110.9683, -270.9708, -263.8416,  0, 75, 0
L 110.9683, -208.9999, -263.8416,  89.0315, -209.0332, -263.8417,  0, 75, 0
L 89.0315, -209.0332, -263.8416,  89.0326, -229.0341, -263.8416,  0, 75, 0
L 89.0326, -229.0341, -257.3416,  70.9692, -229.0308, -257.3417,  0, 75, 0
L 70.9692, -229.0308, -262.8416,  70.9694, -209.0300, -263.8416,  0, 75, 0
L 70.9694, -209.0300, -263.8416,  10.9658, -209.0341, -263.8414,  0, 75, 0
L 10.9659, -209.0341, -263.8415,  10.9662, -169.6749, -263.9489,  0, 75, 0
L 10.9662, -169.6749, -263.9489,  10.9797, -131.8848, -278.1202,  0, 75, 0
L 10.9797, -131.8848, -278.1202,  11.0260, -110.9702, -278.8416,  0, 75, 0
L -68.9964, 289.0324, -248.8416,  -69.0089, 309.0338, -248.8417,  240, 0, 0
L -69.0089, 309.0338, -248.8417,  -49.6022, 309.0333, -248.8416,  240, 0, 0
L -49.6022, 309.0333, -248.8417,  -29.5547, 329.0348, -248.8417,  240, 0, 0
L -29.5547, 329.0348, -248.8417,  29.5778, 329.0351, -248.8417,  240, 0, 0
L 29.5778, 329.0351, -248.8417,  49.5992, 309.0322, -248.8416,  240, 0, 0
L 49.5992, 309.0322, -248.8417,  69.0336, 309.0341, -248.8416,  240, 0, 0
L 69.0336, 309.0341, -248.8416,  68.9833, 289.3557, -248.8416,  240, 0, 0
L 80.3979, 54.9686, -97.8417,  101.3631, 34.0053, -97.8417,  0, 0, 0
L 101.3631, 34.0053, -96.8417,  80.9661, 13.5472, -96.8417,  0, 0, 0
L 80.9661, 13.5472, -96.8417,  80.9653, -5.0340, -96.8409,  0, 0, 0
L 39.5952, 54.9677, -97.8417,  80.3979, 54.9686, -97.8417,  0, 0, 0
L 80.9653, -5.0340, -96.8417,  139.0343, -5.0333, -96.8407,  0, 0, 0
L 139.0343, -5.0333, -96.8407,  139.0326, 14.9667, -96.8417,  0, 0, 0
L 139.0326, 14.9667, -97.8417,  170.9662, 14.9678, -97.8417,  0, 0, 0
L 170.9662, 14.9678, -96.8417,  170.9657, -5.0347, -96.8412,  0, 0, 0
L 170.9657, -5.0347, -96.8412,  229.0343, -5.0333, -96.8407,  0, 0, 0
L 229.0343, -5.0333, -96.8407,  229.0340, 133.0343, -96.8414,  0, 0, 0
L 229.0340, 133.0343, -96.8414,  170.9648, 133.0328, -96.8407,  0, 0, 0
L 170.9648, 133.0328, -96.8407,  170.9684, 113.0346, -96.8417,  0, 0, 0
L 170.9684, 113.0346, -97.8417,  139.0339, 113.0319, -97.8417,  0, 0, 0
L 139.0339, 113.0319, -96.8417,  139.0338, 133.0345, -96.8416,  0, 0, 0
L 139.0338, 133.0345, -96.8416,  80.9723, 133.0341, -96.8417,  0, 0, 0
L 80.9723, 133.0341, -96.8417,  80.9739, 114.3910, -96.8417,  0, 0, 0
L 80.9739, 114.3910, -96.8417,  101.3672, 94.0008, -96.8417,  0, 0, 0
L 101.3672, 94.0008, -97.8417,  80.4018, 73.0343, -97.8417,  0, 0, 0
L 80.4018, 73.0343, -97.8417,  39.6030, 73.0311, -97.8417,  0, 0, 0
L 39.6030, 73.0311, -97.8417,  19.0347, 93.5966, -97.8417,  0, 0, 0
L 19.0347, 93.5966, -97.8417,  19.0290, 133.9030, -96.8654,  0, 0, 0
L 19.0290, 133.9030, -96.8654,  17.0804, 141.6802, -93.8417,  0, 0, 0
L 11.9460, 158.2051, -84.9077,  10.0924, 165.6510, -81.8417,  0, 0, 0
L 10.0924, 165.6510, -81.8417,  8.1698, 169.4978, -79.8417,  0, 0, 0
L 8.1698, 169.4978, -79.8417,  5.2660, 173.3690, -77.8417,  0, 0, 0
L 5.2660, 173.3690, -77.8417,  1.1575, 177.4742, -75.8417,  0, 0, 0
L 1.1575, 177.4742, -74.8417,  -0.9674, 183.8430, -74.8417,  0, 0, 0
L -0.9674, 183.8430, -74.8417,  -0.9658, 204.3940, -74.8417,  0, 0, 0
L -0.9658, 204.3940, -74.8417,  19.0341, 224.4316, -74.8417,  0, 0, 0
L 19.0341, 224.4316, -74.8417,  19.0321, 251.8894, -74.8417,  0, 0, 0
L 19.0321, 251.8894, -74.8417,  17.0794, 259.6828, -74.8417,  0, 0, 0
L 17.0794, 259.6828, -74.8417,  12.7257, 268.0890, -74.8417,  0, 0, 0
L 12.7257, 268.0890, -74.8417,  7.2659, 275.3693, -74.8417,  0, 0, 0
L 7.2659, 275.3693, -74.8417,  -0.4322, 283.0341, -74.8417,  0, 0, 0
L -0.4451, 283.0470, -74.5769,  -2.5317, 298.7558, -74.1599,  127, 64, 0
L -2.5317, 298.7558, -74.1599,  -0.7396, 322.7207, -73.1014,  127, 64, 0
L -0.7396, 322.7207, -70.8528,  -2.4697, 331.4498, -70.2576,  127, 64, 0
L -2.4697, 331.4498, -70.2576,  -0.6490, 337.2605, -70.9383,  127, 64, 0
L -18.8899, 283.7440, -72.4628,  -19.0298, 308.8261, -73.7172,  127, 64, 0
L -19.0298, 308.8261, -73.7172,  -19.0331, 324.0583, -70.8463,  127, 64, 0
L -19.0331, 324.0583, -70.8463,  -31.3907, 344.7220, -71.1848,  127, 64, 0
L -30.9586, 343.9995, -71.1848,  -30.9586, 343.9995, -71.1848,  127, 64, 0
L -18.8899, 283.7440, -74.8417,  -27.2729, 275.3610, -74.8417,  0, 0, 0
L -27.2729, 275.3610, -74.8417,  -33.1800, 267.4819, -74.8417,  0, 0, 0
L -33.1800, 267.4819, -74.8417,  -37.0913, 259.6555, -74.8417,  0, 0, 0
L -37.0913, 259.6555, -74.8417,  -39.0341, 251.8835, -74.8417,  0, 0, 0
L -39.0341, 251.8835, -74.8417,  -39.0342, 224.4250, -74.8417,  0, 0, 0
L -39.0342, 224.4250, -74.8417,  -19.0347, 204.4023, -74.8417,  0, 0, 0
L -19.0347, 204.4023, -74.8417,  -19.0213, 184.1174, -74.8417,  0, 0, 0
L -19.0213, 184.1174, -74.8417,  -17.1123, 178.4783, -74.8417,  0, 0, 0
L -17.1123, 178.4783, -74.8417,  -13.3121, 174.6771, -76.8417,  0, 0, 0
L -13.3121, 174.6771, -76.8417,  -10.1456, 170.4715, -78.8417,  0, 0, 0
L -10.1456, 170.4715, -78.8417,  -7.9859, 166.1314, -80.8417,  0, 0, 0
L -7.9859, 166.1314, -80.8417,  -6.0502, 158.1926, -84.8417,  0, 0, 0
L -6.0502, 158.1926, -84.8417,  -6.0347, 154.1195, -86.8417,  0, 0, 0
L -6.0347, 154.1195, -86.8417,  -5.0761, 150.3112, -88.8417,  0, 0, 0
L -5.0761, 150.3112, -88.8417,  -1.0902, 142.3470, -92.8417,  0, 0, 0
L -1.0902, 142.3470, -92.8417,  0.9668, 133.3994, -97.8411,  0, 0, 0
L 0.9668, 133.3994, -97.8411,  0.9499, 73.0322, -97.8417,  0, 0, 0
L 17.0913, 141.6556, -93.8417,  13.0246, 149.7947, -89.8417,  0, 0, 0
L 13.0246, 149.7947, -89.8417,  12.0682, 153.7350, -87.8417,  0, 0, 0
L 12.0682, 153.7350, -87.8417,  11.9460, 158.2051, -84.8417,  0, 0, 0
L 0.9499, 73.0322, -97.8417,  -40.9475, 73.0331, -97.8417,  0, 0, 0
L -40.9993, 54.9666, -97.8417,  0.9670, 54.9686, -97.8417,  0, 0, 0
L 0.9670, 54.9686, -97.8417,  0.9674, -6.9677, -97.8417,  0, 0, 0
L 19.0337, 13.0342, -97.8417,  19.0322, 34.3980, -97.8417,  0, 0, 0
L 19.0322, 34.3980, -97.8417,  39.5952, 54.9677, -97.8417,  0, 0, 0
L -12.4418, 12.4520, -293.8416,  12.4063, 12.4477, -293.8416,  255, 0, 255
L 12.4063, 12.4477, -293.8416,  12.4973, -12.4389, -293.8416,  255, 0, 255
L 12.4973, -12.4389, -293.8416,  -12.4367, -12.4174, -293.8416,  255, 0, 255
L -12.4367, -12.4174, -293.8416,  -12.4418, 12.4520, -293.8416,  255, 0, 255
L -29.0332, -69.0345, -293.8416,  -89.0343, -69.0340, -293.8407,  0, 75, 0
L -89.0343, -69.0340, -293.8407,  -89.0336, -9.0341, -293.8416,  0, 75, 0
L -89.0336, -9.0341, -293.2936,  -150.9755, -9.0332, -279.2714,  0, 75, 0
L -150.9673, -29.0342, -278.8407,  -150.9755, -9.0332, -278.8416,  0, 75, 0
L -150.9910, -29.0348, -278.8416,  -170.3977, -29.0310, -278.8416,  0, 75, 0
L -170.3977, -29.0310, -278.8416,  -190.9663, -49.6011, -278.8416,  0, 75, 0
L -190.9663, -49.6011, -277.9758,  -190.9672, -89.7775, -263.9120,  0, 75, 0
L -190.9672, -89.7775, -263.9120,  -190.9645, -110.9663, -263.8416,  0, 75, 0
L -190.9645, -110.9663, -263.8416,  -169.0277, -110.9685, -263.8416,  0, 75, 0
L -169.0277, -110.9685, -263.8416,  -169.0453, -90.9656, -263.8416,  0, 75, 0
L -169.0453, -90.9656, -257.3417,  -150.9665, -90.9717, -257.3416,  0, 75, 0
L -150.9665, -90.9717, -263.8416,  -150.9666, -110.9662, -263.8417,  0, 75, 0
L -150.9666, -110.9662, -263.8416,  -129.0343, -110.9678, -263.8416,  0, 75, 0
L -129.0343, -110.9678, -263.8416,  -129.0322, -90.9647, -263.8416,  0, 75, 0
L -129.0322, -90.9647, -257.3416,  -110.9655, -90.9689, -257.3416,  0, 75, 0
L -89.0331, -110.9685, -263.8416,  -89.0346, -90.6444, -263.8412,  0, 75, 0
L -70.9656, -90.9658, -263.8408,  -70.9665, -110.9667, -263.8416,  0, 75, 0
L -70.9665, -110.9667, -264.7400,  -29.0340, -110.9863, -278.1218,  0, 75, 0
L -29.0340, -110.9863, -280.4001,  -29.0332, -69.0345, -293.7616,  0, 75, 0
L -110.9655, -90.9689, -263.8416,  -110.9666, -110.9651, -263.8416,  0, 75, 0
L -129.0328, -128.9787, -263.8417,  -150.9652, -129.0423, -263.8416,  0, 75, 0
L -150.9652, -129.0423, -263.8416,  -150.9687, -149.0347, -263.8416,  0, 75, 0
L -150.9687, -149.0347, -257.3416,  -169.0346, -149.0323, -257.3417,  0, 75, 0
L -169.0346, -149.0323, -263.8416,  -169.0323, -129.0348, -263.8416,  0, 75, 0
L -169.0323, -129.0348, -263.8416,  -190.9608, -129.0299, -263.8416,  0, 75, 0
L -190.9608, -129.0299, -263.8416,  -191.0594, -230.3071, -263.8417,  0, 75, 0
L -191.0594, -230.3071, -263.8416,  -170.9926, -250.3734, -263.8416,  0, 75, 0
L -170.9926, -250.3734, -263.8416,  -170.9663, -269.0342, -262.9810,  0, 75, 0
L -170.9663, -269.0342, -262.9810,  -229.0346, -269.0342, -263.8410,  0, 75, 0
L -229.0346, -269.0342, -263.8410,  -229.0023, -250.3684, -263.8416,  0, 75, 0
L -229.0023, -250.3684, -263.8416,  -209.0341, -230.4055, -263.8416,  0, 75, 0
L -209.0341, -230.4055, -263.8416,  -209.0333, -209.0343, -263.8416,  0, 75, 0
L -209.0333, -209.0343, -263.8416,  -230.9661, -209.0331, -263.8416,  0, 75, 0
L -230.9661, -209.0331, -263.8416,  -230.9670, -229.0344, -263.8416,  0, 75, 0
L -230.9670, -229.0344, -257.3416,  -249.0325, -229.0327, -257.3416,  0, 75, 0
L -249.0325, -229.0327, -263.8416,  -249.0331, -209.0344, -263.8416,  0, 75, 0
L -249.0331, -209.0344, -263.8416,  -270.9642, -209.0328, -263.8416,  0, 75, 0
L -270.9642, -209.0328, -263.8416,  -270.9709, -229.0316, -262.8416,  0, 75, 0
L -270.9709, -229.0316, -257.3416,  -289.0346, -229.0320, -257.3416,  0, 75, 0
L -289.0346, -229.0320, -263.8416,  -289.0319, -209.0323, -263.8416,  0, 75, 0
L -289.0319, -209.0323, -263.8416,  -350.4007, -209.0320, -263.8416,  0, 75, 0
L -350.4007, -209.0320, -263.8416,  -370.3849, -229.0200, -263.8415,  0, 75, 0
L -370.3849, -229.0200, -263.8415,  -389.0344, -229.0342, -263.8414,  0, 75, 0
L -389.0344, -229.0342, -263.8414,  -389.0336, -170.9659, -263.8405,  0, 75, 0
L -389.0336, -170.9659, -263.8405,  -370.4077, -170.9656, -263.8416,  0, 75, 0
L -370.4077, -170.9656, -263.8416,  -350.4005, -190.9684, -263.8416,  0, 75, 0
L -350.4005, -190.9684, -263.8417,  -329.0337, -190.9661, -263.8416,  0, 75, 0
L -329.0337, -190.9661, -263.8416,  -329.0330, -69.0338, -263.8416,  0, 75, 0
L -329.0330, -69.0338, -263.8416,  -350.3996, -69.0339, -263.8416,  0, 75, 0
L -350.3996, -69.0339, -263.8416,  -370.3971, -89.0316, -263.8416,  0, 75, 0
L -370.3971, -89.0316, -263.8416,  -389.0340, -89.0336, -263.7802,  0, 75, 0
L -389.0340, -89.0336, -263.7802,  -389.0335, -30.9657, -263.8414,  0, 75, 0
L -389.0335, -30.9657, -263.8414,  -370.4134, -30.9657, -263.8416,  0, 75, 0
L -370.4134, -30.9657, -263.8416,  -350.4004, -50.9668, -263.8416,  0, 75, 0
L -350.4004, -50.9668, -263.8416,  -329.0323, -50.9660, -263.8416,  0, 75, 0
L -329.0323, -50.9660, -263.8416,  -329.0342, -10.9656, -263.8412,  0, 75, 0
L -329.0342, -10.9656, -263.8412,  -309.0377, -10.9660, -264.0753,  0, 75, 0
L -309.0377, -10.9660, -264.0753,  -249.0333, -10.9695, -277.9243,  0, 75, 0
L -249.0344, 10.9683, -278.6505,  -308.6985, 10.9663, -264.1613,  0, 75, 0
L -308.6985, 10.9663, -264.1613,  -329.0337, 10.9655, -263.8413,  0, 75, 0
L -329.0337, 10.9655, -263.8413,  -329.0308, 50.9668, -263.8416,  0, 75, 0
L -329.0308, 50.9668, -263.8416,  -350.3983, 50.9659, -263.8416,  0, 75, 0
L -350.3983, 50.9659, -263.8416,  -370.3784, 30.9874, -263.8416,  0, 75, 0
L -370.3784, 30.9874, -263.8416,  -389.0340, 30.9654, -263.8414,  0, 75, 0
L -389.0340, 30.9654, -263.8414,  -389.0338, 89.0332, -263.8401,  0, 75, 0
L -389.0338, 89.0332, -263.8401,  -370.3489, 88.9825, -263.8416,  0, 75, 0
L -370.3489, 88.9825, -263.8416,  -350.4027, 69.0344, -263.8416,  0, 75, 0
L -350.4027, 69.0344, -263.8416,  -329.1043, 69.0320, -263.8416,  0, 75, 0
L -329.1031, 190.9660, -263.8416,  -350.3947, 190.9655, -263.8416,  240, 0, 0
L -350.3947, 190.9655, -263.8416,  -370.4178, 170.9660, -263.8416,  240, 0, 0
L -370.4178, 170.9660, -263.8416,  -389.0336, 170.9654, -263.8414,  240, 0, 0
L -389.0336, 170.9654, -263.8414,  -389.0341, 229.0340, -263.8412,  240, 0, 0
L -389.0341, 229.0340, -263.8412,  -370.3647, 228.9987, -263.8416,  240, 0, 0
L -370.3647, 228.9987, -263.8416,  -350.4042, 209.0341, -263.8416,  240, 0, 0
L -350.4042, 209.0341, -263.8416,  -289.0320, 209.0317, -263.8416,  240, 0, 0
L -289.0352, 229.0331, -263.8416,  -289.0320, 209.0317, -263.8417,  240, 0, 0
L -270.9653, 229.0335, -263.8416,  -270.9663, 209.0326, -263.8416,  240, 0, 0
L -270.9663, 209.0326, -263.8416,  -249.0344, 209.0328, -263.8417,  240, 0, 0
L -249.0344, 209.0328, -263.8416,  -249.0311, 229.0332, -263.8416,  240, 0, 0
L -230.9648, 229.0323, -263.8416,  -230.9669, 209.0351, -263.8417,  240, 0, 0
L -230.9669, 209.0351, -263.8416,  -209.0339, 209.0306, -263.8416,  240, 0, 0
L -209.0320, 230.3986, -263.8416,  -209.0339, 209.0306, -263.8416,  240, 0, 0
L -209.0320, 230.3986, -263.8416,  -229.0325, 250.3979, -263.8416,  240, 0, 0
L -229.0325, 250.3979, -263.8416,  -229.0343, 269.0341, -263.8410,  240, 0, 0
L -229.0343, 269.0341, -263.8410,  -170.9656, 269.0342, -263.8415,  240, 0, 0
L -170.9657, 269.0343, -263.8412,  -170.9866, 250.3781, -263.8416,  240, 0, 0
L -170.9866, 250.3781, -263.8416,  -190.9612, 230.4083, -263.8416,  240, 0, 0
L -190.9612, 230.4083, -263.8416,  -191.0376, 129.0345, -263.8416,  240, 0, 0
L -191.0376, 129.0345, -263.8416,  -169.0332, 129.0315, -263.8416,  240, 0, 0
L -169.0332, 129.0315, -263.8416,  -169.0324, 149.0332, -263.8416,  240, 0, 0
L -150.9658, 149.0344, -263.8416,  -150.9675, 129.0335, -263.8416,  240, 0, 0
L -150.9675, 129.0335, -263.8416,  -129.0336, 129.0329, -263.8417,  240, 0, 0
L -129.0336, 129.0329, -263.8416,  -129.0324, 149.0342, -263.8416,  240, 0, 0
L -110.9674, 149.0319, -263.8416,  -110.9665, 129.0343, -263.8417,  240, 0, 0
L -110.9665, 129.0343, -263.8416,  -89.0343, 129.0328, -263.8416,  240, 0, 0
L -89.0343, 129.0328, -263.8416,  -89.0310, 149.0342, -263.8416,  240, 0, 0
L -70.6462, 129.0340, -264.5848,  -29.0333, 129.0155, -278.1208,  240, 0, 0
L -29.0333, 129.0155, -277.9255,  -29.0331, 169.9086, -263.8627,  240, 0, 0
L -29.0331, 169.9086, -263.8627,  -29.0342, 190.9691, -263.8416,  240, 0, 0
L -29.0342, 190.9691, -263.8416,  -70.9661, 190.9661, -263.8416,  240, 0, 0
L -70.9661, 190.9661, -263.8416,  -70.9677, 170.6447, -263.8416,  240, 0, 0
L -89.0340, 170.9671, -263.8416,  -89.0333, 190.6444, -263.8416,  240, 0, 0
L -110.9668, 190.6442, -263.8416,  -110.9656, 170.9656, -263.8413,  240, 0, 0
L -110.9656, 170.9656, -263.8413,  -129.0342, 170.9656, -263.8414,  240, 0, 0
L -129.0342, 170.9656, -263.8414,  -129.0310, 190.9701, -263.8416,  240, 0, 0
L -129.0310, 190.9701, -263.8416,  -150.9657, 190.9677, -263.8416,  240, 0, 0
L -150.9657, 190.9677, -263.8416,  -150.9668, 170.9667, -263.8417,  240, 0, 0
L -169.0348, 170.9664, -263.8416,  -169.0318, 229.0336, -263.8416,  240, 0, 0
L -150.9661, 229.0325, -263.8416,  -150.9661, 209.0336, -263.8415,  240, 0, 0
L -129.0326, 209.0341, -263.8416,  -129.0350, 289.0341, -263.8407,  240, 0, 0
L -129.0350, 289.0341, -263.8407,  -109.6954, 289.0325, -263.7143,  240, 0, 0
L -109.6954, 289.0325, -263.7143,  -68.9964, 289.0324, -249.3570,  240, 0, 0
L -150.9661, 209.0336, -263.8416,  -129.0326, 209.0341, -263.8416,  240, 0, 0
L -89.0331, -110.9685, -263.8416,  -110.9666, -110.9651, -263.8416,  0, 75, 0
L -110.9680, -129.0343, -263.8416,  -89.0338, -129.0319, -263.8416,  0, 75, 0
L -129.0328, -128.9787, -263.8416,  -129.0347, -149.0334, -263.8416,  0, 75, 0
L -129.0347, -149.0334, -257.3417,  -110.9652, -149.0334, -257.3417,  0, 75, 0
L -110.9652, -149.0334, -263.8416,  -110.9680, -129.0343, -263.8416,  0, 75, 0
L -89.0338, -129.0319, -263.8416,  -89.0342, -149.0345, -263.8413,  0, 75, 0
L -89.0342, -149.0345, -263.8413,  -70.9671, -149.0342, -263.8412,  0, 75, 0
L -70.9671, -149.0342, -263.8412,  -70.9669, -129.0332, -263.8416,  0, 75, 0
L -70.9669, -129.0332, -264.0483,  -29.0333, -129.0344, -278.1078,  0, 75, 0
L -29.0333, -129.0344, -277.6891,  -29.0350, -169.5344, -264.0015,  0, 75, 0
L -29.0350, -169.5344, -264.0015,  -29.0330, -190.9682, -263.8416,  0, 75, 0
L -29.0330, -190.9682, -263.8416,  -70.6458, -190.9656, -263.8416,  0, 75, 0
L -249.0344, 10.9683, -278.8416,  -249.0333, -10.9695, -278.8416,  0, 75, 0
L 89.0342, -69.0343, -293.8412,  88.6993, -9.0325, -293.8416,  0, 75, 0
L 216.1277, 80.4849, -97.8417,  216.1243, 46.2296, -97.8417,  127, 127, 127
L 216.1243, 46.2296, -97.8417,  229.0343, 46.2300, -97.8417,  127, 127, 127
L 216.1277, 80.4849, -97.8417,  229.0343, 80.4847, -97.8417,  127, 127, 127
L 216.1256, 58.7964, -96.3176,  224.8575, 58.7878, -96.2119,  255, 0, 255
L 224.8575, 58.7878, -96.2119,  224.8740, 66.9737, -96.2119,  255, 0, 255
L 224.8740, 66.9737, -96.2119,  216.1264, 66.9827, -96.2119,  255, 0, 255
L 19.0337, 13.0342, -97.8417,  39.3562, 13.0330, -97.8417,  0, 0, 0
L 39.3560, -5.0282, -97.8417,  19.0332, -5.0341, -97.8417,  0, 0, 0
L 19.0332, -5.0341, -97.8417,  19.0341, -26.9659, -97.8417,  0, 0, 0
L 19.0341, -26.9659, -97.8417,  39.3278, -26.9659, -97.8417,  0, 0, 0
L 39.0343, -45.0343, -97.8417,  39.0343, -45.0343, -97.8417,  0, 0, 0
L 39.3552, -45.0343, -97.8417,  19.0334, -45.0317, -97.8417,  0, 0, 0
L 19.0334, -45.0317, -97.8417,  19.0329, -106.9662, -97.8417,  0, 0, 0
L 19.0329, -106.9662, -97.8417,  39.0344, -106.9688, -97.8417,  0, 0, 0
L 39.3558, -125.0341, -97.8417,  19.0342, -125.0335, -97.8417,  0, 0, 0
L 19.0342, -125.0335, -97.8417,  19.0323, -187.5656, -97.8417,  0, 0, 0
L 19.0323, -187.5656, -97.8417,  19.0321, -206.3987, -93.8417,  0, 0, 0
L 19.0321, -206.3987, -93.8417,  39.2024, -226.5673, -93.8417,  127, 64, 0
L 39.2024, -226.5673, -93.8417,  49.0342, -246.2390, -93.8417,  127, 64, 0
L 49.0342, -246.2390, -93.8417,  49.0340, -265.7725, -93.8417,  127, 64, 0
L 49.0340, -265.7725, -93.8417,  39.3818, -285.0340, -93.8417,  127, 64, 0
L 39.3818, -285.0340, -93.8417,  19.3576, -285.0317, -93.8417,  127, 64, 0
L 0.6353, -285.0330, -93.8417,  -19.4109, -285.0182, -93.8417,  127, 64, 0
L -19.4109, -285.0182, -93.8417,  -29.0327, -265.7760, -93.8417,  127, 64, 0
L -29.0327, -265.7760, -93.8417,  -29.0344, -246.2601, -93.8417,  127, 64, 0
L -29.0344, -246.2601, -93.8417,  -19.1838, -226.5491, -93.8417,  127, 64, 0
L -19.1838, -226.5491, -93.8417,  0.9662, -206.4047, -93.8417,  127, 64, 0
L 0.9662, -206.4047, -93.8417,  0.9666, -185.0334, -97.8417,  0, 0, 0
L 0.9666, -185.0334, -97.8417,  -20.9655, -185.0297, -97.8417,  0, 0, 0
L -20.9655, -185.0297, -97.8417,  -20.9692, -205.0336, -97.8417,  0, 0, 0
L -39.0347, -205.0331, -97.8417,  -39.0325, -185.0336, -97.8417,  0, 0, 0
L -39.0325, -185.0336, -97.8417,  -60.9668, -185.0328, -97.8417,  0, 0, 0
L -60.9668, -185.0328, -97.8417,  -60.9660, -205.0336, -97.8417,  0, 0, 0
L -79.0328, -205.0332, -97.8417,  -79.0341, -185.0336, -97.8417,  0, 0, 0
L -79.0341, -185.0336, -97.8417,  -99.0345, -185.0339, -97.8417,  0, 0, 0
L -99.0345, -185.0339, -97.8417,  -99.0341, -166.9654, -97.8417,  0, 0, 0
L -99.0341, -166.9654, -97.8417,  -79.0341, -166.7848, -97.8417,  0, 0, 0
L -79.0341, -166.7848, -97.8417,  -79.0299, -125.0343, -97.8417,  0, 0, 0
L -79.0299, -125.0343, -97.8417,  -99.3558, -125.0307, -97.8417,  0, 0, 0
L -99.3558, -106.9651, -97.8417,  -79.0341, -106.9669, -97.8417,  0, 0, 0
L -79.0341, -106.9669, -97.8417,  -79.0298, -45.0339, -97.8417,  0, 0, 0
L -79.0298, -45.0339, -97.8417,  -99.3558, -45.0326, -97.8417,  0, 0, 0
L -99.3559, -26.9652, -97.8417,  -79.0333, -26.9670, -97.8417,  0, 0, 0
L -79.0333, -26.9670, -97.8417,  -79.0331, -5.0323, -97.8417,  0, 0, 0
L -79.0331, -5.0323, -97.8417,  -99.0344, -5.0342, -97.8416,  0, 0, 0
L -99.0344, -5.0342, -97.8416,  -99.0344, 13.0343, -97.8415,  0, 0, 0
L -99.0344, 13.0343, -97.8415,  -79.0337, 13.0315, -97.8417,  0, 0, 0
L -79.0337, 13.0315, -97.8417,  -79.0334, 34.3990, -97.8417,  0, 0, 0
L -79.0334, 34.3990, -97.8417,  -99.5968, 54.9664, -97.8417,  0, 0, 0
L -99.5968, 54.9664, -97.4878,  -140.3986, 54.9692, -83.5995,  0, 0, 0
L -140.3986, 54.9692, -82.8417,  -180.9653, 14.4043, -82.8417,  0, 0, 0
L -180.9655, 73.0346, -87.1128,  -180.9653, 14.4043, -87.3335,  240, 0, 0
L -180.9651, 95.5981, -87.0609,  -180.9653, 113.0343, -86.9871,  240, 0, 0
L -180.7233, 113.3560, -82.8417,  -140.4011, 73.0339, -82.8417,  0, 0, 0
L -140.4011, 73.0339, -83.3423,  -99.6000, 73.0332, -97.3753,  0, 0, 0
L -99.6000, 73.0332, -97.8417,  -79.0339, 93.5984, -97.8417,  0, 0, 0
L -79.0339, 93.5984, -97.8417,  -79.0345, 113.0341, -97.8416,  0, 0, 0
L -79.0345, 113.0341, -97.8416,  -60.3850, 113.0192, -97.8417,  0, 0, 0
L -60.3850, 113.0192, -97.8417,  -40.9923, 93.6262, -97.8417,  0, 0, 0
L -40.9923, 93.6262, -97.8417,  -40.9475, 73.0331, -97.8417,  0, 0, 0
L -40.9993, 54.9666, -97.8417,  -40.9661, 34.4535, -97.8417,  0, 0, 0
L -40.9661, 34.4535, -97.8417,  -60.9678, 14.3921, -97.8417,  0, 0, 0
L -60.9678, 14.3921, -97.8417,  -60.9663, -6.9678, -97.8417,  0, 0, 0
L -60.9663, -6.9678, -97.8417,  -40.9657, -6.9656, -97.8416,  0, 0, 0
L -40.9657, -6.9656, -97.8416,  -40.9658, -25.0343, -97.8414,  0, 0, 0
L -40.9658, -25.0343, -97.8414,  -60.9682, -25.0337, -97.8417,  0, 0, 0
L -60.9675, -66.9659, -97.8417,  -60.9682, -25.0337, -97.8417,  0, 0, 0
L -60.9675, -66.9659, -97.8417,  -39.0321, -66.9658, -97.8417,  0, 0, 0
L -39.0321, -66.9658, -97.8417,  -39.0342, -46.9665, -97.8417,  0, 0, 0
L -20.9674, -46.9670, -97.8417,  -20.9662, -66.9650, -97.8417,  0, 0, 0
L -20.9662, -66.9650, -97.8412,  0.9660, -66.9680, -97.8417,  0, 0, 0
L 0.9660, -66.9680, -97.8417,  0.9680, -25.0342, -97.8417,  0, 0, 0
L 0.9680, -25.0342, -97.8417,  -19.0338, -25.0327, -97.8417,  0, 0, 0
L -19.0337, -6.9640, -97.8417,  0.9674, -6.9677, -97.8417,  0, 0, 0
L 118.6447, 109.3540, -95.8938,  118.6456, 118.6451, -95.8938,  75, 75, 75
L 101.3557, 118.6453, -95.8938,  101.3548, 109.3558, -95.8938,  75, 75, 75
L 101.3548, 109.3558, -95.8938,  118.6447, 109.3540, -95.8938,  75, 75, 75
L 118.6456, 118.6451, -95.8938,  101.3557, 118.6453, -95.8938,  75, 75, 75
L -19.3563, -6.6442, -96.8937,  -19.3558, -25.3564, -96.8934,  0, 0, 0
L -20.6442, -46.6440, -96.8932,  -39.3558, -46.6441, -96.8938,  0, 0, 0
L -99.3559, -26.6439, -96.8935,  -99.3558, -45.3560, -96.8937,  0, 0, 0
L -99.3559, -106.6442, -96.8938,  -99.3560, -125.3558, -96.8935,  0, 0, 0
L -79.3559, -205.3559, -96.8938,  -60.6453, -205.3563, -96.8928,  0, 0, 0
L -39.3561, -205.3555, -96.8928,  -20.6439, -205.3559, -96.8934,  0, 0, 0
L 0.6353, -285.0330, -93.8938,  0.7397, -305.4804, -94.6774,  127, 64, 0
L 0.7397, -305.4804, -94.6774,  4.6469, -329.9997, -98.8914,  127, 64, 0
L 4.6469, -329.9997, -98.8914,  4.7399, -349.3522, -98.8938,  127, 64, 0
L 4.7399, -349.3522, -98.8938,  12.4481, -369.1660, -91.0941,  127, 64, 0
L 12.4481, -369.1660, -91.0941,  13.7614, -391.8340, -90.1698,  127, 64, 0
L 13.7614, -391.8340, -90.1698,  12.7870, -429.8648, -82.9177,  127, 64, 0
L 12.7870, -429.8648, -82.9177,  -6.5830, -449.7700, -82.2846,  127, 64, 0
L -6.5830, -449.7700, -82.2846,  -6.6205, -508.5060, -82.8938,  127, 64, 0
L -6.6205, -508.5060, -82.8938,  -1.5924, -509.4309, -82.8938,  127, 64, 0
L -1.5924, -509.4309, -82.8938,  -3.7733, -522.1682, -80.3663,  127, 64, 0
L -3.7733, -522.1682, -80.3663,  -9.5086, -530.4208, -78.8091,  127, 64, 0
L -9.5086, -530.4208, -78.8091,  -13.5272, -531.7493, -78.5430,  127, 64, 0
L -13.5272, -531.7493, -78.5430,  -18.3861, -530.9789, -78.6943,  127, 64, 0
L -18.3861, -530.9789, -78.6943,  4.5412, -609.4219, -69.4593,  127, 64, 0
L 4.5412, -609.4219, -69.4593,  4.6519, -670.5240, -70.8204,  127, 64, 0
L 4.6500, -669.4680, -70.8204,  4.6500, -669.4680, -70.8204,  240, 0, 0
L 4.6519, -670.5240, -70.3551,  -15.9418, -674.6696, -62.9077,  240, 0, 0
L -15.9418, -674.6696, -62.9077,  -35.3623, -682.6432, -62.8938,  240, 0, 0
L -35.3623, -682.6432, -62.8938,  -56.5401, -682.6237, -58.8938,  240, 0, 0
L -56.5401, -682.6237, -58.8938,  -63.8739, -661.1808, -58.6468,  127, 64, 0
L -63.8739, -661.1808, -58.6468,  -68.7109, -626.4147, -59.0612,  127, 64, 0
L -68.7109, -626.4147, -59.0612,  -109.3560, -610.6445, -58.0578,  127, 64, 0
L -109.3560, -610.6445, -58.0578,  -135.8999, -602.6982, -58.8938,  127, 64, 0
L -135.8999, -602.6982, -58.8938,  -176.2875, -602.9305, -58.8015,  127, 64, 0
L -176.2875, -602.9305, -58.8015,  -192.1610, -613.2753, -57.2661,  127, 64, 0
L -192.1610, -613.2753, -57.2661,  -208.0438, -620.3293, -54.0804,  127, 64, 0
L -208.0438, -620.3293, -54.0804,  -205.5250, -633.6356, -55.4431,  127, 64, 0
L -205.5250, -633.6356, -55.4431,  -208.7974, -640.0215, -55.1054,  127, 64, 0
L -208.7974, -640.0215, -55.1054,  -216.5778, -642.9645, -54.8360,  127, 64, 0
L -216.5778, -642.9645, -54.8360,  -256.0885, -643.0574, -50.8836,  127, 64, 0
L -256.0885, -643.0574, -50.8836,  -288.1641, -629.9077, -47.5984,  127, 64, 0
L -288.1641, -629.9077, -47.5984,  -300.8454, -615.6293, -45.8560,  127, 64, 0
L -300.8454, -615.6293, -45.8560,  -312.9427, -584.8349, -42.8938,  127, 64, 0
L -312.9427, -584.8349, -42.8938,  -312.5970, -505.7486, -42.8118,  127, 64, 0
L -312.5970, -505.7486, -42.8118,  -273.1828, -481.9270, -35.1346,  127, 64, 0
L -273.1828, -481.9270, -35.1346,  -272.6483, -451.4214, -34.8938,  127, 64, 0
L -272.6483, -451.4214, -34.8938,  -231.3553, -451.3515, -34.7757,  127, 64, 0
L -231.3553, -451.3515, -35.0331,  -231.3545, -463.3563, -34.9648,  127, 64, 0
L -231.3545, -463.3563, -34.9646,  -215.9397, -471.2819, -36.7129,  127, 64, 0
L -215.9397, -471.2819, -36.7129,  -196.1182, -471.3531, -42.8455,  127, 64, 0
L -196.1182, -471.3531, -42.8455,  -175.9924, -479.3109, -42.8915,  127, 64, 0
L -175.9924, -479.3109, -42.8915,  -152.3924, -479.3561, -42.7623,  127, 64, 0
L -152.3924, -479.3561, -42.7623,  -148.7524, -473.3616, -41.6239,  127, 64, 0
L -148.7524, -473.3616, -41.6239,  -140.5854, -459.6408, -42.8938,  127, 64, 0
L -140.5854, -459.6408, -42.8938,  -137.1364, -440.6409, -42.8938,  127, 64, 0
L -137.1364, -440.6409, -42.8938,  -129.9482, -439.3371, -42.8938,  127, 64, 0
L -129.9482, -439.3371, -42.8938,  -120.2812, -422.1208, -43.0796,  127, 64, 0
L -120.2812, -422.1208, -43.0796,  -116.6444, -388.5278, -42.8938,  127, 64, 0
L -116.6444, -388.5278, -42.8938,  -148.0817, -380.6437, -42.9779,  127, 64, 0
L -148.0817, -380.6437, -42.9779,  -171.2032, -380.6439, -42.8938,  127, 64, 0
L -171.2032, -380.6439, -42.8938,  -168.3663, -393.8782, -42.8938,  127, 64, 0
L -168.3663, -393.8782, -42.8938,  -171.6674, -400.5595, -42.8938,  127, 64, 0
L -171.6674, -400.5595, -42.8938,  -177.8482, -403.2093, -42.8938,  127, 64, 0
L -177.8482, -403.2093, -42.8938,  -182.2705, -400.6443, -42.8938,  127, 64, 0
L -182.2705, -400.6443, -42.8938,  -231.3559, -400.6440, -35.0335,  127, 64, 0
L -231.3559, -400.6440, -35.0335,  -231.2914, -412.2298, -35.0494,  127, 64, 0
L -231.2914, -412.2298, -35.0494,  -228.3629, -425.8842, -35.2970,  127, 64, 0
L -228.3629, -425.8842, -35.2970,  -231.6924, -432.8323, -34.9273,  127, 64, 0
L -231.6924, -432.8323, -34.9273,  -238.6153, -435.5363, -34.1763,  127, 64, 0
L -238.6153, -435.5363, -34.1763,  -252.2772, -432.6443, -34.7623,  127, 64, 0
L -252.2772, -432.6443, -34.7623,  -272.6585, -432.6099, -34.9258,  127, 64, 0
L -272.6585, -432.6099, -34.9258,  -275.1323, -415.9019, -35.5149,  127, 64, 0
L -275.1323, -415.9019, -35.5149,  -280.6448, -400.4953, -36.6184,  127, 64, 0
L -280.6448, -400.4953, -36.6184,  -281.6179, -386.8052, -36.7172,  127, 64, 0
L -281.6179, -386.8052, -36.7172,  -271.8955, -360.0018, -34.4038,  127, 64, 0
L -271.8955, -360.0018, -34.4038,  -256.6491, -321.8895, -26.8938,  127, 64, 0
L -256.6491, -321.8895, -26.8938,  -256.6451, -292.6791, -26.9601,  127, 64, 0
L -256.6451, -292.6791, -26.9601,  -257.9431, -251.3718, -26.9841,  127, 64, 0
L -257.9431, -251.3718, -26.9841,  -270.6779, -242.2404, -26.8938,  127, 64, 0
L -270.6779, -242.2404, -22.9043,  -270.6560, -202.1986, -18.9381,  127, 64, 0
L -270.6560, -202.1986, -18.9381,  -279.6213, -187.3605, -15.8792,  127, 64, 0
L -279.6213, -187.3605, -15.8792,  -294.3048, -162.7437, -11.0359,  127, 64, 0
L -294.3048, -162.7437, -11.0359,  -334.6448, -162.6416, -11.0206,  127, 64, 0
L -334.6448, -162.6416, -10.8938,  -334.6447, -156.4654, -10.8938,  127, 64, 0
L -334.6447, -156.4654, -10.8938,  -334.6645, -142.3549, -10.8938,  127, 64, 0
L -334.6645, -142.3549, -10.8938,  -374.3106, -102.7775, -10.9542,  127, 64, 0
L -374.3106, -102.7775, -10.8938,  -413.5374, -102.6436, -10.9824,  127, 64, 0
L -413.5374, -102.6436, -10.9824,  -433.3562, -127.9473, -10.8944,  127, 64, 0
L -433.3562, -127.9473, -10.8944,  -433.3539, -158.2428, -10.1185,  127, 64, 0
L -433.3539, -158.2428, -10.1185,  -445.3557, -178.2468, -10.7738,  127, 64, 0
L -445.3557, -178.2468, -10.7738,  -445.3548, -220.9141, -10.7714,  127, 64, 0
L -445.3548, -220.9141, -10.7714,  -445.3559, -261.3558, -3.0200,  127, 64, 0
L -445.3559, -261.3558, -3.0200,  -406.3310, -261.3557, -3.0210,  127, 64, 0
L -406.3310, -261.3557, -3.0210,  -374.1075, -221.2473, -10.9688,  127, 64, 0
L -374.1075, -221.2473, -10.9688,  -342.4765, -221.3554, -10.8938,  127, 64, 0
L -342.4765, -221.3554, -10.8938,  -333.6768, -201.3570, -11.0664,  127, 64, 0
L -309.9227, -201.3540, -18.6667,  -309.9733, -243.0864, -26.8938,  127, 64, 0
L -333.6768, -201.3570, -15.3337,  -309.9227, -201.3540, -17.5882,  127, 64, 0
L -310.1423, -242.6445, -26.8938,  -323.7082, -242.7935, -26.8938,  127, 64, 0
L -323.7082, -242.7935, -26.8938,  -332.8265, -273.4818, -26.8967,  127, 64, 0
L -332.8265, -273.4818, -26.8967,  -335.1657, -305.6395, -26.7671,  127, 64, 0
L -335.1657, -305.6395, -26.7671,  -295.1620, -321.6385, -26.6788,  127, 64, 0
L -295.1620, -321.6385, -27.2219,  -311.3560, -362.1636, -34.9400,  127, 64, 0
L -311.3560, -362.1636, -34.9400,  -311.3537, -386.6439, -42.1246,  127, 64, 0
L -311.3537, -386.6439, -42.8938,  -367.6033, -386.6488, -42.9573,  127, 64, 0
L -367.6033, -386.6488, -43.8988,  -379.3736, -410.1865, -43.8755,  127, 64, 0
L -379.3736, -410.1865, -43.8755,  -383.3565, -434.0628, -42.8938,  127, 64, 0
L -383.3565, -434.0628, -42.8938,  -383.3547, -458.1005, -42.8938,  127, 64, 0
L -383.3547, -458.1005, -42.8938,  -391.3560, -482.1289, -42.7897,  127, 64, 0
L -391.3560, -482.1289, -42.7897,  -391.3334, -529.5718, -42.8443,  127, 64, 0
L -391.3334, -529.5718, -42.8443,  -351.3565, -545.5679, -42.8938,  127, 64, 0
L -351.3565, -545.5679, -42.8938,  -351.3179, -585.9728, -42.8938,  127, 64, 0
L -351.3179, -585.9728, -42.8938,  -335.4095, -625.6696, -46.8604,  127, 64, 0
L -335.4095, -625.6696, -46.8604,  -295.5372, -665.4919, -46.8696,  127, 64, 0
L -295.5372, -665.4919, -46.8696,  -255.7752, -681.3566, -50.8713,  127, 64, 0
L -255.7752, -681.3566, -50.8713,  -215.3862, -681.3544, -54.7859,  127, 64, 0
L -215.3862, -681.3544, -54.9576,  -215.3368, -705.5295, -54.8949,  127, 64, 0
L -215.3368, -705.5295, -54.8949,  -175.8480, -721.3561, -58.8938,  127, 64, 0
L -175.8480, -721.3561, -58.8938,  -56.8820, -720.9542, -58.8928,  127, 64, 0
L -56.8820, -720.9542, -58.8928,  -59.5765, -707.5626, -59.2520,  127, 64, 0
L -59.5765, -707.5626, -59.2520,  -56.2745, -701.4142, -58.9204,  127, 64, 0
L -56.2745, -701.4142, -58.9204,  -48.2771, -698.3915, -58.9815,  240, 0, 0
L -48.2771, -698.3915, -58.9815,  -36.1224, -701.2740, -62.8335,  240, 0, 0
L -36.1224, -701.2740, -62.8335,  3.7316, -689.3901, -70.7750,  240, 0, 0
L 3.7316, -689.3901, -70.7750,  23.4442, -681.5276, -69.1968,  240, 0, 0
L 23.4442, -681.5276, -69.1968,  52.0200, -689.3251, -70.8938,  127, 64, 0
L 52.0200, -689.3251, -70.8938,  80.6448, -689.3542, -70.7619,  127, 64, 0
L 80.6448, -689.3542, -66.9284,  80.6445, -729.1938, -66.8396,  127, 64, 0
L 80.6445, -729.1938, -66.8396,  84.1506, -747.1611, -66.6084,  127, 64, 0
L 84.1506, -747.1611, -66.6084,  82.9474, -801.2657, -66.8938,  127, 64, 0
L 82.9474, -801.2657, -66.8938,  107.9536, -809.3170, -66.9832,  127, 64, 0
L 107.9536, -809.3170, -66.9832,  135.2148, -809.3564, -66.8928,  127, 64, 0
L 135.2148, -809.3564, -66.8928,  135.5165, -789.2353, -66.8938,  127, 64, 0
L 135.5165, -789.2353, -66.8938,  155.3399, -749.8619, -66.8645,  127, 64, 0
L 155.3399, -749.8619, -66.8645,  158.4946, -718.6339, -66.9194,  127, 64, 0
L 158.4946, -718.6339, -66.9194,  139.8249, -710.7253, -66.8765,  127, 64, 0
L 139.8249, -710.7253, -66.8765,  99.1329, -710.6913, -66.8870,  127, 64, 0
L 99.1329, -710.6913, -66.7382,  99.2314, -689.3063, -70.7740,  127, 64, 0
L 99.2314, -689.3063, -70.8938,  139.2040, -689.3564, -70.8928,  127, 64, 0
L 139.2040, -689.3564, -70.8928,  136.7858, -674.9858, -70.5841,  127, 64, 0
L 136.7858, -674.9858, -70.5841,  139.1573, -669.6594, -70.8938,  127, 64, 0
L 139.1573, -669.6594, -70.8938,  146.9052, -666.3356, -70.8938,  127, 64, 0
L 146.9052, -666.3356, -70.8938,  159.3564, -669.1906, -64.2670,  127, 64, 0
L 159.3564, -669.1906, -64.2670,  159.2991, -650.2206, -66.1347,  127, 64, 0
L 159.2991, -650.2206, -66.1347,  139.6413, -630.5530, -70.8938,  127, 64, 0
L 139.6413, -630.5530, -70.8938,  138.1213, -616.9799, -70.8165,  127, 64, 0
L 138.1213, -616.9799, -70.8165,  139.3554, -590.2910, -70.8938,  127, 64, 0
L 139.3554, -590.2910, -70.8938,  137.3919, -571.4570, -74.0749,  127, 64, 0
L 137.3919, -571.4570, -74.0749,  139.9720, -566.6000, -74.8938,  127, 64, 0
L 139.9720, -566.6000, -74.8938,  147.3104, -562.5753, -74.8938,  127, 64, 0
L 147.3104, -562.5753, -74.8938,  146.3505, -553.0021, -74.8938,  127, 64, 0
L 146.3505, -553.0021, -74.8938,  150.1287, -545.1232, -74.8658,  127, 64, 0
L 150.1287, -545.1232, -74.8658,  156.3217, -542.1166, -73.6272,  127, 64, 0
L 156.3217, -542.1166, -73.6272,  170.6436, -545.5107, -70.9141,  127, 64, 0
L 170.6436, -545.5107, -70.8938,  170.6541, -557.5568, -70.8938,  127, 64, 0
L 170.6541, -557.5568, -70.8938,  202.5215, -569.5331, -70.8938,  127, 64, 0
L 202.5215, -569.5331, -70.8938,  202.9472, -581.3560, -70.8947,  127, 64, 0
L 202.9472, -581.3560, -70.8947,  221.8850, -587.0121, -70.4504,  127, 64, 0
L 221.8850, -587.0121, -70.4504,  229.3413, -546.0240, -70.8889,  127, 64, 0
L 229.3413, -546.0240, -70.8889,  229.3555, -514.5516, -70.6235,  127, 64, 0
L 229.3555, -514.5516, -70.6235,  208.7805, -506.6453, -70.8938,  127, 64, 0
L 208.7805, -506.6453, -70.8938,  178.7315, -506.8501, -70.8928,  127, 64, 0
L 178.7315, -506.8501, -70.8928,  179.7385, -517.0963, -69.6723,  127, 64, 0
L 179.7385, -517.0963, -69.6723,  171.2137, -526.1152, -70.8938,  127, 64, 0
L 171.2137, -526.1152, -70.8938,  149.2338, -526.6288, -75.0438,  127, 64, 0
L 149.2338, -526.6288, -75.0438,  146.2120, -511.8637, -74.8938,  127, 64, 0
L 146.2120, -511.8637, -74.8938,  149.1118, -506.3377, -74.8928,  127, 64, 0
L 149.1118, -506.3377, -74.8928,  109.8377, -490.6305, -74.8783,  127, 64, 0
L 109.8377, -490.6305, -74.8783,  70.6423, -486.7122, -74.8152,  127, 64, 0
L 70.6423, -486.7122, -74.8152,  52.0788, -470.9322, -78.8803,  127, 64, 0
L 52.0788, -470.9322, -78.8803,  47.7009, -472.1508, -78.8938,  127, 64, 0
L 47.7009, -472.1508, -78.8938,  30.3483, -461.9874, -82.8938,  127, 64, 0
L 30.3483, -461.9874, -82.8938,  31.4065, -455.6295, -82.8938,  127, 64, 0
L 31.4065, -455.6295, -82.8938,  45.3772, -452.4742, -79.6597,  127, 64, 0
L 45.3772, -452.4742, -79.6597,  47.5233, -453.0413, -79.4780,  127, 64, 0
L 47.5233, -453.0413, -79.4780,  69.4216, -443.4551, -78.8938,  127, 64, 0
L 69.4216, -443.4551, -78.8938,  109.8717, -435.3645, -78.8938,  127, 64, 0
L 109.8717, -435.3645, -78.8938,  164.3244, -434.3845, -74.8954,  127, 64, 0
L 164.3244, -434.3845, -74.8954,  163.3584, -431.7739, -74.8938,  127, 64, 0
L 163.3584, -431.7739, -74.8938,  166.4618, -426.5300, -74.6226,  127, 64, 0
L 166.4618, -426.5300, -74.6226,  173.4220, -425.2744, -74.2945,  127, 64, 0
L 173.4220, -425.2744, -74.2945,  180.8749, -428.9607, -74.1814,  127, 64, 0
L 180.8749, -428.9607, -74.1814,  183.7083, -435.0170, -74.7911,  127, 64, 0
L 183.7083, -435.0170, -74.7911,  180.9667, -447.5779, -74.8929,  127, 64, 0
L 180.9667, -447.5779, -74.8929,  197.8426, -447.3450, -74.2966,  127, 64, 0
L 197.8426, -447.3450, -74.2966,  218.9074, -435.1076, -74.8938,  127, 64, 0
L 218.9074, -435.1076, -74.8938,  261.5589, -434.9912, -74.8941,  127, 64, 0
L 261.5589, -434.9912, -74.8941,  269.3238, -400.0743, -75.0267,  127, 64, 0
L 269.3238, -400.0743, -75.0267,  269.3557, -380.3859, -75.0230,  127, 64, 0
L 269.3557, -380.3859, -75.0230,  249.8659, -368.6856, -75.8720,  127, 64, 0
L 249.8659, -368.6856, -75.8720,  230.1235, -364.6772, -74.8938,  127, 64, 0
L 230.1235, -364.6772, -74.8938,  210.2307, -364.6442, -74.5087,  127, 64, 0
L 210.2307, -364.6442, -74.5087,  188.3644, -364.0468, -74.8938,  127, 64, 0
L 188.3644, -364.0468, -74.8938,  169.8821, -356.6460, -74.8938,  127, 64, 0
L 169.8821, -356.6460, -74.8938,  119.3039, -356.6440, -77.8993,  127, 64, 0
L 119.3039, -356.6440, -77.8993,  118.5815, -358.2789, -77.8065,  127, 64, 0
L 118.5815, -358.2789, -77.8065,  111.9420, -361.6448, -78.4981,  127, 64, 0
L 111.9420, -361.6448, -78.4981,  110.6438, -382.8357, -78.7619,  127, 64, 0
L 110.6438, -382.8357, -78.7619,  113.6498, -390.1126, -78.1611,  127, 64, 0
L 113.6498, -390.1126, -78.1611,  112.1066, -396.8030, -78.5208,  127, 64, 0
L 112.1066, -396.8030, -78.5208,  106.5078, -399.4901, -78.8938,  127, 64, 0
L 106.5078, -399.4901, -78.8938,  102.8753, -397.9327, -78.8938,  127, 64, 0
L 102.8753, -397.9327, -78.9020,  70.6435, -404.7848, -79.0209,  127, 64, 0
L 70.6435, -404.7848, -79.0209,  70.6069, -424.4505, -79.0123,  127, 64, 0
L 70.6069, -424.4505, -79.0123,  52.3134, -432.5663, -78.8215,  127, 64, 0
L 52.3134, -432.5663, -78.8215,  41.2413, -439.9986, -80.8861,  127, 64, 0
L 41.2413, -439.9986, -80.8861,  31.4800, -443.4050, -82.8938,  127, 64, 0
L 31.4800, -443.4050, -82.8938,  28.3704, -433.1493, -82.5302,  127, 64, 0
L 28.3704, -433.1493, -82.5302,  31.3556, -425.8738, -83.7207,  127, 64, 0
L 31.3556, -425.8738, -83.7207,  31.3443, -409.4234, -87.0051,  127, 64, 0
L 31.3443, -409.4234, -87.0051,  31.3556, -370.1876, -90.8938,  127, 64, 0
L 31.3556, -370.1876, -90.8938,  23.3442, -349.9601, -98.8088,  127, 64, 0
L 23.3442, -349.9601, -98.8088,  19.3221, -306.6047, -94.8938,  127, 64, 0
L 19.3221, -306.6047, -93.9009,  19.3576, -285.0317, -93.8938,  127, 64, 0
L -209.9565, 94.7367, -82.8938,  -174.6384, 94.5427, -82.8938,  240, 240, 240
L -174.6384, 94.5427, -82.8938,  -172.3880, 89.9828, -82.8938,  240, 240, 240
L -172.3880, 89.9828, -82.8938,  -171.4624, 85.5497, -82.8938,  240, 240, 240
L -171.4624, 85.5497, -82.8938,  -171.4610, 82.0149, -82.8938,  240, 240, 240
L -171.4610, 82.0149, -82.8938,  -172.4440, 77.9873, -82.8938,  240, 240, 240
L -172.4440, 77.9873, -82.8938,  -174.7294, 73.4183, -82.8937,  240, 240, 240
L -190.0443, 73.5086, -82.8938,  -174.7294, 73.4183, -82.8938,  240, 240, 240
L -190.0428, 74.6267, -78.8938,  -192.9650, 76.0814, -78.8938,  240, 240, 240
L -192.9650, 76.0814, -78.8938,  -197.7368, 77.5214, -78.8938,  240, 240, 240
L -197.7368, 77.5214, -78.8938,  -201.8463, 77.5935, -78.8938,  240, 240, 240
L -201.8463, 77.5935, -78.8938,  -206.6635, 76.2959, -78.8938,  240, 240, 240
L -206.6635, 76.2959, -78.8938,  -209.9565, 74.6197, -78.8924,  240, 240, 240
L -209.9564, 34.6300, -78.8924,  -209.9565, 94.7367, -78.8938,  240, 240, 240
L -190.0428, 74.6267, -69.9334,  -190.1238, 14.6446, -69.8938,  240, 240, 240
L -190.1238, 14.6446, -69.8938,  -239.1531, 14.6443, -69.8938,  240, 240, 240
L -257.3559, 56.6438, -86.2863,  -257.3558, 73.3558, -86.3242,  240, 0, 0
L -257.3558, 73.3558, -86.3242,  -239.3557, 73.3558, -86.3343,  240, 0, 0
L -239.3557, 73.3558, -86.3281,  -239.3561, 113.7332, -86.3615,  240, 0, 0
L -239.3561, 113.7332, -86.3615,  -219.9999, 133.0895, -86.3059,  240, 0, 0
L -219.9999, 133.0895, -86.3059,  -200.1237, 113.3430, -86.4520,  240, 0, 0
L -200.1237, 113.3430, -86.4520,  -180.6441, 113.3560, -86.3251,  240, 0, 0
L -180.6438, 14.6442, -86.2854,  -190.1239, 14.6440, -86.3102,  240, 0, 0
L -190.0967, 34.7614, -86.6665,  -194.2115, 36.7163, -86.6665,  240, 240, 240
L -194.2115, 36.7163, -86.6665,  -198.0602, 37.6434, -86.6665,  240, 240, 240
L -198.0602, 37.6434, -86.6665,  -202.3818, 37.5678, -86.6665,  240, 240, 240
L -202.3818, 37.5678, -86.6665,  -206.4095, 36.5442, -86.6665,  240, 240, 240
L -206.4095, 36.5442, -86.6665,  -210.1787, 34.6301, -86.6665,  240, 240, 240
L -210.8616, 34.2834, -86.7869,  -208.6985, 29.9581, -86.7869,  240, 240, 240
L -208.6985, 29.9581, -86.7869,  -207.6631, 25.9997, -86.7869,  240, 240, 240
L -207.6631, 25.9997, -86.7869,  -207.6996, 21.8539, -86.7869,  240, 240, 240
L -207.6996, 21.8539, -86.7869,  -208.5777, 18.3435, -86.7869,  240, 240, 240
L -208.5777, 18.3435, -86.7869,  -210.3952, 14.6445, -86.7869,  240, 240, 240
L -200.2651, 14.6445, -86.4352,  -220.0000, -5.0890, -86.6065,  240, 0, 0
L -220.0000, -5.0890, -86.6065,  -239.3431, 14.2528, -86.3592,  240, 0, 0
L -223.9599, 14.6444, -86.3592,  -222.3260, 17.9333, -86.3592,  240, 240, 240
L -222.3260, 17.9333, -86.3592,  -221.3371, 22.1511, -86.3592,  240, 240, 240
L -221.3371, 22.1511, -86.3592,  -221.3566, 26.0390, -86.3592,  240, 240, 240
L -221.3566, 26.0390, -86.3592,  -222.4007, 30.2569, -86.3592,  240, 240, 240
L -222.4007, 30.2569, -86.3592,  -224.4457, 34.6370, -86.3602,  240, 240, 240
L -224.3560, 34.4449, -86.3602,  -224.3565, 53.3647, -86.2899,  240, 240, 240
L -239.3559, 54.6433, -86.2899,  -239.3559, 54.6433, -86.2899,  240, 0, 0
L -239.3550, 53.3554, -86.2899,  -239.3571, 56.6403, -86.2899,  240, 0, 0
L -239.3571, 56.6403, -86.2616,  -257.3407, 56.6591, -86.3879,  240, 0, 0
L -239.3222, 34.6442, -63.8938,  -209.9564, 34.6300, -63.8938,  240, 240, 240
L -224.3565, 53.3647, -63.8938,  -239.4805, 53.3565, -63.8938,  240, 240, 240
L -238.8146, 52.8417, -65.8938,  -237.4921, 50.4271, -65.8938,  240, 240, 240
L -237.4921, 50.4271, -65.8938,  -236.4483, 46.0126, -65.8938,  240, 240, 240
L -236.4483, 46.0126, -65.8938,  -236.4183, 42.1467, -65.8938,  240, 240, 240
L -236.4183, 42.1467, -65.8938,  -237.3627, 38.3377, -65.8938,  240, 240, 240
L -237.3627, 38.3377, -65.8938,  -239.0052, 34.6441, -65.8938,  240, 240, 240
L -239.1531, 14.6443, -64.8938,  -239.4805, 53.3554, -64.8938,  240, 240, 240
L -239.3550, 53.3554, -63.8938,  -260.6461, 53.3556, -63.8938,  0, 0, 0
L -260.6461, 53.3556, -63.8938,  -260.6505, 113.3957, -63.8938,  0, 0, 0
L -260.6505, 113.3957, -63.8938,  -268.1280, 113.8683, -63.8938,  0, 0, 0
L -268.1280, 113.8683, -63.8938,  -276.0537, 115.3109, -63.8938,  0, 0, 0
L -276.0537, 115.3109, -63.8938,  -284.3002, 119.4199, -63.8938,  0, 0, 0
L -284.3002, 119.4199, -63.8938,  -292.4500, 125.5317, -63.8938,  0, 0, 0
L -292.4500, 125.5317, -63.8938,  -300.6443, 133.8796, -63.8938,  0, 0, 0
L -300.6443, 133.8796, -63.8938,  -300.6490, 152.4108, -63.8942,  0, 0, 0
L -300.6490, 152.4108, -63.8939,  -316.4365, 155.4722, -63.8938,  0, 0, 0
L -316.4365, 155.4722, -63.8938,  -324.5249, 159.5507, -63.8938,  0, 0, 0
L -324.5249, 159.5507, -63.8938,  -332.6209, 165.6771, -63.8938,  0, 0, 0
L -332.6209, 165.6771, -63.8938,  -340.2861, 173.3564, -63.8938,  0, 0, 0
L -340.2861, 173.3564, -63.8938,  -359.7140, 173.3559, -63.8938,  0, 0, 0
L -359.7140, 173.3559, -63.8938,  -367.6720, 165.4402, -63.8938,  0, 0, 0
L -367.6720, 165.4402, -63.8938,  -375.7890, 159.3524, -63.8938,  0, 0, 0
L -375.7890, 159.3524, -63.8938,  -383.8042, 155.3800, -63.8938,  0, 0, 0
L -383.8042, 155.3800, -63.8938,  -392.2265, 153.8370, -63.8938,  0, 0, 0
L -392.2265, 153.8370, -63.8938,  -399.3484, 153.3956, -63.8938,  0, 0, 0
L -399.3484, 153.3956, -63.8938,  -399.3188, 133.3555, -63.8938,  0, 0, 0
L -399.3188, 133.3555, -63.6124,  -420.6344, 133.3536, -59.2333,  0, 0, 0
L -420.6344, 133.3536, -58.8938,  -420.6884, 142.0964, -58.8938,  0, 0, 0
L -420.6884, 142.0964, -58.8938,  -422.6127, 149.7861, -58.8938,  0, 0, 0
L -422.6127, 149.7861, -58.8938,  -426.5449, 157.6509, -58.8938,  0, 0, 0
L -426.5449, 157.6509, -58.8938,  -432.4928, 165.5827, -58.8938,  0, 0, 0
L -432.4928, 165.5827, -58.8938,  -440.2531, 173.3417, -58.8938,  0, 0, 0
L -459.7083, 173.3558, -58.8938,  -440.2750, 173.3560, -58.8938,  0, 0, 0
L -459.7013, 173.3557, -58.8938,  -467.7242, 165.4012, -58.8938,  0, 0, 0
L -467.7242, 165.4012, -58.8938,  -475.5768, 159.4916, -58.8938,  0, 0, 0
L -475.5768, 159.4916, -58.8938,  -483.7089, 155.4251, -58.8938,  0, 0, 0
L -483.7089, 155.4251, -58.8938,  -492.2651, 153.8387, -58.8938,  0, 0, 0
L -492.2651, 153.8387, -58.8938,  -499.3559, 153.3918, -58.8938,  0, 0, 0
L -499.3559, 153.3918, -58.8938,  -499.3562, 114.3263, -58.8938,  0, 0, 0
L -499.3562, 114.3263, -58.8938,  -491.6887, 106.6001, -58.8938,  0, 0, 0
L -491.6887, 106.6001, -58.8938,  -485.7726, 98.7710, -58.8938,  0, 0, 0
L -485.7726, 98.7710, -58.8938,  -481.3754, 90.1685, -58.8938,  0, 0, 0
L -481.3754, 90.1685, -58.8938,  -479.8195, 81.4317, -58.8938,  0, 0, 0
L -479.8195, 81.4317, -58.8938,  -479.3518, 73.9569, -58.8938,  0, 0, 0
L -479.3518, 73.9569, -58.8938,  -479.8718, 65.7161, -58.8938,  0, 0, 0
L -479.8718, 65.7161, -58.8938,  -481.6007, 57.3593, -58.8938,  0, 0, 0
L -481.6007, 57.3593, -58.8938,  -485.2593, 50.0397, -58.8938,  0, 0, 0
L -485.2593, 50.0397, -58.8938,  -491.6461, 41.4417, -58.8938,  0, 0, 0
L -491.6461, 41.4417, -58.8938,  -499.3558, 33.7109, -58.8938,  0, 0, 0
L -499.3558, 33.7109, -58.8938,  -499.2600, 5.6967, -58.8938,  0, 0, 0
L -499.2600, 5.6967, -58.8938,  -497.3933, -1.7735, -58.8938,  0, 0, 0
L -497.3933, -1.7735, -58.8938,  -493.4513, -9.6586, -58.8938,  0, 0, 0
L -493.4513, -9.6586, -58.8938,  -487.5189, -17.5688, -58.8938,  0, 0, 0
L -487.5189, -17.5688, -58.8938,  -479.7283, -25.3560, -58.8938,  0, 0, 0
L -479.7283, -25.3560, -58.8938,  -399.3561, -25.3526, -58.8938,  0, 0, 0
L -399.3561, -25.3526, -60.8928,  -399.3558, -47.1718, -62.8938,  0, 0, 0
L -399.3558, -47.1718, -63.8938,  -419.7589, -66.6441, -63.8938,  0, 0, 0
L -419.7589, -66.6441, -63.8938,  -439.3951, -66.6513, -63.8938,  0, 0, 0
L -439.3951, -66.6513, -63.8938,  -439.8589, -74.0658, -63.8938,  0, 0, 0
L -439.8589, -74.0658, -63.8938,  -441.3972, -82.2838, -63.8938,  0, 0, 0
L -441.3972, -82.2838, -63.8938,  -445.1921, -89.8260, -63.8938,  0, 0, 0
L -445.1921, -89.8260, -63.8938,  -451.2339, -98.0525, -63.8938,  0, 0, 0
L -451.2339, -98.0525, -63.8938,  -459.3558, -106.2880, -63.8938,  0, 0, 0
L -459.3558, -106.2880, -63.8938,  -459.3531, -133.9339, -63.8938,  0, 0, 0
L -459.3531, -133.9339, -63.8938,  -457.3890, -141.7829, -63.8938,  0, 0, 0
L -457.3890, -141.7829, -63.8938,  -453.4516, -149.6576, -63.8938,  0, 0, 0
L -453.4516, -149.6576, -63.8938,  -447.5110, -157.5791, -63.8938,  0, 0, 0
L -447.5110, -157.5791, -63.8938,  -431.5827, -173.5073, -63.8938,  0, 0, 0
L -431.5827, -173.5073, -63.8938,  -423.6574, -179.4519, -63.8938,  0, 0, 0
L -423.6574, -179.4519, -63.8938,  -415.7867, -183.3869, -63.8938,  0, 0, 0
L -415.7867, -183.3869, -63.8938,  -407.9199, -185.3562, -63.8938,  0, 0, 0
L -407.9199, -185.3562, -63.8938,  -392.0641, -185.3526, -63.8938,  0, 0, 0
L -392.0641, -185.3526, -63.8938,  -384.2253, -183.3930, -63.8938,  0, 0, 0
L -384.2253, -183.3930, -63.8938,  -376.3455, -179.4533, -63.8938,  0, 0, 0
L -376.3455, -179.4533, -63.8938,  -368.4187, -173.5087, -63.8938,  0, 0, 0
L -368.4187, -173.5087, -63.8938,  -360.6440, -165.7203, -63.8938,  0, 0, 0
L -360.6440, -165.7203, -63.8938,  -360.6447, -145.3467, -63.8938,  0, 0, 0
L -360.6447, -145.3467, -63.8999,  -339.7342, -145.3555, -68.8938,  0, 0, 0
L -339.7342, -145.3555, -73.8938,  -319.3543, -165.7327, -73.8938,  0, 0, 0
L -319.3543, -165.7327, -73.8938,  -319.3550, -206.2669, -73.8938,  0, 0, 0
L -319.3550, -206.2669, -73.8938,  -327.5075, -214.4175, -73.8938,  0, 0, 0
L -327.5075, -214.4175, -73.8938,  -333.4994, -222.4394, -73.8938,  0, 0, 0
L -333.4994, -222.4394, -73.8938,  -337.3925, -230.2264, -73.8938,  0, 0, 0
L -337.3925, -230.2264, -73.8938,  -339.3536, -238.0697, -73.8938,  0, 0, 0
L -339.3536, -238.0697, -73.8938,  -339.3550, -246.2659, -73.8938,  0, 0, 0
L -339.3550, -246.2659, -73.8938,  -347.5410, -254.4613, -73.8938,  0, 0, 0
L -347.5410, -254.4613, -73.8938,  -355.5083, -260.4366, -73.8938,  0, 0, 0
L -355.5083, -260.4366, -73.8938,  -363.9147, -264.6779, -73.8938,  0, 0, 0
L -363.9147, -264.6779, -73.8938,  -371.9507, -266.1414, -73.8938,  0, 0, 0
L -371.9507, -266.1414, -73.8938,  -386.8769, -266.6442, -73.8938,  0, 0, 0
L -386.8769, -266.6442, -73.8938,  -399.3560, -266.6441, -73.8937,  0, 0, 0
L -399.3560, -266.6441, -73.8937,  -399.3554, -286.6449, -73.8938,  0, 0, 0
L -399.3554, -286.6449, -75.8938,  -420.6441, -286.6445, -78.8938,  0, 0, 0
L -420.6441, -286.6445, -83.8937,  -420.6443, -266.3027, -83.8938,  0, 0, 0
L -420.6443, -266.3027, -83.8938,  -428.4311, -258.4910, -83.8938,  0, 0, 0
L -428.4311, -258.4910, -83.8938,  -434.3023, -250.6715, -83.8938,  0, 0, 0
L -434.3023, -250.6715, -83.8938,  -438.5889, -242.2632, -83.8938,  0, 0, 0
L -438.5889, -242.2632, -83.8938,  -440.1506, -234.0277, -83.8938,  0, 0, 0
L -440.1506, -234.0277, -83.8938,  -440.6200, -226.6066, -83.8938,  0, 0, 0
L -440.6200, -226.6066, -83.8938,  -448.5083, -226.0614, -83.8938,  0, 0, 0
L -448.5083, -226.0614, -83.8938,  -455.4804, -224.7543, -83.8938,  0, 0, 0
L -455.4804, -224.7543, -83.8938,  -463.4227, -221.0085, -83.8938,  0, 0, 0
L -463.4227, -221.0085, -83.8938,  -472.6023, -214.3531, -83.8938,  0, 0, 0
L -472.6023, -214.3531, -83.8938,  -480.2581, -206.6528, -83.8938,  0, 0, 0
L -480.2581, -206.6528, -83.8938,  -487.9272, -206.6451, -83.8938,  0, 0, 0
L -487.9272, -206.6451, -83.8938,  -495.5927, -208.5622, -83.8938,  0, 0, 0
L -495.5927, -208.5622, -83.8938,  -503.6483, -212.5438, -83.8938,  0, 0, 0
L -503.6483, -212.5438, -83.8938,  -511.6069, -218.5173, -83.8938,  0, 0, 0
L -511.6069, -218.5173, -83.8938,  -519.4604, -226.3723, -83.8938,  0, 0, 0
L -519.4604, -226.3723, -83.8938,  -539.0891, -246.0001, -83.8938,  0, 0, 0
L -539.0891, -246.0001, -83.8938,  -519.7032, -265.3557, -83.8938,  0, 0, 0
L -519.7032, -265.3557, -83.8938,  -483.5940, -267.4553, -83.8938,  0, 0, 0
L -483.5940, -267.4553, -83.8938,  -475.6236, -271.4671, -83.8938,  0, 0, 0
L -475.6236, -271.4671, -83.8938,  -467.3227, -277.7654, -83.8938,  0, 0, 0
L -467.3227, -277.7654, -83.8938,  -451.5772, -293.5127, -83.8938,  0, 0, 0
L -451.5772, -293.5127, -83.8938,  -443.6547, -299.4532, -83.8938,  0, 0, 0
L -443.6547, -299.4532, -83.8938,  -435.7813, -303.3898, -81.8938,  0, 0, 0
L -435.7813, -303.3898, -81.8938,  -427.9275, -305.3550, -80.8938,  0, 0, 0
L -427.9275, -305.3550, -80.8938,  -399.7329, -305.3550, -75.8938,  0, 0, 0
L -399.7329, -305.3550, -73.8938,  -379.7544, -325.3345, -73.8938,  0, 0, 0
L -379.7544, -325.3345, -73.8938,  -352.0839, -325.8488, -73.8938,  0, 0, 0
L -352.0839, -325.8488, -73.8938,  -343.6819, -327.4382, -73.8938,  0, 0, 0
L -343.6819, -327.4382, -73.8938,  -335.4683, -331.5439, -73.8938,  0, 0, 0
L -335.4683, -331.5439, -73.8938,  -327.3549, -337.6762, -73.8938,  0, 0, 0
L -327.3549, -337.6762, -73.8938,  -319.7365, -345.3559, -72.8948,  0, 0, 0
L -300.2872, -345.3548, -72.8528,  -319.7365, -345.3559, -72.8528,  0, 0, 0
L -300.2872, -345.3548, -73.8938,  -291.9777, -337.1763, -73.8938,  0, 0, 0
L -291.9777, -337.1763, -73.8938,  -284.2212, -331.3577, -73.8938,  0, 0, 0
L -284.2212, -331.3577, -73.8938,  -276.3089, -327.4334, -73.8938,  0, 0, 0
L -276.3089, -327.4334, -73.8938,  -268.3774, -325.9134, -73.8938,  0, 0, 0
L -268.3774, -325.9134, -73.8938,  -260.6439, -325.3832, -73.8938,  0, 0, 0
L -260.6439, -325.3832, -73.8938,  -260.6451, -305.3535, -73.8938,  0, 0, 0
L -260.6451, -305.3535, -68.8938,  -239.7365, -305.3516, -68.8938,  0, 0, 0
L -239.7365, -305.3516, -68.8938,  -231.5811, -313.5090, -68.8938,  0, 0, 0
L -231.5811, -313.5090, -68.8938,  -223.6648, -319.4471, -68.8938,  0, 0, 0
L -223.6648, -319.4471, -68.8938,  -215.7831, -323.3884, -68.8938,  0, 0, 0
L -215.7831, -323.3884, -68.8938,  -207.9082, -325.3564, -68.8938,  0, 0, 0
L -207.9082, -325.3564, -68.8938,  -180.6439, -325.3560, -68.8933,  0, 0, 0
L -180.6441, -315.6013, -68.8938,  -160.6783, -305.6186, -68.8938,  0, 0, 0
L -160.6783, -305.6186, -68.8938,  -160.8965, -286.5441, -68.8938,  0, 0, 0
L -180.6440, -325.3560, -68.8937,  -180.6441, -315.6013, -68.8938,  0, 0, 0
L -160.6668, -286.3859, -68.8938,  -180.6451, -276.3993, -68.8938,  0, 0, 0
L -180.6451, -276.3993, -68.8938,  -180.6432, -266.6436, -68.8928,  0, 0, 0
L -180.6432, -266.6436, -68.8928,  -199.7245, -266.6445, -68.8938,  0, 0, 0
L -199.7245, -266.6445, -68.8938,  -208.0677, -274.8562, -68.8938,  0, 0, 0
L -208.0677, -274.8562, -68.8938,  -223.8761, -284.6320, -68.8938,  0, 0, 0
L -223.8761, -284.6320, -68.8938,  -234.8631, -286.6457, -68.8938,  0, 0, 0
L -234.8631, -286.6457, -68.8938,  -260.6468, -286.6444, -68.8938,  0, 0, 0
L -260.6468, -286.6444, -73.8938,  -260.6451, -205.7311, -73.8938,  0, 0, 0
L -260.6451, -205.7311, -73.8938,  -252.2683, -197.3953, -73.8938,  0, 0, 0
L -252.2683, -197.3953, -73.8938,  -244.5790, -191.6262, -73.8938,  0, 0, 0
L -244.5790, -191.6262, -73.8938,  -236.4536, -187.5057, -73.8938,  0, 0, 0
L -236.4536, -187.5057, -73.8938,  -227.5366, -185.8248, -73.8938,  0, 0, 0
L -227.5366, -185.8248, -73.8938,  -199.3596, -185.4074, -73.8938,  0, 0, 0
L -199.3596, -185.4074, -73.8938,  -199.3129, -225.7771, -73.8938,  0, 0, 0
L -199.3129, -225.7771, -73.8938,  -179.9995, -245.0886, -73.8938,  0, 0, 0
L -179.9995, -245.0886, -73.8938,  -160.6686, -225.7574, -73.8938,  0, 0, 0
L -160.6686, -225.7574, -73.8938,  -160.6448, -166.6442, -73.8928,  0, 0, 0
L -160.6550, -166.6443, -73.8938,  -200.2796, -166.6455, -73.8938,  0, 0, 0
L -200.2796, -166.6455, -73.8938,  -208.5930, -158.2829, -73.8938,  0, 0, 0
L -208.5930, -158.2829, -73.8938,  -214.6824, -150.0760, -73.8938,  0, 0, 0
L -214.6824, -150.0760, -73.8938,  -218.6453, -142.0546, -73.8938,  0, 0, 0
L -218.6453, -142.0546, -73.8938,  -220.1709, -133.5983, -73.8938,  0, 0, 0
L -220.1709, -133.5983, -73.8938,  -220.6447, -126.2652, -73.8938,  0, 0, 0
L -220.6447, -126.2652, -73.8938,  -240.6443, -106.2669, -73.8938,  0, 0, 0
L -240.6443, -106.2669, -73.8938,  -240.6436, -66.6273, -73.8928,  0, 0, 0
L -240.6436, -66.6273, -73.8939,  -247.9504, -66.6512, -73.8938,  0, 0, 0
L -247.9504, -66.6512, -73.8938,  -263.6693, -72.5564, -73.8938,  0, 0, 0
L -263.6693, -72.5564, -73.8938,  -271.4194, -78.3700, -73.8938,  0, 0, 0
L -271.4194, -78.3700, -73.8938,  -279.3398, -86.2508, -73.8938,  0, 0, 0
L -279.3398, -86.2508, -73.8938,  -279.3555, -106.3041, -73.8938,  0, 0, 0
L -279.3555, -106.3041, -73.8938,  -288.0338, -114.8313, -73.8938,  0, 0, 0
L -288.0338, -114.8313, -73.8938,  -296.0765, -120.8666, -73.8938,  0, 0, 0
L -296.0765, -120.8666, -73.8938,  -303.3581, -124.3999, -73.8938,  0, 0, 0
L -303.3581, -124.3999, -73.8938,  -311.8298, -126.1238, -73.8938,  0, 0, 0
L -311.8298, -126.1238, -73.8938,  -322.9628, -126.6446, -72.8938,  0, 0, 0
L -322.9628, -126.6446, -72.8938,  -359.7380, -126.6451, -64.8938,  0, 0, 0
L -360.6448, -125.3454, -63.8938,  -360.6440, -106.2771, -63.8938,  0, 0, 0
L -360.6440, -106.2771, -63.8938,  -368.6374, -98.2742, -63.8938,  0, 0, 0
L -368.6374, -98.2742, -63.8938,  -374.3883, -90.5564, -63.8938,  0, 0, 0
L -374.3883, -90.5564, -63.8938,  -378.6694, -82.1029, -63.8938,  0, 0, 0
L -378.6694, -82.1029, -63.8938,  -380.6324, -71.5759, -63.8938,  0, 0, 0
L -380.7480, -6.1631, -63.8938,  -380.6324, -71.5759, -63.8938,  0, 0, 0
L -380.7480, -6.1631, -58.8938,  -388.6020, 1.6939, -58.8938,  0, 0, 0
L -388.6020, 1.6939, -58.8938,  -394.6358, 9.7755, -58.8938,  0, 0, 0
L -394.6358, 9.7755, -58.8938,  -398.6383, 17.9049, -58.8938,  0, 0, 0
L -398.6383, 17.9049, -58.8938,  -400.0458, 25.4079, -58.8938,  0, 0, 0
L -400.0458, 25.4079, -58.8938,  -400.6046, 33.3504, -58.8938,  0, 0, 0
L -400.6046, 33.3504, -58.8938,  -420.2662, 33.3546, -58.8938,  0, 0, 0
L -420.2662, 33.3546, -58.8938,  -428.4262, 41.5153, -58.8938,  0, 0, 0
L -428.4262, 41.5153, -58.8938,  -436.3316, 47.4426, -58.8938,  0, 0, 0
L -436.3316, 47.4426, -58.8938,  -444.2190, 51.3901, -58.8938,  0, 0, 0
L -444.2190, 51.3901, -58.8938,  -452.0761, 53.3557, -58.8938,  0, 0, 0
L -452.0761, 53.3557, -58.8938,  -460.6458, 53.3540, -58.8938,  0, 0, 0
L -460.6458, 53.3540, -58.8938,  -460.6447, 74.2723, -58.8938,  0, 0, 0
L -460.6447, 74.2723, -58.8938,  -452.2224, 82.6397, -58.8938,  0, 0, 0
L -452.2224, 82.6397, -58.8938,  -444.4326, 88.4809, -58.8938,  0, 0, 0
L -444.4326, 88.4809, -58.8938,  -436.7132, 92.3629, -58.8938,  0, 0, 0
L -436.7132, 92.3629, -58.8938,  -420.1353, 94.6452, -58.8938,  0, 0, 0
L -420.1353, 94.6452, -59.9519,  -399.3450, 94.6448, -63.6488,  0, 0, 0
L -399.3450, 94.6448, -63.8938,  -399.3485, 74.2583, -63.8938,  0, 0, 0
L -399.3485, 74.2583, -63.8938,  -391.5726, 66.4837, -63.8938,  0, 0, 0
L -391.5726, 66.4837, -63.8938,  -383.0965, 60.2686, -63.8938,  0, 0, 0
L -383.0965, 60.2686, -63.8938,  -375.7805, 56.6098, -63.8938,  0, 0, 0
L -375.7805, 56.6098, -63.8938,  -367.9130, 54.6435, -63.8938,  0, 0, 0
L -367.9130, 54.6435, -63.8938,  -359.3581, 54.6452, -63.8938,  0, 0, 0
L -359.3581, 54.6452, -63.8938,  -359.3401, 34.2511, -63.8938,  0, 0, 0
L -359.3401, 34.2511, -63.8938,  -339.7614, 14.6727, -63.8938,  0, 0, 0
L -339.7614, 14.6727, -63.8938,  -299.3554, 14.6441, -63.8938,  0, 0, 0
L -299.3554, 14.6441, -63.8938,  -299.3553, -5.3562, -63.8938,  0, 0, 0
L -299.3553, -5.3562, -63.8938,  -260.6439, -5.3559, -63.8938,  0, 0, 0
L -260.6439, -5.3559, -63.8938,  -260.6444, 34.6444, -63.8938,  0, 0, 0
L -260.6444, 34.6444, -63.8938,  -240.6501, 34.6452, -63.8938,  0, 0, 0
L -51.5791, 344.7126, -70.8938,  -31.3907, 344.7220, -71.2836,  127, 64, 0
L -51.5674, 344.7144, -70.8938,  -59.3865, 364.2332, -70.3642,  127, 64, 0
L -59.3865, 364.2332, -70.3642,  -59.3514, 404.7067, -70.9244,  127, 64, 0
L -59.3514, 404.7067, -70.7161,  -92.5748, 404.6779, -62.8939,  127, 64, 0
L -92.5748, 404.6779, -62.8939,  -96.2071, 405.3305, -62.8938,  127, 64, 0
L -96.2071, 405.3305, -61.8402,  -133.6167, 390.9845, -63.0883,  127, 64, 0
L -133.6167, 390.9845, -63.0883,  -164.8489, 391.5536, -59.0316,  127, 64, 0
L -164.8489, 391.5536, -59.0316,  -165.5416, 392.3271, -58.7559,  127, 64, 0
L -165.5416, 392.3271, -58.7559,  -169.8789, 407.0363, -62.3273,  127, 64, 0
L -169.8789, 407.0363, -62.3273,  -179.3351, 422.1831, -62.3141,  127, 64, 0
L -179.3351, 422.1831, -62.3141,  -179.3566, 460.5953, -62.7987,  127, 64, 0
L -179.3566, 460.5953, -62.7987,  -144.7203, 469.0178, -62.8942,  127, 64, 0
L -144.7203, 469.0178, -62.8942,  -104.9069, 469.0630, -62.5078,  127, 64, 0
L -104.9069, 469.0630, -62.5078,  -100.4476, 423.4915, -62.7064,  127, 64, 0
L -100.4476, 423.4915, -62.7064,  -20.2461, 423.2774, -70.8938,  127, 64, 0
L -20.2461, 423.2774, -70.8938,  -4.6652, 403.7682, -71.4021,  127, 64, 0
L -4.6652, 403.7682, -71.4021,  -4.5563, 361.7854, -70.8938,  127, 64, 0
L -4.5563, 361.7854, -70.8938,  -0.6474, 342.9100, -69.5330,  127, 64, 0
L -0.6474, 342.9100, -69.5330,  -0.6490, 337.2605, -70.0831,  127, 64, 0
P 113.4279, 107.5670, -95.4658,  0, 127, 0,  3,  to_Demi-Plane_of_Decay
P 11.9902, -1.1111, -293.8936,  0, 127, 0,  2,  to_GY
P 475.0000, 0.0000, -262.0000,  0, 0, 0,  1,  Map_by_Goodurden<RoI>
P 475.0000, 10.0000, -263.0000,  0, 0, 0,  2,  HF:_L_37_H_37
P 219.4981, 63.0636, -96.2119,  0, 127, 0,  3,  to_Basement
