P 1013.2960, -971.0281, -192.4021,  96, 0, 240,  3,  X
P 1014.1891, -921.7141, -194.9239,  96, 0, 240,  3,  X
P 1056.6183, -1011.9272, -179.0464,  99, 0, 240,  3,  X
P 949.6205, -1068.9529, -161.6205,  96, 0, 240,  3,  X
P 682.5054, -998.3953, -311.1650,  240, 0, 0,  3,  X
P 383.6366, -781.1660, -264.6087,  53, 0, 240,  3,  X
P 512.4150, -1048.3367, -117.4606,  59, 0, 240,  3,  X
P 561.4899, -520.3169, -164.2678,  99, 0, 240,  3,  X
P 678.5492, -273.7643, -206.1566,  240, 0, 0,  3,  X
P 545.5469, -336.0336, -245.1402,  99, 0, 240,  3,  X
P 387.9623, -630.6232, -415.4981,  240, 0, 0,  3,  X
P 723.3264, -649.2972, -395.2064,  99, 0, 240,  3,  X
P 726.6554, -599.5662, -389.1823,  240, 0, 0,  3,  X
P 783.8986, -813.7010, -362.3036,  99, 0, 240,  3,  X
P 683.6396, -996.1829, -311.1941,  99, 0, 240,  3,  X
P 587.0076, -1004.8268, -295.0054,  99, 0, 240,  3,  X
P 632.6359, -984.9159, -293.7740,  99, 0, 240,  3,  X
P 536.8564, -617.9419, -225.5611,  103, 0, 240,  3,  X
P 496.5022, -500.2785, -276.7596,  240, 0, 0,  3,  X
P 595.6486, -282.5145, -218.8450,  99, 0, 240,  3,  X
P 616.9891, -432.1635, -171.7849,  240, 0, 0,  3,  X
P 343.9401, -842.8845, -79.2597,  240, 0, 0,  3,  X
P 399.0894, -882.4081, -66.1674,  99, 0, 240,  3,  X
P 506.6516, -967.8817, -73.3816,  99, 0, 240,  3,  X
P 551.0132, -927.5154, -73.4739,  99, 0, 240,  3,  X
P 506.7670, -796.0876, -208.1745,  99, 0, 240,  3,  X
P 462.8903, -802.3190, -264.4187,  99, 0, 240,  3,  X
P 351.1653, -817.7078, -269.2867,  240, 0, 0,  3,  X
P 382.4915, -901.4850, -271.9189,  99, 0, 240,  3,  X
P 378.8995, -906.5269, -142.8210,  240, 0, 0,  3,  X
P 466.4841, -621.5897, -167.6860,  99, 0, 240,  3,  X
P 566.5203, -551.6710, -369.4785,  240, 0, 0,  3,  X
P 626.9498, -633.8857, -404.6124,  240, 0, 0,  3,  X
P 692.8099, -536.4336, -368.9904,  99, 0, 240,  3,  X
P 744.3177, -971.1321, -329.4110,  99, 0, 240,  3,  X
P 673.2820, -1056.1863, -311.0888,  99, 0, 240,  3,  X
P 512.3810, -445.2168, -275.5600,  99, 0, 240,  3,  X
P 374.3531, -520.2274, -182.6708,  103, 0, 240,  3,  X
P 415.2038, -518.7357, -182.2077,  99, 0, 240,  3,  X
P 482.9944, -495.3639, -68.2204,  99, 0, 240,  3,  X
P 359.5485, -513.0782, -73.7509,  99, 0, 240,  3,  X
P 389.0541, -745.2187, -69.4358,  240, 0, 0,  3,  X
P 379.8035, -1139.5453, -80.9729,  240, 0, 0,  3,  X
P 779.0690, -1107.6702, -112.2168,  100, 0, 240,  3,  Orcish_Earrings
P 416.3361, -1173.4756, -73.2985,  240, 0, 0,  3,  Messy_Miners
P 487.0992, -986.5999, -75.4355,  240, 0, 0,  3,  X
P 507.1253, -796.0384, -208.3231,  240, 0, 0,  3,  X
P 482.5119, -495.0796, -68.2597,  240, 0, 0,  3,  X
P 451.4005, -480.2933, -68.8560,  240, 0, 0,  3,  X
P 642.7820, -301.9394, -214.8526,  240, 0, 0,  3,  X
P 538.4924, -618.5009, -221.6341,  240, 0, 0,  3,  X
P 782.1498, -798.9229, -345.8768,  99, 0, 240,  3,  X
P 752.3754, -909.3969, -333.1962,  99, 0, 240,  3,  X
P 1101.2466, -956.1070, -179.0365,  103, 0, 240,  3,  X
P 710.7853, -816.5660, -248.6073,  99, 0, 240,  3,  X
P 445.4260, -948.6849, -74.3545,  240, 0, 0,  3,  X
P 505.4402, -611.2057, -290.0207,  240, 0, 0,  3,  X
P 836.5887, -898.7638, -234.5087,  99, 0, 240,  3,  X
P 829.4366, -801.4547, -299.6102,  103, 0, 240,  3,  X
P 916.0150, -957.1672, -209.5814,  99, 0, 240,  3,  X
P 783.8986, -813.7010, -362.3036,  240, 0, 0,  3,  X
P 616.9891, -432.1635, -171.7849,  100, 0, 240,  3,  X
P 551.0132, -927.5154, -73.4739,  240, 0, 0,  3,  X
P 462.8903, -802.3190, -264.4187,  240, 0, 0,  3,  X
P 466.4841, -621.5897, -167.6860,  240, 0, 0,  3,  X
P 413.9663, -517.3362, -182.0173,  240, 0, 0,  3,  X
P 431.4451, -514.4207, -399.2028,  100, 0, 240,  3,  X
P 627.7051, -892.4539, -278.0856,  100, 0, 240,  3,  X
P 703.0023, -309.6945, -205.3661,  240, 0, 0,  3,  X
P 377.7203, -619.5170, -247.8133,  100, 0, 240,  3,  X
P 641.0798, -304.2022, -216.8602,  100, 0, 240,  3,  X
P 513.0735, -781.8998, -255.5896,  100, 0, 240,  3,  X
P 630.9316, -347.8422, -199.5779,  100, 0, 240,  3,  X
P 387.5542, -682.6030, -173.0143,  100, 0, 240,  3,  X
P 514.6382, -1047.7870, -117.3619,  240, 0, 0,  3,  X
P 548.3489, -555.1635, -400.5683,  240, 0, 0,  3,  X
P 829.7927, -805.2599, -297.2959,  100, 0, 240,  3,  X
P 783.6252, -877.7571, -251.4489,  100, 0, 240,  3,  X
P 916.3773, -955.3144, -212.5146,  100, 0, 240,  3,  X
P 711.7288, -813.8548, -248.0053,  100, 0, 240,  3,  X
P 360.0234, -592.0781, -71.1714,  240, 0, 0,  3,  X
P 363.0648, -406.0138, -163.0261,  240, 0, 0,  3,  X
P 458.3324, -719.2812, -62.1374,  240, 0, 0,  3,  X
P 384.6680, -781.7823, -265.1557,  240, 0, 0,  3,  X
P 435.4574, -1116.7975, -80.7383,  240, 0, 0,  3,  X
P 373.3394, -521.5190, -182.6474,  240, 0, 0,  3,  X
P 790.5341, -1085.6127, -112.5280,  100, 0, 240,  3,  X
P 599.5618, -798.8311, -254.4845,  100, 0, 240,  3,  X
P 483.2536, -669.9042, -222.0687,  100, 0, 240,  3,  X
P 565.2198, -550.4014, -369.2636,  100, 0, 240,  3,  X
P 1016.0641, -972.2898, -191.8395,  100, 0, 240,  3,  X
P 1066.5313, -1004.0820, -179.9682,  100, 0, 240,  3,  X
P 446.5350, -309.5030, -131.3191,  240, 0, 0,  3,  X
P 435.9717, -636.4355, -69.3029,  240, 0, 0,  3,  X
P 425.0737, -860.3093, -65.2879,  240, 0, 0,  3,  X
P 477.8894, -1088.6532, -117.7552,  240, 0, 0,  3,  X
P 481.5051, -965.4763, -122.9327,  240, 0, 0,  3,  X
P 316.6146, -802.9305, -173.7970,  240, 0, 0,  3,  X
P 463.8112, -515.1945, -302.2710,  100, 0, 240,  3,  X
P 398.9674, -651.5945, -68.3730,  240, 0, 0,  3,  X
P 494.0041, -492.6755, -168.6332,  240, 0, 0,  3,  X
P 402.5520, -542.9321, -412.4343,  100, 0, 240,  3,  X
P 829.1412, -926.9946, -341.1631,  100, 0, 240,  3,  X
P 596.2010, -1081.1614, -296.3161,  100, 0, 240,  3,  X
P 831.6324, -894.3644, -243.3406,  100, 0, 240,  3,  X
P 560.7527, -1031.2848, -295.7484,  100, 0, 240,  3,  X
P 726.9839, -807.9993, -349.3287,  100, 0, 240,  3,  X
P 1017.5627, -925.0731, -195.1909,  100, 0, 240,  3,  X
P 619.2546, -957.6563, -294.0119,  100, 0, 240,  3,  X
P 619.8212, -604.0189, -402.7113,  240, 0, 0,  3,  X
P 806.4567, -681.8834, -379.9186,  100, 0, 240,  3,  X
P 1102.5530, -957.4688, -179.5894,  100, 0, 240,  3,  X
