P 726.6711, -1200.0000, 0.0000,  0, 0, 0,  3,  Prop_Hunt_:_Mushrooms,_crystals,_spectrals
P -1657.1597, -1200.0000, 0.0000,  0, 0, 0,  3,  A_Bunch_of_Wild_and_Fungis:_Elemental,_?
P 900.0000, 1357.7711, 0.0000,  240, 0, 0,  3,  Color_Theory
P -1700.0000, 700.0000, 0.0000,  100, 0, 100,  3,  Places,_People!_Places
P -525.1243, -514.0322, -420.0265,  100, 0, 100,  3,  X
P 607.5806, 568.8126, 19.7996,  240, 0, 0,  3,  X
P -1091.8715, -253.2001, 10.3541,  240, 0, 0,  3,  X
P 305.1172, -776.7477, 21.0973,  240, 0, 0,  3,  X
P 380.6876, -228.4185, 16.6893,  240, 0, 0,  3,  X
P 745.4686, -80.5337, 1.8235,  240, 0, 0,  3,  X
P 730.9821, 320.2950, -4.6403,  240, 0, 0,  3,  X
P 572.2629, 387.4525, 10.3676,  240, 0, 0,  3,  X
P -635.3362, -169.6199, -3.1549,  240, 0, 0,  3,  X
P 85.6704, 331.6951, -46.0483,  240, 0, 0,  3,  X
P 568.2997, -461.1685, -254.4395,  240, 0, 0,  3,  X
P -206.2649, 552.7551, 5.2443,  240, 0, 0,  3,  X
P 991.5918, 680.6899, -30.0973,  240, 0, 0,  3,  X
P 548.9267, 184.5024, -315.1989,  100, 0, 100,  3,  X
P 468.1470, 584.7404, -293.0613,  100, 0, 100,  3,  X
P 1249.9900, 493.1050, -334.5766,  100, 0, 100,  3,  X
P -601.8317, 916.7582, -241.6079,  100, 0, 100,  3,  X
P -563.6710, 997.1143, -260.5299,  100, 0, 100,  3,  X
P 179.7335, 1143.5557, -347.9087,  100, 0, 100,  3,  X
P 528.6796, 346.0070, -334.3396,  100, 0, 100,  3,  X
P -542.5054, -984.9590, 83.6176,  240, 0, 0,  3,  X
P 166.0707, 1259.3102, -29.2373,  240, 0, 0,  3,  X
P -720.3152, 571.9313, -40.3202,  240, 0, 0,  3,  X
P -769.4872, 466.3912, -11.1773,  240, 0, 0,  3,  X
P 1395.2924, -412.1174, -173.5892,  100, 0, 100,  3,  X
P -1061.0464, 698.6948, -166.8061,  100, 0, 100,  3,  X
P -1024.2560, -635.2112, -426.3618,  100, 0, 100,  3,  X
P -774.7060, -712.1500, -417.1574,  100, 0, 100,  3,  X
P 277.6719, 861.0659, 23.3415,  240, 0, 0,  3,  X
P -780.7665, -693.0954, 8.9968,  240, 0, 0,  3,  X
P -312.3561, -1284.8954, 187.1492,  240, 0, 0,  3,  X
P 521.5546, -843.8863, -25.9709,  240, 0, 0,  3,  X
P -45.9633, 1295.6294, -343.8286,  100, 0, 100,  3,  X
P 767.3152, -19.2410, -349.8422,  100, 0, 100,  3,  X
P 3.7726, 922.2343, -305.7537,  100, 0, 100,  3,  X
P 166.9394, 404.0869, -285.3241,  100, 0, 100,  3,  X
P -40.9579, 740.7155, -5.6706,  240, 0, 0,  3,  X
P 688.0480, -1019.5306, 145.0395,  240, 0, 0,  3,  X
P 993.0829, -506.9023, -277.0291,  100, 0, 100,  3,  X
P 424.5742, 1047.2511, -337.1511,  100, 0, 100,  3,  X
P -608.9201, -84.7885, -369.0609,  100, 0, 100,  3,  X
P 982.2265, -645.8424, -113.1774,  100, 0, 100,  3,  X
P 193.3052, -937.0162, 16.2259,  240, 0, 0,  3,  X
P 232.5577, -992.8052, 112.8787,  240, 0, 0,  3,  X
