P 3.1099, -65.8279, -28.9368,  0, 127, 0,  3,  to_Brother_Island
L 187.8557, 498.1105, 42.2323,  197.4074, 503.5905, 42.2299,  240, 127, 0
L 197.4074, 503.5905, 42.2299,  211.2634, 506.2927, 42.2327,  240, 127, 0
L 211.2634, 506.2927, 42.2327,  216.6964, 505.8235, 42.2316,  240, 127, 0
L 216.6964, 505.8235, 42.2316,  227.9687, 502.9000, 42.2537,  240, 127, 0
L 227.9687, 502.9000, 42.2537,  234.5204, 497.5201, 42.2329,  240, 127, 0
L 234.5204, 497.5201, 42.2329,  242.2576, 488.1315, 42.2312,  240, 127, 0
L 242.2576, 488.1315, 42.2312,  246.6948, 475.8605, 42.2321,  240, 127, 0
L 246.6948, 475.8605, 42.2321,  246.5504, 463.2284, 42.2327,  240, 127, 0
L 246.5504, 463.2284, 42.2327,  242.6800, 451.3627, 42.2323,  240, 127, 0
L 242.6800, 451.3627, 42.2323,  233.8250, 441.8038, 42.2323,  240, 127, 0
L 233.8250, 441.8038, 42.2323,  222.6476, 435.5688, 42.2770,  240, 127, 0
L 222.6476, 435.5688, 42.2770,  210.3514, 433.6173, 42.2291,  240, 127, 0
L 210.3514, 433.6173, 42.2291,  199.1144, 435.6630, 42.2785,  240, 127, 0
L 199.1144, 435.6630, 42.2785,  190.8940, 441.4180, 41.2190,  240, 127, 0
L 190.8940, 441.4180, 41.2190,  185.5100, 435.4245, 41.1100,  240, 127, 0
L 185.5100, 435.4245, 41.1100,  194.3291, 426.7622, 42.2092,  240, 127, 0
L 194.3291, 426.7622, 42.2092,  196.5327, 421.4288, 42.1970,  240, 127, 0
L 196.5327, 421.4288, 42.1970,  197.2239, 402.2235, 47.1848,  240, 127, 0
L 197.2239, 402.2235, 47.1848,  194.1519, 402.2133, 47.1848,  240, 127, 0
L 194.1519, 402.2133, 47.1848,  194.1871, 399.6988, 47.1848,  240, 127, 0
L 194.1871, 399.6988, 47.1848,  201.1868, 399.6573, 47.7004,  240, 127, 0
L 201.1868, 399.6573, 47.7004,  201.1961, 402.1820, 48.8751,  240, 127, 0
L 201.1961, 402.1820, 48.8751,  206.3661, 402.1820, 48.8759,  240, 127, 0
L 206.3661, 402.1820, 48.8759,  210.4810, 398.6790, 48.8755,  240, 127, 0
L 210.4810, 398.6790, 48.8755,  210.4423, 388.2551, 47.7364,  240, 127, 0
L 210.4423, 388.2551, 47.7364,  230.2845, 388.1951, 47.6801,  240, 127, 0
L 230.2845, 388.1951, 47.6801,  230.2232, 333.3788, 49.1876,  240, 127, 0
L 230.2232, 333.3788, 49.1876,  210.9770, 333.3623, 49.1876,  240, 127, 0
L 210.9770, 333.3623, 49.1876,  211.1427, 263.3663, 40.9654,  240, 127, 0
L 211.1427, 263.3663, 40.9654,  201.3982, 263.4447, 41.9490,  240, 127, 0
L 201.3982, 263.4447, 41.9490,  196.4757, 263.2572, 41.5160,  240, 127, 0
L 196.4757, 263.2572, 41.5160,  196.1725, 143.6017, 41.6253,  240, 127, 0
L 196.1725, 143.6017, 41.6253,  192.4654, 139.8748, 41.6223,  240, 127, 0
L 84.9188, 139.8750, 41.6242,  192.4645, 139.8746, 41.6186,  240, 127, 0
L 84.9218, 139.8753, 41.6111,  81.1928, 143.6026, 41.6246,  240, 127, 0
L 81.1928, 143.6026, 41.6246,  81.1928, 281.5280, 41.6154,  240, 127, 0
L 81.1927, 281.5292, 41.6201,  84.9205, 285.2561, 41.6240,  240, 127, 0
L 84.9205, 285.2561, 41.6240,  192.4688, 285.2559, 41.6278,  240, 127, 0
L 192.4688, 285.2559, 41.6278,  196.1932, 281.5292, 41.6218,  240, 127, 0
L 196.1932, 281.5292, 41.6218,  196.3283, 274.3835, 41.5160,  240, 127, 0
L 196.3283, 274.3835, 41.5160,  203.2547, 274.2398, 40.9654,  240, 127, 0
L 203.2547, 274.2398, 40.9654,  203.3180, 341.2085, 49.1875,  240, 127, 0
L 203.3180, 341.2085, 49.1875,  222.5811, 341.2277, 49.1876,  240, 127, 0
L 222.5811, 341.2277, 49.1876,  222.5072, 376.9866, 47.6801,  240, 127, 0
L 222.5072, 376.9866, 47.6801,  210.3542, 377.1795, 47.7364,  240, 127, 0
L 210.4812, 367.4275, 48.8759,  210.3542, 377.1795, 47.7364,  240, 127, 0
L 210.4812, 367.4277, 48.8757,  206.3608, 363.3129, 48.8753,  240, 127, 0
L 206.3608, 363.3129, 48.8753,  200.7920, 363.3188, 48.8644,  240, 127, 0
L 200.7920, 363.3188, 48.8644,  200.8040, 365.3120, 47.9821,  240, 127, 0
L 200.8040, 365.3120, 47.9821,  194.1310, 364.9674, 47.1848,  240, 127, 0
L 194.1310, 364.9674, 47.1848,  194.1192, 363.1227, 47.1848,  240, 127, 0
L 194.1192, 363.1227, 47.1848,  197.1870, 363.1653, 47.1848,  240, 127, 0
L 197.1870, 363.1653, 47.1848,  196.5369, 313.7914, 42.2085,  240, 127, 0
L 196.5369, 313.7914, 42.2085,  192.4215, 309.6768, 42.2096,  240, 127, 0
L 192.4215, 309.6768, 42.2096,  84.8369, 309.6782, 42.2072,  240, 127, 0
L 84.8369, 309.6782, 42.2072,  80.7220, 313.7916, 42.2098,  240, 127, 0
L 80.7220, 313.7916, 42.2098,  80.3710, 363.3260, 47.1848,  240, 127, 0
L 80.3710, 363.3260, 47.1848,  76.4695, 363.3670, 48.8766,  240, 127, 0
L 76.4695, 363.3670, 48.8766,  70.8944, 363.3670, 48.8761,  240, 127, 0
L 70.8944, 363.3670, 48.8761,  66.7796, 367.4818, 48.8768,  240, 127, 0
L 66.7259, 386.3065, 47.7364,  66.7913, 367.4818, 48.8541,  240, 127, 0
L 48.7379, 386.1308, 47.7601,  66.7259, 386.3065, 47.7004,  240, 127, 0
L 46.8391, 386.1458, 49.2588,  -56.3659, 386.1413, 41.8733,  240, 127, 0
L -56.3659, 386.1413, 41.8733,  -56.2490, 377.5785, 41.8733,  240, 127, 0
L -124.4966, 279.6970, 42.4363,  -96.4972, 279.4410, 42.3307,  127, 127, 127
L -96.4972, 279.4410, 42.3307,  -96.6303, 270.4875, 42.3536,  127, 127, 127
L -96.6316, 270.4868, 42.3530,  -93.8305, 270.6700, 42.3245,  127, 127, 127
L -93.8305, 270.6700, 42.3245,  -93.6400, 264.2581, 42.3652,  127, 127, 127
L -93.6400, 264.2581, 42.3652,  -107.2284, 264.2613, 44.9550,  127, 127, 127
L -107.2284, 264.2613, 44.9550,  -107.2279, 233.9377, 43.1580,  127, 127, 127
L -107.2279, 233.9377, 43.1580,  -75.3452, 233.9369, 43.1685,  127, 127, 127
L -75.3452, 233.9369, 43.1685,  -75.4519, 244.5576, 42.3721,  127, 127, 127
L -75.4519, 244.5576, 42.3721,  -57.7051, 244.6793, 42.3355,  127, 127, 127
L -57.7051, 244.6793, 42.3355,  -57.7124, 310.3863, 42.3213,  127, 127, 127
L -57.7124, 310.3863, 42.3213,  -57.7124, 310.3863, 42.3213,  127, 127, 127
L -57.7124, 310.3863, 42.3213,  -63.3235, 310.4146, 42.3207,  127, 127, 127
L -70.6529, 302.9900, 41.5559,  -70.6529, 302.9900, 42.3340,  127, 127, 127
L -70.6529, 302.9900, 42.3340,  -64.9534, 303.1350, 42.3365,  127, 127, 127
L -64.9534, 303.1350, 42.3365,  -64.5306, 254.8901, 42.3350,  127, 127, 127
L -64.5306, 254.8901, 42.3350,  -75.2233, 254.7802, 42.3699,  127, 127, 127
L -75.2233, 254.7802, 42.3699,  -75.3442, 265.8206, 43.1587,  127, 127, 127
L -75.3442, 265.8206, 43.1587,  -86.5300, 265.7228, 42.3633,  127, 127, 127
L -86.5300, 265.7228, 42.3633,  -86.2900, 287.8809, 42.3241,  127, 127, 127
L -86.2900, 287.8809, 42.3241,  -125.1881, 287.8772, 42.3275,  127, 127, 127
L -70.6976, 302.9909, 40.7993,  -70.7027, 326.9823, 40.7993,  127, 127, 127
L -70.7027, 326.9823, 40.7993,  -54.8282, 326.9148, 40.8008,  127, 127, 127
L -54.8282, 326.9148, 40.8008,  -54.9316, 375.3767, 41.7045,  127, 127, 127
L -54.9316, 375.3767, 41.7045,  -50.8222, 379.4886, 41.7094,  127, 127, 127
L -50.8222, 379.4886, 41.7094,  56.3303, 379.4832, 41.6993,  127, 127, 127
L 56.3303, 379.4832, 41.6993,  60.4423, 375.3763, 41.7100,  127, 127, 127
L 60.4423, 375.3763, 41.7100,  60.4423, 268.2230, 41.7105,  127, 127, 127
L 60.4423, 268.2230, 41.7105,  56.3297, 264.1118, 41.7098,  127, 127, 127
L 56.3297, 264.1118, 41.7098,  -50.8228, 264.1123, 41.7092,  127, 127, 127
L -50.8228, 264.1123, 41.7092,  -54.9352, 268.2234, 41.7111,  127, 127, 127
L -54.9352, 268.2234, 41.7111,  -54.7897, 317.8068, 40.8006,  127, 127, 127
L -54.7897, 317.8068, 40.8006,  -63.4142, 317.7787, 40.7993,  127, 127, 127
L -63.4142, 317.7787, 40.7993,  -63.3235, 310.4146, 40.7993,  127, 127, 127
L -7.6632, 284.4257, 41.8850,  -45.6430, 284.4900, 71.8157,  240, 240, 240
L -45.6430, 284.4900, 71.8157,  -45.9643, 370.4739, 71.8011,  240, 240, 240
L -45.9643, 370.4739, 71.8011,  51.5910, 370.4485, 71.8157,  240, 240, 240
L 51.5910, 370.4485, 71.8157,  51.4769, 367.3530, 71.8157,  240, 240, 240
L 51.4769, 367.3530, 71.8157,  14.1692, 367.4057, 41.3727,  240, 240, 240
L 13.5297, 359.2964, 40.8220,  51.6238, 359.1548, 71.8157,  240, 240, 240
L 51.6238, 359.1548, 71.8157,  51.4767, 272.4940, 71.8157,  240, 240, 240
L 51.4767, 272.4940, 71.8157,  -45.4872, 272.4855, 71.8157,  240, 240, 240
L -45.4872, 272.4855, 71.8157,  -45.3881, 276.8530, 71.8157,  240, 240, 240
L -45.3881, 276.8530, 71.8157,  -7.9745, 276.1802, 41.3566,  240, 240, 240
L -53.4600, 285.9603, 71.8157,  -53.3905, 374.8639, 71.8157,  240, 240, 240
L -53.3905, 374.8639, 71.8157,  -50.4990, 378.2900, 71.8157,  240, 240, 240
L -50.4990, 378.2900, 71.8157,  55.6880, 378.2762, 71.8157,  240, 240, 240
L 55.6880, 378.2762, 71.8157,  59.4722, 374.5638, 71.8157,  240, 240, 240
L 59.4722, 374.5638, 71.8157,  59.4632, 367.7613, 70.3157,  240, 240, 240
L 59.4632, 367.7613, 70.3157,  78.1213, 367.7835, 70.3242,  240, 240, 240
L 78.1213, 367.7835, 70.3242,  78.1950, 337.9331, 69.1389,  240, 240, 240
L 78.1950, 337.9331, 69.1389,  72.8183, 337.8668, 69.1389,  240, 240, 240
L 72.8183, 337.8668, 69.1389,  72.8636, 331.2210, 69.1389,  240, 240, 240
L 65.3242, 345.3294, 69.1389,  70.5611, 345.3815, 69.1389,  240, 240, 240
L 70.5611, 345.3815, 69.1389,  70.6127, 358.1358, 70.3242,  240, 240, 240
L 70.6127, 358.1358, 70.3242,  59.2571, 358.1431, 70.3157,  240, 240, 240
L 59.2571, 358.1431, 70.3157,  59.4200, 267.8308, 71.8157,  240, 240, 240
L 59.4200, 267.8308, 71.8157,  56.9097, 265.3707, 71.8157,  240, 240, 240
L 56.9097, 265.3707, 71.8157,  8.9036, 265.2601, 71.8158,  240, 240, 240
L 8.9036, 265.2601, 71.8158,  8.8940, 259.8299, 70.3158,  240, 240, 240
L 8.8940, 259.8299, 70.3158,  11.2520, 259.8297, 72.9947,  240, 240, 240
L 11.2520, 259.8297, 72.9947,  11.2327, 258.8235, 72.9947,  240, 240, 240
L 11.2327, 258.8235, 72.9947,  10.9314, 256.7443, 72.9947,  240, 240, 240
L 10.9314, 256.7443, 72.9947,  10.2689, 255.8670, 72.9947,  240, 240, 240
L 10.2689, 255.8670, 72.9947,  8.7512, 253.3960, 72.9947,  240, 240, 240
L 8.7512, 253.3960, 72.9947,  7.7420, 251.8293, 72.9947,  240, 240, 240
L 7.7420, 251.8293, 72.9947,  4.6974, 250.8163, 72.9947,  240, 240, 240
L 4.6974, 250.8163, 72.9947,  2.2940, 250.5685, 72.9947,  240, 240, 240
L 2.2940, 250.5685, 72.9947,  -0.8230, 250.6546, 72.9947,  240, 240, 240
L -0.1787, 250.6257, 72.9947,  -1.5470, 251.9800, 72.9947,  240, 240, 240
L -1.5470, 251.9800, 72.9947,  -3.1143, 252.6199, 72.9947,  240, 240, 240
L -3.1387, 252.6586, 72.9947,  -4.1980, 254.2908, 72.9947,  240, 240, 240
L -4.1980, 254.2908, 72.9947,  -4.3738, 255.9651, 72.9947,  240, 240, 240
L -4.3738, 255.9651, 72.9947,  -4.5987, 257.8625, 72.9942,  240, 240, 240
L -4.5987, 257.8625, 72.9942,  -4.6380, 260.3168, 72.9492,  240, 240, 240
L -4.6380, 260.3168, 72.9492,  -2.1295, 260.3373, 70.3158,  240, 240, 240
L -2.1295, 260.3373, 70.3158,  -2.1488, 265.9700, 70.3158,  240, 240, 240
L -2.1488, 265.9700, 70.3158,  -50.1563, 264.9343, 71.8157,  240, 240, 240
L -50.1563, 264.9343, 71.8157,  -53.4258, 268.1419, 71.8157,  240, 240, 240
L -53.4258, 268.1419, 71.8157,  -53.3466, 275.8211, 70.3161,  240, 240, 240
L -53.3466, 275.8211, 70.3161,  -71.7210, 275.5831, 70.3242,  240, 240, 240
L -71.6950, 275.4811, 70.3242,  -70.9271, 217.6110, 69.9090,  240, 240, 240
L -70.9271, 217.6110, 69.9090,  -70.9271, 217.6110, 69.9090,  240, 240, 240
L -70.9271, 217.6110, 69.9090,  -105.7061, 217.6100, 69.9090,  240, 240, 240
L -78.4377, 227.5320, 69.9090,  -78.3294, 285.9870, 70.3241,  240, 240, 240
L -78.3294, 285.9870, 70.3241,  -53.4600, 285.9603, 70.3157,  240, 240, 240
L -105.4411, 217.6170, 69.9090,  -114.5692, 217.8950, 69.1757,  240, 240, 240
L -114.5692, 217.8950, 69.1757,  -114.5562, 214.7504, 71.8567,  240, 240, 240
L -114.5459, 214.8134, 71.8567,  -115.5781, 214.9532, 71.8567,  240, 240, 240
L -115.5781, 214.9532, 71.8567,  -117.6640, 215.7170, 71.8567,  240, 240, 240
L -117.6640, 215.7170, 71.8567,  -119.4085, 217.2218, 71.8567,  240, 240, 240
L -119.4085, 217.2218, 71.8567,  -120.9312, 218.8600, 71.8567,  240, 240, 240
L -121.3545, 224.2220, 71.8567,  -120.2373, 226.7965, 71.8567,  240, 240, 240
L -120.2373, 226.7965, 71.8567,  -119.6520, 227.9242, 71.8567,  240, 240, 240
L -119.6520, 227.9242, 71.8567,  -117.6250, 229.1675, 71.8567,  240, 240, 240
L -117.6250, 229.1675, 71.8567,  -115.3660, 229.7778, 71.8567,  240, 240, 240
L -115.3660, 229.7778, 71.8567,  -114.4304, 229.7800, 71.8567,  240, 240, 240
L -114.4304, 229.7800, 71.8567,  -114.4996, 227.5157, 69.1757,  240, 240, 240
L -114.4996, 227.5157, 69.1757,  -78.4377, 227.5320, 69.9090,  240, 240, 240
L 65.3251, 345.3294, 69.1389,  65.3187, 321.2889, 69.1389,  240, 240, 240
L 65.3187, 321.2889, 69.1389,  81.3328, 321.2961, 69.1757,  240, 240, 240
L 81.3328, 321.2961, 69.1757,  81.3114, 319.1929, 69.1766,  240, 240, 240
L 81.3114, 319.1929, 69.1766,  84.5092, 319.2389, 71.8567,  240, 240, 240
L 84.5092, 319.2389, 71.8567,  86.8743, 321.8890, 71.8567,  240, 240, 240
L 86.8743, 321.8890, 71.8567,  88.7306, 323.9914, 71.8567,  240, 240, 240
L 88.7306, 323.9914, 71.8567,  89.5113, 326.7805, 71.8567,  240, 240, 240
L 89.5113, 326.7805, 71.8567,  89.6430, 329.3136, 71.8567,  240, 240, 240
L 89.6430, 329.3136, 71.8567,  87.4985, 331.3976, 71.8567,  240, 240, 240
L 87.4985, 331.3976, 71.8567,  85.3515, 333.1695, 71.8567,  240, 240, 240
L 85.3515, 333.1695, 71.8567,  83.5280, 333.7891, 71.8567,  240, 240, 240
L 83.5280, 333.7891, 71.8567,  81.3093, 333.8960, 71.8045,  240, 240, 240
L 81.3093, 333.8960, 71.8045,  81.2878, 331.2170, 69.1757,  240, 240, 240
L 81.2878, 331.2170, 69.1757,  72.8636, 331.2210, 69.1389,  240, 240, 240
L -4.1599, 279.8387, 19.1191,  -4.6820, 272.3759, 19.1191,  127, 64, 0
L -4.6820, 272.3759, 18.8097,  51.5133, 272.4868, 19.7120,  127, 64, 0
L 51.5133, 272.4868, 19.7120,  51.4759, 276.1671, 19.1155,  127, 64, 0
L 51.4759, 276.1671, 19.1155,  12.1168, 276.1021, -10.5780,  0, 0, 0
L 12.3604, 284.7040, -11.5521,  51.6291, 284.1927, 18.7237,  0, 0, 0
L 51.6291, 284.1927, 18.7237,  51.4780, 370.4404, 19.1104,  127, 64, 0
L 51.4780, 370.4404, 19.1104,  -45.9446, 370.4968, 19.1152,  127, 64, 0
L -45.9446, 370.4968, 19.1152,  -45.8905, 367.2178, 17.5661,  127, 64, 0
L -45.8905, 367.2178, 17.5661,  -7.9484, 367.3025, -12.2129,  0, 0, 0
L -7.8536, 359.5837, -13.4488,  -45.3960, 359.4961, 17.5662,  0, 0, 0
L -45.7755, 359.2538, 17.5661,  -46.5140, 273.1564, 17.5661,  127, 64, 0
L -21.8472, 162.7223, 19.9080,  -17.6037, 163.2259, 21.2926,  127, 64, 0
L -17.6037, 163.2259, 21.2926,  -13.6989, 164.3295, 23.5664,  127, 64, 0
L -13.6989, 164.3295, 23.5664,  -9.3466, 165.9856, 26.2027,  127, 64, 0
L -9.3466, 165.9856, 26.2027,  -0.2776, 169.7028, 31.6843,  127, 64, 0
L -0.2776, 169.7028, 31.6843,  4.4626, 172.8136, 35.3580,  127, 64, 0
L 4.4626, 172.8136, 35.3580,  9.8483, 177.9099, 36.8173,  127, 64, 0
L 9.8483, 177.9099, 36.8173,  13.3247, 183.5157, 42.8121,  127, 64, 0
L 13.3247, 183.5157, 42.8121,  15.8895, 187.1300, 43.2567,  127, 64, 0
L 15.8895, 187.1300, 43.2567,  16.7879, 191.3534, 43.2719,  127, 64, 0
L 16.7734, 191.2326, 43.2715,  16.7801, 208.7365, 43.2884,  127, 64, 0
L 16.7801, 208.7365, 43.2884,  -48.3141, 208.8098, 43.2884,  240, 127, 0
L -48.3141, 208.8098, 43.2884,  -48.3297, 210.9320, 43.2884,  240, 127, 0
L -66.4441, 211.2740, 40.9378,  -48.3297, 210.9320, 43.2884,  240, 127, 0
L -66.4441, 211.2740, 40.9378,  -66.3128, 161.6476, 40.9382,  240, 127, 0
L -66.3128, 161.6476, 40.9382,  -73.6251, 161.5745, 40.9744,  240, 127, 0
L -73.6251, 161.5745, 40.9744,  -73.6203, 171.4525, 41.9307,  240, 127, 0
L -73.6203, 171.4525, 41.9307,  -115.1690, 171.2960, 40.9536,  240, 127, 0
L -115.1690, 171.2960, 40.9536,  -115.1003, 207.8642, 40.9536,  240, 127, 0
L -115.1003, 207.8642, 40.9536,  -106.4333, 207.7470, 40.9397,  240, 127, 0
L -107.4470, 196.9354, 42.1484,  -107.3911, 208.1325, 41.5190,  240, 127, 0
L -107.4472, 196.8017, 42.1490,  -75.1255, 196.8012, 42.1480,  240, 127, 0
L -75.1255, 196.8012, 42.1480,  -75.1251, 229.1236, 42.1484,  240, 127, 0
L -75.1251, 229.1236, 42.1484,  -107.4468, 229.1234, 42.1482,  240, 127, 0
L -107.4468, 229.1234, 42.1482,  -107.4487, 217.7649, 41.5190,  240, 127, 0
L -107.4487, 217.7649, 41.5190,  -114.5986, 217.6710, 40.9536,  240, 127, 0
L -114.5986, 217.6710, 40.9536,  -114.6135, 265.2389, 40.9536,  240, 127, 0
L -114.6135, 265.2389, 40.9536,  -124.3562, 265.2964, 40.9536,  240, 127, 0
L -124.3562, 265.2964, 40.9536,  -124.3829, 288.9750, 40.9382,  240, 127, 0
L -124.3829, 288.9750, 40.9382,  -144.3460, 288.4483, 41.9943,  240, 127, 0
L -144.3460, 288.4483, 41.9943,  -143.8950, 297.3901, 42.2870,  240, 127, 0
L -143.8950, 297.3901, 42.2870,  -131.2640, 296.9705, 43.2032,  240, 127, 0
L -131.2640, 296.9705, 43.2032,  -131.9600, 308.6134, 41.5135,  240, 127, 0
L -92.5019, 308.5511, 41.9459,  -131.9600, 308.6134, 42.2900,  240, 127, 0
L -92.4932, 308.4109, 42.2222,  -92.6157, 364.8987, 41.9082,  240, 127, 0
L -92.6157, 364.8987, 41.9082,  -79.4247, 364.9395, 42.9305,  240, 127, 0
L -79.4247, 364.9395, 42.9305,  -79.3662, 377.4798, 41.9891,  240, 127, 0
L -56.2490, 377.5783, 41.8733,  -79.3662, 377.4798, 41.9082,  240, 127, 0
L -22.5107, 169.2760, 18.9024,  -16.3840, 170.1689, 23.1650,  127, 64, 0
L -16.3840, 170.1689, 23.1650,  -10.3780, 172.4856, 25.1206,  127, 64, 0
L -10.3780, 172.4856, 25.1206,  -4.6280, 175.5306, 31.7357,  127, 64, 0
L -4.6280, 175.5306, 31.7357,  1.8500, 179.3891, 36.1456,  127, 64, 0
L 1.8500, 179.3891, 36.1456,  5.5709, 184.6450, 37.9301,  127, 64, 0
L 5.5709, 184.6450, 37.9301,  9.7274, 190.8090, 43.2653,  127, 64, 0
L 9.7274, 190.8090, 43.2653,  10.5790, 192.2560, 43.2721,  127, 64, 0
L 10.5790, 192.2560, 43.2721,  10.7040, 202.4488, 43.2884,  127, 64, 0
L 10.7040, 202.4488, 43.2884,  -48.2451, 202.3151, 43.2884,  240, 127, 0
L -48.2451, 202.3151, 43.2884,  -48.2297, 200.4290, 43.2886,  240, 127, 0
L -48.2297, 200.4290, 43.2886,  -58.5155, 200.1451, 40.9378,  240, 127, 0
L -58.6452, 150.9618, 40.9382,  -58.5155, 200.1451, 40.9378,  240, 127, 0
L -58.6289, 150.9616, 40.9382,  -73.7824, 150.8439, 40.9744,  240, 127, 0
L -73.7824, 150.8439, 40.9744,  -73.8375, 141.3154, 41.5061,  240, 127, 0
L -73.8375, 141.3154, 41.5061,  -75.2798, 139.5210, 42.1488,  240, 127, 0
L -75.2798, 139.5210, 42.1488,  -85.6276, 139.5506, 40.9789,  240, 127, 0
L -85.6276, 139.5506, 40.9789,  -85.6203, 132.7399, 40.9397,  240, 127, 0
L -85.6203, 132.7399, 40.9397,  -74.8995, 132.8032, 41.9309,  240, 127, 0
L -74.8995, 132.8032, 41.9309,  -74.7993, 101.7099, 42.1480,  240, 127, 0
L -74.7993, 101.7099, 42.1480,  -107.1096, 101.7099, 42.1486,  240, 127, 0
L -107.1096, 101.7099, 42.1486,  -107.1093, 134.3170, 42.1484,  240, 127, 0
L -107.1089, 134.3210, 42.1488,  -95.6320, 134.1940, 41.5190,  240, 127, 0
L -95.6320, 134.1940, 41.5190,  -95.5328, 139.5114, 40.9789,  240, 127, 0
L -95.5328, 139.5114, 40.9789,  -122.5639, 139.5121, 42.1587,  240, 127, 0
L -122.5639, 139.5121, 42.1587,  -167.5927, 94.7867, 41.9857,  240, 127, 0
L -167.5927, 94.7867, 41.9857,  -174.3703, 100.3391, 40.9536,  240, 127, 0
L -174.3703, 100.3391, 40.9536,  -179.4420, 95.4877, 40.9750,  240, 127, 0
L -179.4420, 95.4877, 42.1867,  -173.8530, 82.1483, 42.1854,  240, 127, 0
L -173.8530, 82.1483, 42.1854,  -178.4992, 57.7252, 42.1856,  240, 127, 0
L -178.4992, 57.7252, 42.1856,  -191.9270, 45.1103, 42.1852,  240, 127, 0
L -191.9270, 45.1103, 42.1852,  -210.2164, 39.9776, 42.1854,  240, 127, 0
L -210.2164, 39.9776, 42.1854,  -227.2509, 44.4573, 42.2310,  240, 127, 0
L -227.2509, 44.4573, 42.2310,  -241.7780, 58.5030, 42.1829,  240, 127, 0
L -241.7780, 58.5030, 42.1829,  -246.7220, 75.7853, 42.1856,  240, 127, 0
L -246.7220, 75.7853, 42.1856,  -240.9551, 94.9131, 42.1856,  240, 127, 0
L -240.9551, 94.9131, 42.1856,  -228.3617, 107.5276, 42.1854,  240, 127, 0
L -228.3617, 107.5276, 42.1854,  -209.2381, 112.6598, 42.1854,  240, 127, 0
L -209.2381, 112.6598, 42.1854,  -197.1791, 110.3048, 42.1980,  240, 127, 0
L -197.1791, 110.3048, 42.1980,  -190.4693, 106.9791, 42.1869,  240, 127, 0
L -190.4693, 106.9791, 42.1869,  -186.3394, 111.1148, 42.1475,  240, 127, 0
L -186.3394, 111.1148, 42.1475,  -191.3738, 116.1491, 42.1482,  240, 127, 0
L -191.3738, 116.1491, 42.1482,  -146.9896, 160.5701, 40.9536,  240, 127, 0
L -146.9896, 160.5701, 40.9536,  -146.9382, 171.2375, 40.9789,  240, 127, 0
L -146.9382, 171.2375, 40.9789,  -153.4564, 171.2181, 40.9397,  240, 127, 0
L -153.4564, 171.2181, 40.9397,  -153.4259, 160.1939, 44.9395,  240, 127, 0
L -153.4259, 160.1939, 44.9395,  -184.4634, 160.1944, 42.1486,  240, 127, 0
L -152.1579, 192.5157, 42.1480,  -152.1305, 180.9818, 41.5190,  240, 127, 0
L -146.5703, 181.2440, 40.9789,  -152.1305, 180.9818, 40.9397,  240, 127, 0
L -146.5703, 181.2440, 42.1529,  -146.6474, 207.3993, 40.9789,  240, 127, 0
L -146.6474, 207.3993, 40.9789,  -153.4754, 207.2263, 40.9397,  240, 127, 0
L -153.4754, 207.2263, 40.9397,  -153.4205, 196.8031, 42.1482,  240, 127, 0
L -153.4205, 196.8031, 42.1482,  -184.4636, 196.8035, 42.1484,  240, 127, 0
L -184.4636, 196.8035, 42.1484,  -184.4632, 229.1246, 42.1478,  240, 127, 0
L -184.4632, 229.1246, 42.1478,  -152.1419, 229.1245, 42.1473,  240, 127, 0
L -152.1419, 229.1245, 42.1473,  -152.2192, 217.3372, 41.5190,  240, 127, 0
L -152.2192, 217.3372, 41.5190,  -146.8831, 217.4839, 40.9789,  240, 127, 0
L -146.8831, 217.4839, 40.9789,  -146.8342, 244.4724, 40.9789,  240, 127, 0
L -146.8342, 244.4724, 40.9789,  -153.4007, 244.2604, 40.9397,  240, 127, 0
L -153.4007, 244.2604, 40.9397,  -153.3726, 233.7023, 42.1482,  240, 127, 0
L -153.3726, 233.7023, 42.1482,  -184.4636, 233.7024, 42.1484,  240, 127, 0
L -184.4636, 233.7024, 42.1484,  -184.4634, 266.2350, 42.1480,  240, 127, 0
L -184.4634, 266.2350, 42.1480,  -152.1414, 266.2120, 42.1475,  240, 127, 0
L -152.1414, 266.2120, 42.1475,  -152.1728, 254.4439, 41.5190,  240, 127, 0
L -152.1728, 254.4439, 41.5190,  -146.2162, 254.3739, 40.9536,  240, 127, 0
L -146.2162, 254.3739, 40.9536,  -146.1997, 265.5760, 41.4189,  240, 127, 0
L -146.1997, 265.5760, 41.4189,  -135.3197, 265.5181, 40.9536,  240, 127, 0
L -135.3197, 265.5181, 40.9536,  -135.3230, 280.4155, 40.9382,  240, 127, 0
L -135.3230, 280.4155, 40.9382,  -154.1240, 280.2597, 41.9943,  240, 127, 0
L -154.1240, 280.2597, 41.9943,  -154.2126, 298.1438, 42.2900,  240, 127, 0
L -154.2126, 298.1438, 42.2900,  -166.3885, 298.1623, 42.5418,  240, 127, 0
L -166.3885, 298.1623, 42.5418,  -166.3326, 311.1330, 41.5135,  240, 127, 0
L -166.3326, 311.1330, 41.5135,  -204.9421, 310.9157, 44.4209,  240, 127, 0
L -204.9421, 310.9157, 44.4209,  -204.8014, 452.8000, 41.1100,  240, 127, 0
L -204.8014, 452.8000, 41.1100,  -90.7639, 452.9073, 42.2062,  240, 127, 0
L -90.7639, 452.9073, 42.2062,  -90.8238, 398.3269, 41.9082,  240, 127, 0
L -90.8238, 398.3269, 41.9082,  -79.4809, 398.2588, 42.8220,  240, 127, 0
L -79.4809, 398.2588, 42.8220,  -79.3733, 386.9982, 41.9891,  240, 127, 0
L -79.3733, 386.9982, 41.9891,  -64.7850, 386.8951, 41.8733,  240, 127, 0
L -64.8520, 386.8503, 41.8733,  -63.9853, 393.9572, 41.8733,  240, 127, 0
L -63.9853, 393.9572, 41.8733,  68.4174, 395.6268, 47.7004,  240, 127, 0
L 68.4174, 395.6268, 47.7004,  70.8948, 402.2359, 48.8751,  240, 127, 0
L 70.8948, 402.2359, 48.8751,  76.4695, 402.2366, 48.8763,  240, 127, 0
L 76.4695, 402.2366, 48.8763,  78.3135, 399.9286, 47.7004,  240, 127, 0
L 78.3135, 399.9286, 47.7004,  82.6920, 399.8924, 47.7006,  240, 127, 0
L 82.6920, 399.8924, 47.7006,  82.1751, 451.8559, 42.1323,  240, 127, 0
L 82.1751, 451.8559, 42.1323,  84.8393, 455.8498, 42.1653,  240, 127, 0
L 84.8393, 455.8498, 42.1653,  162.9540, 455.8715, 42.2081,  240, 127, 0
L 162.9540, 455.8715, 42.2081,  167.4285, 453.6637, 42.2220,  240, 127, 0
L 167.4285, 453.6637, 42.2220,  177.8865, 444.6020, 41.1310,  240, 127, 0
L 177.8865, 444.6020, 41.1310,  182.7070, 448.2774, 41.5790,  240, 127, 0
L 182.7070, 448.2774, 41.5790,  178.8936, 452.6519, 42.2477,  240, 127, 0
L 178.8936, 452.6519, 42.2477,  176.8204, 457.2112, 42.2289,  240, 127, 0
L 176.8204, 457.2112, 42.2289,  174.4953, 469.4245, 42.2323,  240, 127, 0
L 174.4953, 469.4245, 42.2323,  175.1589, 476.9438, 42.2781,  240, 127, 0
L 175.1589, 476.9438, 42.2781,  176.6368, 482.1707, 42.2308,  240, 127, 0
L 176.6368, 482.1707, 42.2308,  182.6556, 492.9100, 42.2317,  240, 127, 0
L 182.6556, 492.9100, 42.2317,  187.8557, 498.1105, 42.2323,  240, 127, 0
L 67.8250, 275.3106, 16.2740,  59.1445, 275.1562, 16.2057,  127, 64, 0
L 59.1445, 275.1562, 16.2057,  59.5590, 267.9449, 17.7046,  127, 64, 0
L 59.5590, 267.9449, 17.7046,  56.1771, 265.3590, 17.7046,  127, 64, 0
L 56.1771, 265.3590, 17.7046,  -51.3000, 264.8659, 17.7046,  127, 64, 0
L -51.3000, 264.8659, 17.7046,  -53.5880, 266.8903, 17.7046,  127, 64, 0
L -53.5880, 266.8903, 17.7046,  -53.7008, 275.5989, 16.2051,  127, 64, 0
L -53.7008, 275.5989, 16.2051,  -65.2754, 275.4626, 16.2130,  127, 64, 0
L -65.2754, 275.4626, 15.9069,  -65.1606, 261.4993, 11.9467,  127, 64, 0
L -65.1606, 261.4993, 11.9467,  -54.1047, 261.6634, 11.9467,  127, 64, 0
L -54.1047, 261.6634, 11.9467,  -54.1047, 222.6782, 11.9467,  127, 64, 0
L -54.1047, 222.6782, 11.9467,  -76.7720, 222.7116, 11.9834,  127, 64, 0
L -76.7720, 222.7116, 11.9834,  -76.1423, 220.9880, 14.6645,  127, 64, 0
L -76.1423, 220.9880, 14.6645,  -76.8944, 220.1262, 14.6645,  127, 64, 0
L -76.8944, 220.1262, 14.6645,  -79.2580, 221.1338, 14.6645,  127, 64, 0
L -79.2580, 221.1338, 14.6645,  -80.9398, 222.9800, 14.6645,  127, 64, 0
L -80.9398, 222.9800, 14.6645,  -82.4531, 223.9265, 14.6645,  127, 64, 0
L -82.4531, 223.9265, 14.6645,  -83.2546, 225.9307, 14.6645,  127, 64, 0
L -83.2546, 225.9307, 14.6645,  -83.5803, 227.9138, 14.6645,  127, 64, 0
L -83.5803, 227.9138, 14.6645,  -83.6816, 227.9073, 16.1921,  127, 64, 0
L -83.6816, 227.9073, 16.1921,  -83.4076, 230.1250, 16.1936,  127, 64, 0
L -83.4076, 230.1250, 16.1936,  -82.3242, 232.7101, 16.1909,  127, 64, 0
L -82.3242, 232.7101, 16.1909,  -80.8890, 234.1093, 16.1978,  127, 64, 0
L -80.8890, 234.1093, 16.1978,  -78.6958, 235.7504, 16.1947,  127, 64, 0
L -78.6958, 235.7504, 16.1947,  -76.8355, 236.2830, 16.2027,  127, 64, 0
L -76.8355, 236.2830, 16.2027,  -75.8624, 236.5563, 16.1884,  127, 64, 0
L -75.8624, 236.5563, 16.1884,  -75.7973, 233.3006, 15.8074,  127, 64, 0
L -75.7973, 233.3006, 15.8074,  -62.3500, 233.2321, 13.4722,  127, 64, 0
L -62.3500, 233.2321, 13.4722,  -61.8344, 251.5800, 13.4725,  127, 64, 0
L -61.8344, 251.5800, 13.4725,  -72.9239, 250.8314, 13.4733,  127, 64, 0
L -72.9239, 250.8314, 13.4733,  -72.9407, 286.2148, 16.8553,  127, 64, 0
L -72.9407, 286.2148, 17.7382,  -72.9407, 286.2146, 16.2139,  127, 64, 0
L -72.9407, 286.2146, 16.2139,  -54.2911, 286.2712, 19.2469,  127, 64, 0
L -54.2911, 286.2712, 19.2469,  -54.1216, 376.2690, 19.2408,  127, 64, 0
L -54.1216, 376.2690, 19.2408,  -51.4829, 378.8985, 19.2376,  127, 64, 0
L -51.4829, 378.8985, 19.2376,  -43.1253, 378.8378, 17.7412,  127, 64, 0
L -43.1253, 378.8378, 17.7412,  -43.2700, 392.1297, 17.7534,  127, 64, 0
L -43.2700, 392.1297, 17.7534,  -126.8962, 392.2397, 15.8660,  127, 64, 0
L -126.8962, 392.2397, 15.8660,  -126.7845, 379.1300, 17.7900,  127, 64, 0
L -126.7845, 379.1300, 17.7900,  -124.1760, 378.5618, 17.7578,  127, 64, 0
L -124.1760, 378.5618, 17.7577,  -125.6790, 375.3267, 17.7572,  127, 64, 0
L -125.6790, 375.3267, 17.7572,  -126.6603, 372.7171, 17.7571,  127, 64, 0
L -126.6603, 372.7171, 17.7571,  -128.6646, 370.9515, 17.7570,  127, 64, 0
L -128.6646, 370.9515, 17.7570,  -131.9420, 370.2130, 17.7569,  127, 64, 0
L -131.9420, 370.2130, 17.7569,  -132.8573, 370.1116, 17.7567,  127, 64, 0
L -132.8573, 370.1116, 17.7567,  -134.9441, 370.4325, 17.7566,  127, 64, 0
L -134.9441, 370.4325, 17.7566,  -137.2900, 371.3147, 17.7566,  127, 64, 0
L -137.2900, 371.3147, 17.7566,  -138.6992, 372.6129, 17.7565,  127, 64, 0
L -138.6992, 372.6129, 17.7565,  -140.1300, 374.4148, 17.7564,  127, 64, 0
L -140.1300, 374.4148, 17.7564,  -140.6676, 376.2696, 17.7563,  127, 64, 0
L -140.6676, 376.2696, 17.7563,  -140.8077, 378.5726, 17.7562,  127, 64, 0
L -140.8077, 378.5726, 17.7562,  -138.4230, 378.5427, 16.2874,  127, 64, 0
L -138.4230, 378.5427, 16.2874,  -138.9530, 400.1576, 15.8900,  127, 64, 0
L -138.9530, 400.1576, 15.8900,  -32.8237, 400.1562, 17.4582,  127, 64, 0
L -32.8237, 400.1562, 17.7363,  -32.9692, 378.6730, 19.1968,  127, 64, 0
L -32.9692, 378.6730, 19.1968,  -32.9692, 378.6730, 19.1968,  127, 64, 0
L -10.4418, 273.1082, 19.3311,  -46.5140, 273.1564, 19.3485,  127, 64, 0
L -10.4715, 273.1659, 19.3313,  -10.4911, 288.3440, 19.3308,  127, 64, 0
L -10.4911, 288.3440, 19.3308,  28.1129, 288.9120, 43.7351,  127, 64, 0
L 27.7010, 279.9041, 43.7012,  -4.1599, 279.8387, 17.8541,  127, 64, 0
L 67.9758, 275.3679, 17.8628,  68.3830, 258.9134, 17.8554,  127, 64, 0
L 68.3830, 258.9134, 17.8554,  59.7796, 258.6399, 17.8551,  127, 64, 0
L 59.7796, 258.6399, 17.8551,  59.5835, 225.9728, 17.8583,  127, 64, 0
L 59.5835, 225.9728, 17.8583,  81.4996, 225.8550, 17.8962,  127, 64, 0
L 81.4996, 225.8550, 17.8962,  81.3352, 223.2815, 20.6193,  127, 64, 0
L 81.3352, 223.2815, 20.6193,  83.9787, 223.4370, 20.6193,  127, 64, 0
L 83.9787, 223.4370, 20.6193,  85.4575, 224.2423, 20.6193,  127, 64, 0
L 85.4575, 224.2423, 20.6193,  87.3298, 225.4370, 20.6193,  127, 64, 0
L 87.3298, 225.4370, 20.6193,  88.7647, 227.3756, 20.6193,  127, 64, 0
L 88.7647, 227.3756, 20.6193,  89.6003, 229.2355, 20.5827,  127, 64, 0
L 89.6003, 229.2355, 20.5827,  89.7259, 231.3240, 20.5827,  127, 64, 0
L 89.7259, 231.3240, 20.5827,  89.6448, 233.4962, 20.5827,  127, 64, 0
L 89.6448, 233.4962, 20.5827,  88.5173, 235.2820, 20.5827,  127, 64, 0
L 88.5173, 235.2820, 20.5827,  87.3875, 237.2299, 20.5827,  127, 64, 0
L 87.3875, 237.2299, 20.5827,  85.5929, 238.4970, 20.5827,  127, 64, 0
L 83.3401, 239.6007, 20.5827,  85.6834, 238.5763, 20.5930,  127, 64, 0
L 83.6379, 239.5499, 20.5930,  81.3774, 239.7704, 20.5838,  127, 64, 0
L 81.3774, 239.7704, 20.5838,  81.5040, 237.6000, 17.8938,  127, 64, 0
L 81.5040, 237.6000, 17.8938,  67.4492, 237.6480, 17.8571,  127, 64, 0
L 67.4492, 237.6480, 17.8571,  67.5644, 247.9703, 17.8902,  127, 64, 0
L 76.5183, 247.9273, 17.8576,  67.5644, 247.9703, 17.8680,  127, 64, 0
L 76.5181, 247.9275, 17.8560,  76.5199, 286.1696, 17.7965,  127, 64, 0
L 76.5199, 286.1696, 17.8630,  58.8980, 286.1320, 19.3645,  127, 64, 0
L 58.8980, 286.1320, 19.3645,  59.6600, 357.6558, 18.6101,  127, 64, 0
L 59.6600, 357.6558, 18.6101,  71.9849, 357.5199, 17.8749,  127, 64, 0
L 71.9849, 357.5199, 17.8749,  71.6050, 349.1060, 17.8629,  127, 64, 0
L 71.6050, 349.1060, 17.8629,  62.8686, 349.5180, 17.8695,  127, 64, 0
L 62.8686, 349.5180, 17.8695,  62.8667, 321.1539, 17.8663,  127, 64, 0
L 62.8667, 321.1539, 17.8663,  62.8667, 321.1539, 17.8663,  127, 64, 0
L 62.8667, 321.1539, 17.8663,  81.4877, 321.6520, 17.8975,  127, 64, 0
L 81.4877, 321.6520, 17.8975,  81.4667, 317.7289, 20.4920,  127, 64, 0
L 79.2556, 368.2484, 17.8040,  59.4253, 368.3432, 19.3539,  127, 64, 0
L 60.6039, 375.5364, -12.3700,  56.4902, 379.6508, -12.4300,  0, 0, 0
L 56.4902, 379.6508, -12.4300,  -51.1820, 379.6501, -10.9078,  0, 0, 0
L -51.2900, 379.6506, -10.5790,  -55.9640, 375.5534, -11.4794,  0, 0, 0
L -55.9640, 375.5536, -11.4743,  -55.9700, 268.2620, -10.8414,  0, 0, 0
L -55.9660, 268.3390, -11.6070,  -50.9834, 263.9506, -11.9995,  0, 0, 0
L -50.9829, 263.9499, -12.3300,  56.4919, 263.9499, -11.9286,  0, 0, 0
L 56.4904, 263.9501, -11.9669,  60.6032, 268.5160, -11.6295,  0, 0, 0
L 60.6034, 268.5500, -11.7370,  60.6034, 375.5541, -11.4588,  0, 0, 0
L -33.1345, 378.7991, 18.7363,  56.1923, 378.4119, 19.3558,  127, 64, 0
L 56.1923, 378.4119, 19.3558,  59.3021, 375.6811, 19.3601,  127, 64, 0
L 59.3021, 375.6811, 19.3601,  59.4253, 368.3432, 19.1805,  127, 64, 0
L -54.6844, 326.2717, -11.6622,  -74.6043, 326.2633, -11.4463,  127, 127, 127
L -74.6826, 317.7115, -11.4461,  -54.9847, 317.6270, -11.6560,  127, 127, 127
L -130.8851, 414.6001, -10.8780,  -124.6884, 414.6870, -9.7817,  0, 0, 0
L -130.8851, 414.6001, -10.8894,  -131.6830, 411.5192, -10.9189,  0, 0, 0
L -71.7112, 423.7438, -10.1430,  -71.6951, 429.5885, -10.1428,  0, 0, 0
L -71.6951, 429.5885, -10.1428,  -74.7930, 429.6080, -10.8806,  0, 0, 0
L -71.7121, 439.2930, -10.1450,  -71.6543, 433.2767, -10.1449,  0, 0, 0
L -71.6543, 433.2767, -10.1449,  -74.7287, 433.3253, -10.8956,  0, 0, 0
L -71.7121, 475.5120, -10.1417,  -71.7334, 480.9750, -10.8491,  0, 0, 0
L -71.7334, 480.9750, -10.8491,  -74.7287, 480.9424, -10.9042,  0, 0, 0
L -71.7121, 491.6090, -10.1524,  -71.7892, 484.7346, -10.1524,  0, 0, 0
L -71.7892, 484.7346, -10.1524,  -74.9945, 484.8081, -10.9247,  0, 0, 0
L -83.7990, 503.1786, -10.1463,  -89.5140, 503.3007, -10.9191,  0, 0, 0
L -99.3477, 503.1789, -10.1503,  -93.6950, 503.1655, -10.1502,  0, 0, 0
L -93.6950, 503.1655, -10.1502,  -93.1251, 500.1535, -10.9123,  0, 0, 0
L -114.1413, 503.1788, -10.1530,  -119.7828, 503.1668, -10.2784,  0, 0, 0
L -119.7828, 503.1668, -10.2784,  -119.6684, 500.1535, -10.9076,  0, 0, 0
L -129.6896, 503.1789, -10.1402,  -123.5867, 503.1114, -10.1402,  0, 0, 0
L -123.5867, 503.1114, -10.1402,  -123.4645, 500.6810, -10.8040,  0, 0, 0
L -144.4609, 503.1786, -10.5551,  -150.4410, 503.1048, -10.1343,  0, 0, 0
L -150.4410, 503.1048, -10.1343,  -150.4063, 500.5270, -10.9334,  0, 0, 0
L -160.9600, 503.1789, -10.1540,  -153.9973, 503.2597, -10.1540,  0, 0, 0
L -153.9973, 503.2597, -10.1540,  -154.1322, 500.1691, -10.9169,  0, 0, 0
L -193.5945, 469.6621, -10.1832,  -193.6396, 463.3023, -10.1480,  0, 0, 0
L -193.6396, 463.3023, -10.1480,  -190.5425, 463.2855, -10.8945,  0, 0, 0
L -193.5944, 454.1141, -10.1484,  -193.3942, 460.2438, -10.1484,  0, 0, 0
L -193.3942, 460.2438, -10.1484,  -190.5425, 460.2636, -10.8994,  0, 0, 0
L -164.8910, 500.9710, -9.7873,  -154.1322, 500.1691, -10.9107,  0, 0, 0
L -150.4063, 500.5270, -10.8915,  -123.4645, 500.6810, -10.9001,  0, 0, 0
L -89.4545, 499.9825, -10.9019,  -79.4000, 500.1970, -9.7677,  0, 0, 0
L -79.4000, 500.1970, -9.7677,  -74.7854, 495.9352, -9.7946,  0, 0, 0
L -89.5140, 503.3007, -10.8876,  -89.4545, 499.9825, -10.9116,  0, 0, 0
L -74.7848, 495.9490, -9.7977,  -74.9184, 484.8321, -10.9056,  0, 0, 0
L -74.7930, 429.6080, -10.8994,  -74.7853, 418.7273, -9.7998,  0, 0, 0
L -152.5995, 192.5860, 44.5938,  -183.3762, 192.5980, 42.6071,  240, 127, 0
L -183.3762, 192.5980, 42.6071,  -184.7200, 160.6508, 43.2695,  240, 127, 0
L 144.4776, 401.9620, -12.7383,  144.3568, 428.8073, 0.1649,  127, 64, 0
L 144.3568, 428.8073, 0.1649,  150.1028, 428.8697, 2.9948,  127, 64, 0
L 150.1028, 428.8697, 2.9948,  155.3323, 430.2764, 2.9948,  127, 64, 0
L 155.3323, 430.2764, 2.9948,  155.3695, 437.6037, 3.1048,  127, 64, 0
L 155.3695, 437.6037, 3.1048,  190.7648, 437.5670, 16.3933,  127, 64, 0
L 190.7648, 437.5670, 16.3933,  190.7598, 454.4427, 16.3933,  127, 64, 0
L 188.1065, 487.5000, 11.7989,  155.7130, 487.4563, 18.6099,  127, 64, 0
L 155.7130, 487.4563, 18.6099,  155.3154, 499.2995, 19.7109,  127, 64, 0
L 155.3154, 499.2995, 19.7109,  122.9937, 499.2993, 19.7097,  127, 64, 0
L 89.1747, 487.4890, 11.7989,  89.3949, 456.5507, 13.5691,  127, 64, 0
L 89.3949, 456.5507, 13.5691,  81.3302, 449.5480, 16.3928,  127, 64, 0
L 81.3302, 449.5480, 16.3928,  81.4351, 407.9400, 13.5691,  127, 64, 0
L 67.4460, 407.3570, 11.7904,  81.4351, 407.9400, 13.5691,  127, 64, 0
L -27.3040, 405.4363, -5.3690,  67.8910, 405.2411, 11.7898,  127, 64, 0
L 67.8910, 405.2411, 11.7898,  67.4430, 407.3570, 11.7904,  127, 64, 0
L -27.3040, 405.4363, -5.3690,  -27.5900, 394.6875, -5.3690,  127, 64, 0
L -27.5900, 394.6875, -5.3690,  -97.1060, 394.8790, -13.2386,  127, 64, 0
L -97.1060, 394.8790, -13.2386,  -96.9566, 379.3611, -13.3125,  127, 64, 0
L -186.4285, 379.6911, -12.1082,  -96.9566, 379.3611, -13.3125,  0, 0, 0
L -186.4276, 379.6836, -12.1227,  -190.5331, 375.5792, -12.1205,  0, 0, 0
L -190.5426, 375.5799, -12.1023,  -190.5444, 367.9456, -13.2757,  0, 0, 0
L -190.5444, 367.9456, -13.2757,  -197.9293, 368.1190, -13.3117,  127, 64, 0
L -197.9293, 368.1190, -13.3117,  -197.9550, 426.6259, 0.8625,  127, 64, 0
L -197.9550, 426.6259, 0.8625,  -189.4147, 426.3050, 0.8494,  127, 64, 0
L -189.4147, 426.3050, 0.8494,  -189.5412, 423.6349, 3.6781,  127, 64, 0
L -189.5412, 423.6349, 3.6781,  -162.5125, 423.7271, -7.9996,  127, 64, 0
L -162.5686, 439.3029, -8.5402,  -189.5099, 439.3879, 3.6781,  127, 64, 0
L -189.5099, 439.3879, 3.6781,  -189.4136, 436.7885, 0.8494,  127, 64, 0
L -189.4136, 436.7885, 0.8494,  -205.7275, 436.9390, 0.8625,  127, 64, 0
L -205.7275, 436.9390, 0.8625,  -205.7276, 357.4239, -13.3117,  127, 64, 0
L -205.7276, 357.4239, -13.3117,  -190.7790, 357.2957, -13.2757,  127, 64, 0
L -190.5414, 309.4570, -12.1049,  -190.7790, 357.2957, -13.2757,  0, 0, 0
L -190.5423, 309.4570, -12.1029,  -186.4274, 304.9311, -12.1021,  0, 0, 0
L -186.4274, 304.9311, -12.1021,  -178.9442, 305.7400, -13.2995,  0, 0, 0
L -178.9442, 305.7400, -13.2995,  -178.9439, 289.7463, -13.3117,  127, 64, 0
L -178.9439, 289.7463, -13.3117,  -137.6385, 289.7400, -13.3116,  127, 64, 0
L -137.6385, 289.7400, -13.3116,  -137.6420, 281.2266, -13.3080,  127, 64, 0
L -137.6420, 281.2266, -13.3080,  -139.2852, 281.1342, -13.3080,  127, 64, 0
L -139.2852, 281.1342, -13.3080,  -139.2754, 225.8150, -13.3080,  127, 64, 0
L -139.2754, 225.8150, -13.3080,  -190.6568, 225.3168, -11.1168,  0, 0, 0
L -190.5107, 140.3418, -12.1640,  -190.6568, 225.3168, -13.3080,  0, 0, 0
L -190.5452, 140.3402, -12.9720,  -186.4303, 136.2253, -12.9680,  0, 0, 0
L -186.4303, 136.2253, -12.9680,  -78.8448, 136.2357, -12.1172,  0, 0, 0
L -78.8448, 136.2357, -12.1172,  -74.7677, 140.3418, -12.1710,  0, 0, 0
L -74.7677, 140.3418, -12.1710,  -74.5973, 224.9661, -13.3080,  0, 0, 0
L -74.5973, 224.9661, -13.3080,  -126.2844, 224.8968, -13.3080,  0, 0, 0
L -126.2844, 224.8968, -13.3080,  -125.9899, 281.1338, -13.3080,  127, 64, 0
L -125.9899, 281.1338, -13.3080,  -127.5190, 281.1453, -13.3080,  127, 64, 0
L -127.5190, 281.1453, -13.3080,  -127.5661, 297.5747, -13.3116,  127, 64, 0
L -127.5661, 297.5747, -13.3116,  -168.8016, 297.5790, -13.3117,  127, 64, 0
L -168.8016, 297.5790, -13.3117,  -168.7925, 304.5584, -13.2757,  127, 64, 0
L -168.7925, 304.5584, -13.2757,  -78.8422, 304.9352, -12.1098,  0, 0, 0
L -74.7506, 375.5785, -12.1462,  -74.7272, 309.4550, -12.1013,  0, 0, 0
L -74.7272, 309.4550, -12.1013,  -78.8426, 304.9325, -12.1050,  0, 0, 0
L -74.7275, 375.5788, -12.1013,  -78.9221, 379.6931, -12.1044,  0, 0, 0
L -78.9221, 379.6931, -12.1044,  -80.9437, 379.6940, -12.1021,  127, 64, 0
L -80.9437, 379.6940, -12.1021,  -80.9437, 379.2137, -13.3115,  127, 64, 0
L -80.9437, 379.2137, -13.3115,  -87.3722, 379.2678, -13.3125,  0, 0, 0
L -87.3722, 379.2678, -13.3125,  -87.3987, 386.9900, -13.2386,  127, 64, 0
L -87.3987, 386.9900, -13.2386,  -19.1977, 387.5540, -5.3690,  127, 64, 0
L -19.1977, 387.5540, -5.3690,  -19.1664, 398.7790, -5.4880,  127, 64, 0
L -19.1664, 398.7790, -5.4880,  67.2009, 397.5958, 11.7883,  127, 64, 0
L 67.2009, 397.5958, 11.7883,  67.1963, 396.4746, 11.7885,  127, 64, 0
L 95.9026, 396.4556, 13.5691,  67.1963, 396.4746, 11.7635,  127, 64, 0
L 95.9026, 396.4556, 13.5716,  95.9299, 437.5470, 13.5691,  127, 64, 0
L 95.9299, 437.5470, 16.3928,  121.1454, 437.5530, 3.6972,  127, 64, 0
L 121.1454, 437.5530, 3.6972,  121.1642, 431.4556, 2.9948,  127, 64, 0
L 130.8045, 428.7250, 2.9948,  125.3164, 428.7907, 2.9948,  127, 64, 0
L 125.3164, 428.7907, 2.9948,  121.1642, 431.4556, 2.9948,  127, 64, 0
L 130.8922, 427.8806, 2.9948,  131.3000, 401.2119, -10.5614,  127, 64, 0
L 188.1068, 487.6500, 11.7989,  188.2322, 454.4427, 13.5691,  127, 64, 0
L 188.2322, 454.4427, 13.5691,  190.7598, 454.4427, 16.3933,  127, 64, 0
L 176.4141, 453.8706, 13.5691,  176.3285, 479.2119, 12.8280,  127, 64, 0
L 176.3285, 479.2119, 12.8280,  155.2606, 479.1587, 18.5009,  127, 64, 0
L 155.3154, 466.9782, 19.7103,  155.2606, 479.1587, 18.6099,  127, 64, 0
L 122.9964, 466.9780, 19.7083,  155.3137, 466.9780, 19.7103,  127, 64, 0
L 122.9939, 466.9775, 19.7113,  122.9742, 479.6330, 18.6099,  127, 64, 0
L 122.9742, 479.6330, 18.6099,  99.8999, 478.9913, 11.7990,  127, 64, 0
L 99.9634, 454.2508, 13.5691,  99.9698, 478.5559, 11.7990,  127, 64, 0
L 176.4141, 453.8706, -12.7809,  99.9634, 454.2508, 13.5691,  127, 64, 0
L 130.7934, 454.1211, 1.3755,  130.7661, 446.9902, 1.3755,  127, 127, 127
L 130.7661, 446.9902, 1.3755,  132.6962, 437.6220, 1.3755,  127, 127, 127
L 132.6962, 437.6220, 1.3755,  134.7062, 434.7629, 0.9547,  127, 127, 127
L 134.7062, 434.7629, 0.9547,  142.3564, 434.7615, 0.9545,  127, 127, 127
L 142.3564, 434.7615, 0.9545,  144.4200, 437.2307, 1.3755,  127, 127, 127
L 144.4200, 437.2307, 1.3755,  145.6119, 447.2260, 1.4190,  127, 127, 127
L 145.6119, 447.2260, 1.4190,  145.5701, 454.1404, 1.4587,  127, 127, 127
L 89.1747, 487.4930, 11.7989,  123.9820, 486.8872, 18.6099,  127, 64, 0
L 123.9820, 486.8872, 18.6099,  122.9933, 499.3000, 19.7122,  127, 64, 0
L -189.4100, 421.8125, -12.5413,  -190.5425, 418.7835, -11.3438,  0, 0, 0
L -190.5425, 418.7832, -11.3438,  -186.4223, 414.6680, -11.3430,  0, 0, 0
L -186.4284, 414.6687, -11.3444,  -174.9248, 414.7755, -12.5413,  0, 0, 0
L -181.5168, 411.7085, -11.7969,  -181.5168, 400.6786, -11.7969,  0, 0, 0
L -181.5168, 400.6786, -11.7969,  -165.8607, 400.6784, -11.7969,  0, 0, 0
L -165.8536, 400.6786, -11.7969,  -165.8541, 411.7010, -11.7969,  0, 0, 0
L -165.8541, 411.7010, -11.7969,  -171.7002, 411.6575, -12.5647,  0, 0, 0
L -171.6964, 414.6687, -11.3450,  -133.9105, 414.6680, -11.3445,  0, 0, 0
L -133.9105, 414.6680, -12.2111,  -133.9105, 411.6856, -12.5647,  0, 0, 0
L -140.4644, 411.7090, -11.7969,  -133.9105, 411.6856, -12.5647,  0, 0, 0
L -140.4644, 411.7074, -11.7969,  -140.4305, 400.6777, -11.7969,  0, 0, 0
L -140.4305, 400.6777, -11.7969,  -124.8016, 400.6786, -11.7969,  0, 0, 0
L -124.8016, 400.6786, -11.7969,  -124.8014, 411.6831, -11.7969,  0, 0, 0
L -124.8014, 411.6831, -11.7969,  -131.6830, 411.5192, -12.5647,  0, 0, 0
L -174.9167, 411.7246, -12.5647,  -174.9248, 414.7755, -12.5413,  0, 0, 0
L -181.5168, 411.7085, -11.7969,  -174.9167, 411.7246, -12.5647,  0, 0, 0
L -171.7002, 411.6575, -12.5647,  -171.6964, 414.6687, -12.5413,  0, 0, 0
L -124.6884, 414.6870, -11.3335,  -93.2030, 414.4818, -12.5413,  0, 0, 0
L -93.2030, 414.4818, -12.5413,  -93.1015, 411.1702, -12.5647,  0, 0, 0
L -93.1015, 411.1702, -12.5647,  -99.4170, 411.7510, -11.7969,  0, 0, 0
L -99.4170, 411.7510, -11.7969,  -99.4059, 400.6786, -11.7969,  0, 0, 0
L -99.4059, 400.6786, -11.7969,  -83.7557, 400.6779, -11.7969,  0, 0, 0
L -83.7557, 400.6779, -11.7969,  -83.7558, 411.1265, -11.7969,  0, 0, 0
L -83.7558, 411.1265, -11.7969,  -90.2420, 411.6560, -12.5647,  0, 0, 0
L -78.8426, 414.6696, -11.3457,  -90.1530, 414.6598, -11.3429,  0, 0, 0
L -90.1530, 414.6598, -12.5413,  -90.2420, 411.6560, -12.5647,  0, 0, 0
L -78.8429, 414.6711, -11.3495,  -74.7853, 418.7273, -11.3438,  0, 0, 0
L -74.7287, 433.3253, -11.3438,  -74.7287, 480.9424, -11.3306,  0, 0, 0
L -93.1251, 500.1535, -11.3392,  -119.6684, 500.1535, -11.3446,  0, 0, 0
L -164.9824, 500.1537, -11.3446,  -170.3143, 497.9443, -11.3461,  0, 0, 0
L -170.3143, 497.9443, -11.3461,  -171.8011, 496.4594, -11.3457,  0, 0, 0
L -171.8011, 496.4594, -11.3457,  -174.9218, 492.9508, -12.5541,  0, 0, 0
L -174.9218, 492.9508, -12.5541,  -182.1026, 499.9999, -12.5541,  0, 0, 0
L -182.1026, 499.9999, -12.5541,  -175.4045, 505.8408, -11.3073,  0, 0, 0
L -240.5149, 500.2536, -11.3462,  -232.2616, 490.7038, -11.3437,  0, 0, 0
L -208.7732, 482.5432, -11.3452,  -196.1210, 485.1028, -11.3943,  0, 0, 0
L -196.1210, 485.1028, -11.3943,  -190.3149, 492.4365, -12.5541,  0, 0, 0
L -190.3149, 492.4365, -12.5541,  -181.8483, 485.3804, -12.5541,  0, 0, 0
L -181.8483, 485.3804, -12.5541,  -188.4923, 479.3915, -11.9160,  0, 0, 0
L -188.4923, 479.3915, -11.3452,  -190.5425, 472.4925, -11.3439,  0, 0, 0
L -190.5425, 472.4925, -11.3439,  -190.5426, 442.2001, -11.3446,  0, 0, 0
L -190.5426, 442.2001, -11.3446,  -187.4286, 440.1548, -11.8241,  0, 0, 0
L -187.4286, 440.1548, -11.8241,  -162.5700, 440.2653, -12.5413,  0, 0, 0
L -189.4095, 421.8124, -12.5413,  -162.5078, 421.6843, -12.5413,  0, 0, 0
L -162.5414, 421.7889, -12.5413,  -162.5700, 440.2653, -12.5413,  0, 0, 0
L -167.8451, 521.9011, -11.7969,  -157.1913, 524.7566, -11.7969,  0, 0, 0
L -157.1913, 524.7566, -11.7969,  -161.2446, 539.8849, -11.7969,  0, 0, 0
L -161.2446, 539.8849, -11.7969,  -171.8985, 537.2940, -11.7969,  0, 0, 0
L -171.8985, 537.2940, -11.7969,  -169.6979, 529.8714, -12.5647,  0, 0, 0
L -169.6979, 529.8714, -12.5647,  -175.9754, 528.3150, -12.5541,  0, 0, 0
L -175.9754, 528.3150, -12.5541,  -178.9830, 537.5221, -11.3435,  0, 0, 0
L -191.1858, 556.3017, -11.7969,  -188.3311, 566.9560, -11.7969,  0, 0, 0
L -188.3311, 566.9560, -11.7969,  -203.4600, 571.1000, -11.7969,  0, 0, 0
L -203.4600, 571.1000, -11.7969,  -206.3152, 560.3558, -11.7969,  0, 0, 0
L -206.3152, 560.3558, -11.7969,  -200.4600, 558.9238, -12.5647,  0, 0, 0
L -200.4600, 558.9238, -12.5647,  -201.8240, 552.4094, -12.5541,  0, 0, 0
L -219.4752, 559.1966, -11.7969,  -224.1363, 569.1932, -11.7969,  0, 0, 0
L -224.1363, 569.1932, -11.7969,  -238.3232, 562.5774, -11.7969,  0, 0, 0
L -238.3232, 562.5774, -11.7969,  -233.7009, 552.6450, -11.7969,  0, 0, 0
L -233.7009, 552.6450, -11.7969,  -228.3168, 554.9999, -12.5647,  0, 0, 0
L -228.3168, 554.9999, -12.5647,  -226.7750, 550.2387, -12.4741,  0, 0, 0
L -226.7750, 550.2387, -12.4741,  -233.7730, 546.3863, -11.3443,  0, 0, 0
L -233.7730, 546.3863, -11.3443,  -239.3437, 535.4873, -12.5541,  0, 0, 0
L -239.3437, 535.4873, -12.5541,  -244.3880, 538.4026, -12.5647,  0, 0, 0
L -244.3880, 538.4026, -12.5647,  -242.6574, 541.1938, -12.5647,  0, 0, 0
L -242.6574, 541.1938, -12.5647,  -254.9559, 547.1074, -11.7974,  0, 0, 0
L -254.9559, 547.1074, -11.7974,  -259.6218, 533.6961, -11.7969,  0, 0, 0
L -259.6218, 533.6961, -11.7969,  -249.6254, 529.3450, -11.7969,  0, 0, 0
L -249.6254, 529.3450, -11.7969,  -247.3531, 533.5095, -12.5647,  0, 0, 0
L -247.3531, 533.5095, -12.5647,  -241.8961, 530.7024, -12.5541,  0, 0, 0
L -241.8961, 530.7024, -12.5541,  -245.1918, 524.6739, -11.3440,  0, 0, 0
L -242.8112, 512.4059, -12.5541,  -247.8970, 511.4041, -12.5647,  0, 0, 0
L -247.8970, 511.4041, -12.5647,  -248.8019, 514.5633, -12.5647,  0, 0, 0
L -248.8019, 514.5633, -12.5647,  -262.5052, 511.1401, -11.7969,  0, 0, 0
L -262.5052, 511.1401, -11.7969,  -259.2470, 498.9771, -11.7969,  0, 0, 0
L -259.2470, 498.9771, -11.7969,  -245.6382, 502.6238, -12.5647,  0, 0, 0
L -245.6382, 502.6238, -12.5647,  -246.7424, 507.2952, -12.5647,  0, 0, 0
L -246.7424, 507.2952, -12.5647,  -242.4980, 508.8602, -12.5541,  0, 0, 0
L -242.4980, 508.8602, -12.5541,  -240.5160, 500.2533, -11.3439,  0, 0, 0
L -240.5160, 500.2533, -11.3439,  -232.2632, 490.7051, -11.3435,  0, 0, 0
L -232.2632, 490.7051, -11.3435,  -219.6065, 486.3288, -12.5541,  0, 0, 0
L -219.6065, 486.3288, -12.5541,  -221.5832, 481.5425, -12.5647,  0, 0, 0
L -221.5832, 481.5425, -12.5647,  -225.5382, 482.6100, -12.5647,  0, 0, 0
L -225.5382, 482.6100, -12.5647,  -229.1531, 468.9574, -11.7969,  0, 0, 0
L -229.1531, 468.9574, -11.7969,  -217.3120, 465.7090, -11.7969,  0, 0, 0
L -217.3120, 465.7090, -11.7969,  -213.3860, 479.3109, -12.5647,  0, 0, 0
L -213.3860, 479.3109, -12.5647,  -217.4313, 480.3978, -12.5647,  0, 0, 0
L -217.4313, 480.3978, -12.5647,  -215.6570, 484.9349, -12.5541,  0, 0, 0
L -215.7210, 484.7714, -12.5541,  -208.7752, 482.5430, -11.3445,  0, 0, 0
L -245.6245, 519.3777, -11.3905,  -242.8112, 512.4059, -12.5541,  0, 0, 0
L -245.6469, 519.3766, -11.3466,  -245.1918, 524.6739, -11.3450,  0, 0, 0
L -222.6296, 551.2436, -12.5541,  -224.6984, 556.7281, -12.5647,  0, 0, 0
L -224.6984, 556.7281, -12.5647,  -219.4752, 559.1966, -11.7969,  0, 0, 0
L -222.5004, 551.2722, -12.5541,  -215.1363, 554.7612, -11.3442,  0, 0, 0
L -215.1363, 554.7612, -11.3442,  -201.8240, 552.4094, -12.5541,  0, 0, 0
L -191.1859, 556.3019, -11.7969,  -196.6357, 558.6800, -12.5647,  0, 0, 0
L -196.6357, 558.6800, -12.5647,  -197.9450, 551.2883, -12.5541,  0, 0, 0
L -197.9450, 551.2883, -12.5541,  -190.7135, 550.1137, -11.3468,  0, 0, 0
L -190.7135, 550.1137, -11.3468,  -178.9870, 537.5217, -11.3444,  0, 0, 0
L -167.8451, 521.9009, -11.7969,  -168.8905, 527.2595, -12.5647,  0, 0, 0
L -168.8905, 527.2595, -12.5647,  -174.5098, 525.8238, -12.5541,  0, 0, 0
L -174.5098, 525.8238, -12.5541,  -172.9661, 518.3986, -11.3439,  0, 0, 0
L -172.9661, 518.3986, -11.3439,  -175.4045, 505.8408, -11.2980,  0, 0, 0
L -193.5380, 469.7201, -11.7969,  -204.5674, 469.6793, -11.7969,  0, 0, 0
L -204.5674, 469.6793, -11.7969,  -204.5683, 454.5930, -11.7969,  0, 0, 0
L -204.5683, 454.5930, -11.7969,  -193.5380, 454.5700, -11.7969,  0, 0, 0
L -160.6690, 503.1216, -11.7960,  -160.6710, 514.1517, -11.7969,  0, 0, 0
L -160.6710, 514.1517, -11.7969,  -144.5707, 514.1516, -11.8239,  0, 0, 0
L -144.4036, 514.1518, -11.7969,  -144.4035, 503.1218, -11.7969,  0, 0, 0
L -129.7471, 503.1216, -11.7969,  -129.7461, 514.5570, -11.7969,  0, 0, 0
L -129.7461, 514.5570, -11.7969,  -114.8410, 514.1520, -11.7969,  0, 0, 0
L -114.8410, 514.1520, -11.7969,  -114.8420, 503.1218, -11.7969,  0, 0, 0
L -99.4052, 503.1218, -11.7969,  -99.4048, 514.1517, -11.7969,  0, 0, 0
L -99.4048, 514.1517, -11.7969,  -83.7425, 514.8740, -11.7969,  0, 0, 0
L -83.7425, 514.8740, -11.7969,  -83.7417, 503.1224, -11.7969,  0, 0, 0
L -71.7694, 491.1177, -11.7969,  -60.7394, 491.1181, -11.7969,  0, 0, 0
L -60.7393, 475.4551, -11.7969,  -60.7394, 491.1179, -11.7969,  0, 0, 0
L -60.7396, 475.4759, -11.7969,  -71.7686, 475.4549, -11.7969,  0, 0, 0
L -71.7694, 439.3498, -11.7967,  -60.7400, 439.3498, -11.7969,  0, 0, 0
L -60.7400, 439.3498, -11.7969,  -60.7391, 423.6870, -11.7965,  0, 0, 0
L -60.7391, 423.6870, -11.7965,  -71.7686, 423.6868, -11.7969,  0, 0, 0
L -33.3887, -67.5174, -30.6663,  39.1439, -67.5632, -30.6663,  0, 0, 0
L 39.6080, -56.5285, -30.6663,  39.4050, -67.5348, -30.6663,  0, 0, 0
L 42.5844, -56.4215, -30.6652,  42.5844, -56.4215, -30.6652,  127, 64, 0
L 39.6080, -56.5285, -30.6663,  45.8018, -56.5829, -30.6663,  0, 0, 0
L 45.8018, -56.5829, -30.6663,  45.8143, -59.9065, -29.7135,  0, 0, 0
L 45.8143, -59.9065, -29.7135,  59.3950, -59.9067, -29.7125,  0, 0, 0
L 59.3950, -59.9067, -29.7125,  59.3947, -40.5600, -29.7138,  0, 0, 0
L 59.3947, -40.5400, -29.7134,  45.5272, -40.5600, -29.7136,  0, 0, 0
L 45.5272, -40.5600, -29.7136,  45.6163, -44.1064, -30.6663,  0, 0, 0
L 45.6163, -44.1064, -30.6663,  38.8481, -44.1124, -30.6663,  0, 0, 0
L 38.8481, -44.1124, -30.6663,  38.9187, -18.9800, -30.6663,  0, 0, 0
L 38.9187, -18.9800, -30.6663,  45.6627, -18.9637, -30.6663,  0, 0, 0
L 45.6627, -18.9637, -30.6663,  45.6702, -22.4067, -29.7135,  0, 0, 0
L 45.6702, -22.4067, -29.7135,  59.3483, -22.4069, -29.7134,  0, 0, 0
L 59.3483, -22.4069, -29.7134,  59.3825, -2.5055, -29.7134,  0, 0, 0
L 59.3825, -2.5055, -29.7134,  45.5270, -2.5053, -29.7124,  0, 0, 0
L 45.5270, -2.5053, -29.7124,  45.5328, -5.3952, -30.6663,  0, 0, 0
L 39.3457, -5.4923, -30.6663,  39.3267, 5.1509, -30.6663,  0, 0, 0
L 39.3267, 5.1509, -30.6663,  -33.3888, 5.1509, -30.6663,  0, 0, 0
L -33.3892, 5.1509, -30.6663,  -33.3896, -6.3506, -30.6663,  0, 0, 0
L -33.3896, -6.3506, -30.6663,  -39.5930, -6.4077, -30.6663,  0, 0, 0
L -39.5930, -6.4077, -30.6663,  -39.5895, -2.5057, -29.7136,  0, 0, 0
L -39.5895, -2.5057, -29.7136,  -53.4566, -2.5059, -29.7133,  0, 0, 0
L -53.4566, -2.5059, -29.7133,  -53.4517, -22.4072, -29.7131,  0, 0, 0
L -53.4517, -22.4072, -29.7131,  -39.5893, -22.4069, -29.7130,  0, 0, 0
L -39.5893, -22.4069, -29.7130,  -39.5718, -18.3298, -30.6663,  0, 0, 0
L -39.5718, -18.3298, -30.6663,  -33.5260, -18.3446, -30.6663,  0, 0, 0
L -33.5773, -18.6050, -30.6663,  -33.5938, -43.8840, -30.6677,  0, 0, 0
L -33.5938, -43.8840, -30.6677,  -33.5938, -43.8840, -30.6677,  127, 64, 0
L -40.3310, -43.5302, -30.6663,  -33.4037, -43.5503, -30.6675,  0, 0, 0
L -39.9558, -43.6743, -30.6663,  -39.9410, -40.5600, -29.7134,  0, 0, 0
L -39.9410, -40.5600, -29.7134,  -53.4566, -40.3620, -29.7393,  0, 0, 0
L -53.4566, -40.3620, -29.7393,  -53.4566, -59.9076, -29.7133,  0, 0, 0
L -53.4566, -59.9076, -29.7133,  -39.5891, -59.9067, -29.7145,  0, 0, 0
L -39.5891, -59.9067, -29.7145,  -39.6043, -55.6126, -30.6663,  0, 0, 0
L -39.6043, -55.6126, -30.6663,  -33.7627, -55.6704, -30.6663,  0, 0, 0
L -33.7627, -55.6704, -30.6663,  -33.3888, -67.5634, -30.6663,  0, 0, 0
L 39.3457, -5.4923, -30.6663,  45.5328, -5.3952, -30.6663,  0, 0, 0
L 8.4565, -2.1318, -30.3777,  32.1800, -2.3227, -11.7294,  127, 64, 0
L 31.6962, -35.4543, -11.7294,  31.7823, -60.2734, -11.7294,  127, 64, 0
L 31.7823, -60.2734, -11.7294,  8.6183, -60.8080, -11.7293,  127, 64, 0
L 8.6183, -60.8080, -11.7293,  8.6861, -35.2137, -11.7293,  127, 64, 0
L 8.6861, -35.2137, -11.7293,  31.6962, -35.4543, -11.7294,  127, 64, 0
L -2.2231, -35.5093, -11.7293,  -25.5000, -35.4110, -11.7294,  127, 64, 0
L -25.5000, -35.4110, -11.7294,  -25.5313, -60.2008, -11.7294,  127, 64, 0
L -25.5313, -60.2008, -11.7294,  -2.2014, -60.4273, -11.7293,  127, 64, 0
L -2.2014, -60.4273, -11.7293,  -2.2231, -35.5093, -11.7376,  127, 64, 0
L 8.4938, -35.6090, -11.7293,  8.4938, -35.6090, -11.7293,  127, 64, 0
L 32.6300, -27.2591, -11.7294,  32.1800, -2.3227, -11.7294,  127, 64, 0
L -2.3866, -27.5233, -11.7293,  -26.2270, -27.4579, -11.7294,  127, 64, 0
L -26.2270, -27.4579, -11.7294,  -25.9182, -2.1730, -11.7294,  127, 64, 0
L -25.9182, -2.1730, -11.7294,  -4.8747, -2.3818, -30.3799,  127, 64, 0
L -32.3292, 4.8734, -13.2294,  -32.2978, -9.4673, -13.2294,  127, 64, 0
L -32.2978, -9.4673, -13.2294,  -44.2792, -9.2240, -8.7450,  127, 64, 0
L -44.2792, -9.2240, -8.7450,  -46.5831, -10.2821, -8.7450,  127, 64, 0
L -46.5831, -10.2821, -8.7450,  -47.3468, -11.9293, -8.7450,  127, 64, 0
L -47.3468, -11.9293, -8.7450,  -47.1191, -13.6067, -8.7450,  127, 64, 0
L -47.1191, -13.6067, -8.7450,  -45.4369, -15.5139, -8.7450,  127, 64, 0
L -45.4369, -15.5139, -8.7450,  -42.7954, -15.8206, -8.6868,  127, 64, 0
L -42.7954, -15.8206, -8.6868,  -32.3678, -15.9550, -13.2294,  127, 64, 0
L -32.3678, -15.9550, -13.2294,  -32.4523, -46.7563, -13.2294,  127, 64, 0
L -32.4523, -46.7563, -13.2294,  -44.6007, -46.6993, -8.7310,  127, 64, 0
L -46.9159, -49.7939, -8.7450,  -46.4063, -52.9000, -8.7450,  127, 64, 0
L -46.4063, -52.9000, -8.7450,  -44.7674, -53.6410, -8.7450,  127, 64, 0
L -44.7674, -53.6410, -8.7450,  -32.3960, -53.1743, -13.2294,  127, 64, 0
L -46.9159, -49.7939, -8.7450,  -46.1156, -47.7143, -8.7450,  127, 64, 0
L -46.1156, -47.7143, -8.7450,  -44.6007, -46.6993, -8.7450,  127, 64, 0
L -32.4134, -53.9926, -13.2294,  -32.4433, -66.8799, -13.2294,  127, 64, 0
L -32.4433, -66.8799, -13.2294,  38.3226, -66.7608, -13.2294,  127, 64, 0
L 38.3226, -66.7608, -13.2294,  38.3226, -53.4431, -13.2294,  127, 64, 0
L 38.3226, -53.4431, -13.2294,  50.4207, -53.3757, -8.7240,  127, 64, 0
L 50.4207, -53.3757, -8.7240,  52.3423, -52.5615, -8.7230,  127, 64, 0
L 52.3423, -52.5615, -8.7230,  53.3813, -50.2079, -8.7450,  127, 64, 0
L 53.3813, -50.2079, -8.7450,  52.7807, -48.2203, -8.7450,  127, 64, 0
L 52.7807, -48.2203, -8.7450,  50.9680, -46.9791, -8.7450,  127, 64, 0
L 50.9680, -46.9791, -8.7450,  38.4014, -46.9583, -13.2294,  127, 64, 0
L 38.4014, -46.9583, -13.2294,  38.4183, -15.9964, -13.2294,  127, 64, 0
L 50.8455, -15.9242, -8.7360,  38.4183, -15.9964, -13.2294,  127, 64, 0
L 50.5876, -15.9734, -8.7340,  52.8817, -14.3568, -8.7450,  127, 64, 0
L 52.8817, -14.3568, -8.7450,  52.9823, -12.7181, -8.7450,  127, 64, 0
L 52.9823, -12.7181, -8.7450,  52.5514, -10.4179, -8.7450,  127, 64, 0
L 52.5514, -10.4179, -8.7450,  50.1358, -9.3980, -8.7450,  127, 64, 0
L 50.1358, -9.3980, -8.7450,  38.4542, -9.2873, -13.2294,  127, 64, 0
L 38.4542, -9.2873, -13.2294,  38.4010, 4.6832, -13.2294,  127, 64, 0
L 38.4010, 4.6832, -13.2294,  9.8398, 4.7057, -30.3779,  127, 64, 0
L 9.8398, 4.7057, -30.3779,  9.8398, -2.1431, -30.3779,  127, 64, 0
L 11.6469, 4.7042, -29.3525,  11.6485, -2.1577, -28.6300,  127, 64, 0
L 13.2599, -2.1709, -27.2437,  13.2617, 4.7030, -27.8918,  127, 64, 0
L 14.9335, 4.7016, -26.7747,  14.9681, -2.1846, -25.7922,  127, 64, 0
L 17.3190, -2.2014, -23.9940,  17.7280, 4.7000, -24.7124,  127, 64, 0
L 19.9310, 4.6984, -23.1659,  19.4130, -2.2176, -30.3780,  127, 64, 0
L 21.6190, -2.2341, -20.5261,  21.1560, 4.6967, -21.1108,  127, 64, 0
L 23.9200, 4.6952, -19.5568,  23.8520, -2.2505, -30.3775,  127, 64, 0
L 25.3558, -2.1000, -16.8358,  25.3558, -2.1000, -16.8358,  127, 64, 0
L 25.3992, -2.2692, -17.4908,  25.2933, 4.6935, -17.5075,  127, 64, 0
L 27.4719, 4.6917, -15.9436,  27.8807, -2.2894, -15.4280,  127, 64, 0
L 29.7726, 4.6900, -13.8813,  29.7545, -2.3046, -13.8813,  127, 64, 0
L 31.6925, 4.6885, -13.2294,  31.7512, -2.3208, -11.7294,  127, 64, 0
L -4.8758, 4.9648, -30.3779,  -4.8747, -2.3818, -29.3479,  127, 64, 0
L -6.7020, -2.3637, -27.7772,  -6.6939, 4.8955, -28.8359,  127, 64, 0
L -8.7730, 4.8921, -26.7747,  -8.7501, -2.3433, -26.7747,  127, 64, 0
L -10.8674, -2.3224, -25.2281,  -10.8843, 4.8887, -25.2272,  127, 64, 0
L -12.6181, 4.8860, -23.6811,  -12.6730, -2.3043, -23.6811,  127, 64, 0
L -14.3508, -2.2877, -22.1346,  -14.3600, 4.8830, -22.1346,  127, 64, 0
L -15.9489, 4.8806, -20.5881,  -15.9143, -2.2723, -20.5881,  127, 64, 0
L -17.5273, 4.8780, -19.8560,  -17.5770, -2.2557, -19.6760,  127, 64, 0
L -18.9945, -2.2418, -18.5600,  -18.9747, 4.8757, -18.5600,  127, 64, 0
L -20.4249, 4.8733, -16.9746,  -20.4558, -2.2273, -16.9746,  127, 64, 0
L -21.9017, -2.2128, -15.4281,  -21.8145, 4.8711, -15.4283,  127, 64, 0
L -23.2700, 4.8686, -14.3969,  -23.2442, -2.1996, -14.3969,  127, 64, 0
L -24.8133, -2.1840, -13.2349,  -24.8420, 4.8662, -13.2300,  127, 64, 0
L -32.3292, 4.8734, -13.2294,  -4.8758, 4.9648, -30.3779,  127, 64, 0
L -2.5988, -27.5531, -11.7293,  -2.8559, 144.4536, -13.2390,  127, 64, 0
L -2.8559, 144.4536, -13.2390,  -2.2400, 144.4667, -13.2390,  127, 64, 0
L -2.2400, 144.4667, -13.2390,  -1.9890, 150.1717, -13.2391,  127, 64, 0
L -1.9722, 150.1366, -13.2391,  -5.9451, 154.2434, -10.8770,  127, 64, 0
L -5.9451, 154.2434, -10.8770,  -6.4642, 167.9986, -6.5860,  127, 64, 0
L -6.4642, 167.9986, -6.5860,  -7.7393, 171.2330, -3.9588,  127, 64, 0
L -7.7393, 171.2330, -3.9588,  -8.8224, 174.7879, -1.4233,  127, 64, 0
L -8.8224, 174.7879, -1.4233,  -11.8585, 182.9080, 3.5783,  127, 64, 0
L -11.8585, 182.9080, 3.5783,  -15.8779, 187.4800, 8.3033,  127, 64, 0
L -15.8779, 187.4800, 8.3033,  -20.7076, 192.5527, 10.4079,  127, 64, 0
L -20.7076, 192.5527, 10.4079,  -26.3033, 197.7108, 16.1424,  127, 64, 0
L -26.3033, 197.7108, 16.1424,  -34.3138, 197.8839, 16.2101,  127, 64, 0
L -34.3138, 197.8839, 16.2101,  -34.3237, 168.9637, 16.2101,  127, 64, 0
L -34.3237, 168.9637, 16.2101,  -23.3101, 169.2370, 15.7311,  127, 64, 0
L -21.8472, 162.7223, 19.1052,  -39.8810, 162.6048, 16.2101,  127, 64, 0
L -39.8810, 162.6048, 16.2101,  -39.8564, 204.1508, 16.2101,  127, 64, 0
L -39.8564, 204.1508, 16.2101,  -27.7868, 204.1588, 16.2086,  127, 64, 0
L -27.7868, 204.1588, 16.2086,  -24.2565, 203.1841, 16.1924,  127, 64, 0
L -24.2565, 203.1841, 16.1924,  -18.6530, 199.5416, 14.6146,  127, 64, 0
L -18.6530, 199.5416, 14.6146,  -13.1159, 194.7649, 10.5257,  127, 64, 0
L -13.1159, 194.7649, 10.5257,  -10.6760, 190.9559, 7.6395,  127, 64, 0
L -10.6760, 190.9559, 7.6395,  -8.2314, 187.8209, 5.4800,  127, 64, 0
L -8.2314, 187.8209, 5.4800,  -6.1855, 184.2093, 2.7917,  127, 64, 0
L -6.1855, 184.2093, 2.7917,  -2.9658, 179.7997, -1.9491,  127, 64, 0
L -2.9658, 179.7997, -1.9491,  -1.2902, 175.2010, -2.7557,  127, 64, 0
L -1.2902, 175.2010, -2.7557,  -0.2302, 167.7273, -6.9297,  127, 64, 0
L -0.2302, 167.7273, -6.9297,  0.3687, 163.3464, -11.8569,  127, 64, 0
L 0.3687, 163.3464, -11.8569,  0.4054, 158.4450, -10.8770,  127, 64, 0
L 0.4054, 158.4450, -10.8770,  4.7777, 158.4878, -10.9164,  127, 64, 0
L 4.7777, 158.4878, -10.9164,  5.6280, 166.1562, -13.2391,  127, 64, 0
L 5.6280, 166.1562, -13.2391,  6.5796, 170.9334, -10.8770,  127, 64, 0
L 6.5796, 170.9334, -10.8770,  7.7727, 175.4984, -10.8770,  127, 64, 0
L 7.7727, 175.4984, -10.8770,  11.5345, 182.8137, -13.2391,  127, 64, 0
L 11.5345, 182.8137, -13.2391,  17.9436, 193.4413, -10.8770,  127, 64, 0
L 17.9436, 193.4413, -10.8770,  25.7239, 199.6679, -10.8770,  127, 64, 0
L 25.7239, 199.6679, -10.8770,  32.2618, 203.7045, -10.8770,  127, 64, 0
L 32.2618, 203.7045, -10.8770,  38.2516, 206.6982, -13.2391,  127, 64, 0
L 38.2516, 206.6982, -13.2391,  45.9502, 208.6263, -10.8770,  127, 64, 0
L 45.9502, 208.6263, -10.8770,  53.4866, 208.9961, -10.8770,  127, 64, 0
L 53.4866, 208.9961, -10.8770,  53.4682, 210.4876, -10.8770,  127, 64, 0
L 53.4682, 210.4876, -10.8770,  72.3138, 210.4653, -13.2391,  127, 64, 0
L 72.3138, 210.4653, -13.2391,  72.2394, 161.1932, -13.2386,  127, 64, 0
L 72.2394, 161.1932, -13.2386,  80.9286, 161.1432, -13.2386,  127, 64, 0
L 82.2004, 281.5382, -12.6645,  82.2004, 281.5382, -12.6645,  127, 64, 0
L 143.3306, 285.6612, -12.3370,  192.4259, 285.6628, -12.2730,  0, 0, 0
L 192.4259, 285.6628, -12.2730,  196.5404, 281.5484, -12.2870,  0, 0, 0
L 196.5404, 281.5484, -12.2870,  196.5406, 165.8000, -12.2770,  0, 0, 0
L 196.5406, 165.8000, -12.2770,  194.3307, 159.7462, -12.2890,  0, 0, 0
L 194.3307, 159.7462, -12.2890,  188.9622, 154.6777, -13.2386,  0, 0, 0
L 188.9622, 154.6777, -13.2386,  194.8569, 149.3270, -13.2386,  0, 0, 0
L 194.8569, 149.3270, -13.2386,  201.9880, 154.2084, -12.1260,  0, 0, 0
L 201.9880, 154.2084, -12.1260,  212.2726, 155.5942, -12.8465,  0, 0, 0
L 212.2726, 155.5942, -12.8465,  222.3157, 155.2147, -13.2386,  0, 0, 0
L 222.3157, 155.2147, -13.2386,  227.9884, 153.7427, -13.2386,  0, 0, 0
L 227.9884, 153.7427, -13.2386,  235.1628, 149.4497, -12.8027,  0, 0, 0
L 235.1628, 149.4497, -12.8027,  243.9249, 140.8096, -10.3480,  0, 0, 0
L 243.9249, 140.8096, -10.3480,  250.8220, 130.6384, -11.9924,  0, 0, 0
L 240.1444, 96.2523, -12.8449,  232.5609, 88.7968, -11.9808,  0, 0, 0
L 232.5609, 88.7968, -11.9808,  218.3525, 85.9759, -12.8455,  0, 0, 0
L 218.3525, 85.9759, -12.8455,  205.8819, 86.9020, -12.6751,  0, 0, 0
L 205.8819, 86.9020, -12.6751,  195.3148, 92.3179, -13.2386,  0, 0, 0
L 195.3148, 92.3179, -13.2386,  186.8008, 100.6127, -12.8443,  0, 0, 0
L 186.8008, 100.6127, -12.8443,  180.6382, 111.4287, -12.7538,  0, 0, 0
L 180.6382, 111.4287, -12.7538,  180.4970, 123.8224, -12.8735,  0, 0, 0
L 180.4970, 123.8224, -12.8735,  181.1766, 133.1252, -12.3140,  0, 0, 0
L 181.1766, 133.1252, -12.3140,  186.6304, 141.7811, -13.2386,  0, 0, 0
L 186.6304, 141.7811, -13.2386,  179.9437, 146.4384, -13.2387,  0, 0, 0
L 179.9437, 146.4384, -13.2387,  170.9798, 139.5226, -12.3580,  0, 0, 0
L 170.9798, 139.5226, -12.3580,  84.8406, 139.5190, -12.2810,  0, 0, 0
L 84.8406, 139.5190, -12.2810,  80.7254, 143.6337, -12.2910,  0, 0, 0
L 80.7254, 279.4463, -12.2960,  80.7254, 279.4463, -12.2960,  127, 64, 0
L 240.1700, 96.8050, -12.8462,  249.8740, 107.3761, -11.9804,  0, 0, 0
L 249.8740, 107.3761, -11.9804,  250.5300, 117.3130, -12.8259,  0, 0, 0
L 250.5300, 117.3130, -12.8259,  250.8220, 130.6384, -12.5068,  0, 0, 0
L 80.7254, 143.6338, -12.2770,  80.6933, 151.7571, -13.2386,  0, 0, 0
L 80.6933, 151.7571, -13.2386,  64.5003, 151.7365, -13.2386,  127, 64, 0
L 64.5003, 151.7365, -13.2386,  64.5451, 199.5321, -12.4932,  127, 64, 0
L 64.5451, 199.5321, -12.4932,  54.7434, 199.6589, -10.8770,  127, 64, 0
L 54.7434, 199.6589, -10.8770,  54.7239, 202.2897, -13.2391,  127, 64, 0
L 54.7239, 202.2897, -10.8770,  49.2871, 202.2450, -10.8770,  127, 64, 0
L 49.2871, 202.2450, -10.8770,  44.6756, 201.3626, -10.8770,  127, 64, 0
L 44.6756, 201.3626, -10.8770,  44.6289, 171.5545, -21.2698,  127, 64, 0
L 44.6289, 171.5545, -21.2698,  34.4050, 171.7275, -21.2698,  127, 64, 0
L 34.4050, 171.7275, -21.2698,  28.5993, 172.9753, -21.2944,  127, 64, 0
L 28.5993, 172.9753, -21.2944,  23.2784, 176.6443, -22.9009,  127, 64, 0
L 23.2784, 176.6443, -22.9009,  16.8863, 183.3206, -28.1385,  127, 64, 0
L 16.8863, 183.3206, -28.1385,  10.7866, 190.4038, -33.7533,  127, 64, 0
L 10.7866, 190.4038, -33.7533,  5.3517, 203.5240, -40.3327,  127, 64, 0
L 5.3517, 203.5240, -40.3327,  5.3578, 217.9961, -46.9442,  127, 64, 0
L 10.7219, 217.5966, -49.6518,  10.7537, 203.5490, -42.8783,  127, 64, 0
L 10.7537, 203.5490, -42.8783,  12.8054, 198.5383, -39.8763,  127, 64, 0
L 12.8003, 198.6201, -39.9258,  16.2027, 193.3207, -33.4014,  127, 64, 0
L 16.2027, 193.3207, -33.4014,  22.2680, 186.2000, -27.1400,  127, 64, 0
L 22.2680, 186.2000, -27.1400,  28.6778, 180.7087, -21.7235,  127, 64, 0
L 28.6778, 180.7087, -21.7235,  32.7954, 178.6357, -21.2733,  127, 64, 0
L 32.7954, 178.6357, -21.2733,  37.9044, 178.5937, -21.2697,  127, 64, 0
L 37.9044, 178.5937, -21.2697,  37.9684, 199.4938, -10.8770,  127, 64, 0
L 37.9684, 199.4938, -10.8770,  34.3130, 196.9047, -10.8770,  127, 64, 0
L 34.3130, 196.9047, -10.8770,  23.1676, 188.7795, -10.8770,  127, 64, 0
L 23.1676, 188.7795, -10.8770,  15.9630, 173.6435, -13.2456,  127, 64, 0
L 15.9630, 173.6435, -13.2456,  12.6152, 161.6671, -13.2391,  127, 64, 0
L 12.6152, 161.6671, -13.2391,  11.4094, 154.3067, -10.8770,  127, 64, 0
L 8.5602, 144.2579, -13.2391,  8.4388, -27.2877, -11.7293,  127, 64, 0
L 8.4388, -27.2877, -11.7293,  32.6300, -27.2591, -11.7294,  127, 64, 0
L 46.7959, 154.1194, -53.2391,  33.1961, 154.1213, -53.2391,  0, 0, 240
L 33.1961, 154.1213, -53.2391,  33.1861, 158.7186, -53.8910,  0, 0, 240
L 33.1861, 158.7186, -53.8910,  29.9466, 158.6236, -53.2394,  0, 0, 240
L 29.9466, 158.6236, -53.2394,  29.9450, 161.5519, -53.2394,  0, 0, 240
L 29.9450, 161.5519, -53.2394,  23.8214, 161.5911, -53.9850,  0, 0, 240
L 23.8214, 161.5911, -53.9850,  23.7860, 158.5682, -53.2394,  0, 0, 240
L 23.7860, 158.5682, -53.2394,  20.2850, 158.5544, -53.2391,  0, 0, 240
L 20.2996, 151.5044, -53.2394,  20.2850, 158.5544, -51.5364,  0, 0, 240
L 20.2988, 151.5043, -53.2394,  -14.2962, 151.5038, -53.2394,  0, 0, 240
L -14.2962, 151.5038, -53.2394,  -14.2973, 158.7511, -53.2394,  0, 0, 240
L -14.2973, 158.7511, -53.2394,  -17.7839, 158.6788, -53.2394,  0, 0, 240
L -17.7839, 158.6788, -53.2394,  -17.7685, 162.1126, -53.1529,  0, 0, 240
L -17.7685, 162.1126, -53.1529,  -23.9759, 162.1792, -53.2394,  0, 0, 240
L -23.9759, 162.1792, -53.2394,  -23.9438, 158.5688, -53.2394,  0, 0, 240
L -23.9438, 158.5688, -53.2394,  -27.1968, 158.4978, -53.1454,  0, 0, 240
L -27.1968, 158.4978, -53.1454,  -27.1931, 154.1202, -53.2391,  0, 0, 240
L -27.1931, 154.1202, -53.2391,  -40.7933, 154.1201, -53.2391,  0, 0, 240
L -40.7933, 154.1201, -53.2391,  -40.7635, 158.7873, -53.2391,  0, 0, 240
L -40.7635, 158.7873, -53.2391,  -44.4160, 158.7450, -53.2394,  0, 0, 240
L -44.4160, 158.7450, -53.2394,  -44.5630, 161.9116, -53.2394,  0, 0, 240
L -44.5630, 161.9116, -53.2394,  -48.4904, 161.8633, -53.1822,  0, 0, 240
L -48.4904, 161.8633, -53.1822,  -48.4906, 175.4173, -53.2391,  0, 0, 240
L -48.4906, 175.4173, -53.2391,  -43.9099, 175.3721, -53.2000,  0, 0, 240
L -43.9099, 175.3721, -53.2000,  -43.9106, 178.6679, -53.2394,  0, 0, 240
L -43.9106, 178.6679, -53.2394,  -40.5728, 178.6413, -53.2394,  0, 0, 240
L -40.5728, 178.6413, -53.2394,  -40.5777, 184.8269, -53.2394,  0, 0, 240
L -49.7535, 188.6166, -53.2394,  -49.7939, 222.7288, -53.6260,  0, 0, 240
L -49.7207, 222.7333, -53.1711,  -43.8282, 222.8070, -52.8515,  0, 0, 240
L -43.8293, 222.8405, -52.9091,  -44.4240, 226.3943, -53.2394,  0, 0, 240
L -44.4240, 226.3943, -53.2394,  -40.4018, 226.4551, -53.2394,  0, 0, 240
L -40.4018, 226.4551, -53.2394,  -40.4290, 232.8255, -53.9530,  0, 0, 240
L -40.4290, 232.8255, -53.9530,  -44.3520, 232.7404, -53.2394,  0, 0, 240
L -44.3520, 232.7404, -53.2394,  -44.4030, 235.9764, -53.1786,  0, 0, 240
L -44.4030, 235.9764, -53.1786,  -48.4885, 235.9558, -53.2391,  0, 0, 240
L -48.4885, 235.9558, -53.2391,  -48.4909, 249.4067, -53.2391,  0, 0, 240
L -48.4909, 249.4067, -53.2391,  -43.8648, 249.4247, -53.2391,  0, 0, 240
L -43.8648, 249.4247, -53.2391,  -43.8682, 252.6511, -53.2394,  0, 0, 240
L -43.8682, 252.6511, -53.2394,  -40.4784, 252.6391, -52.9879,  0, 0, 240
L -40.4784, 252.6391, -52.9879,  -40.4898, 257.8030, -53.2391,  0, 0, 240
L -40.4898, 257.8030, -53.2391,  -31.6784, 257.1041, -53.2391,  0, 0, 240
L -31.6784, 257.1041, -53.2391,  -36.3564, 241.4236, -53.2394,  0, 0, 240
L -36.3460, 241.3951, -53.2394,  -28.7270, 226.4917, -53.2394,  0, 0, 240
L -28.7270, 226.4917, -53.2394,  3.4300, 222.5646, -53.2396,  0, 0, 240
L 3.4300, 222.5646, -53.2396,  34.2576, 226.2961, -53.2394,  0, 0, 240
L 34.2576, 226.2961, -53.2394,  42.2004, 241.4840, -53.2394,  0, 0, 240
L 42.2004, 241.4840, -53.2394,  37.3370, 257.1043, -53.2391,  0, 0, 240
L 37.3370, 257.1043, -53.2391,  46.7956, 257.1048, -53.2391,  0, 0, 240
L 46.7956, 257.1048, -53.2391,  46.8136, 252.5978, -53.1409,  0, 0, 240
L 50.4370, 252.6556, -53.2394,  46.8136, 252.5978, -52.4176,  0, 0, 240
L 50.4460, 252.6559, -53.2394,  50.6400, 249.1561, -53.2393,  0, 0, 240
L 50.6400, 249.1561, -53.2393,  54.4938, 249.1411, -53.2391,  0, 0, 240
L 54.4938, 249.1411, -53.2391,  54.4939, 235.8070, -53.2391,  0, 0, 240
L 54.4939, 235.8070, -53.2391,  49.8528, 235.8014, -53.1056,  0, 0, 240
L 49.8528, 235.8014, -53.1056,  49.8233, 232.5641, -53.2393,  0, 0, 240
L 49.8233, 232.5641, -53.2393,  46.6343, 232.5795, -53.2394,  0, 0, 240
L 46.6343, 232.5795, -53.2394,  46.6077, 226.2485, -53.1974,  0, 0, 240
L 46.6077, 226.2485, -53.1974,  50.4540, 226.2421, -53.2394,  0, 0, 240
L 50.4540, 226.2421, -53.2394,  50.8100, 222.6862, -53.1139,  0, 0, 240
L 50.8100, 222.6862, -53.1139,  57.1092, 222.6247, -53.2394,  0, 0, 240
L 56.9977, 188.3153, -53.2394,  57.1094, 222.9098, -53.2394,  0, 0, 240
L 50.4500, 184.8266, -53.2394,  50.3940, 188.3536, -52.5610,  0, 0, 240
L 56.9977, 188.3153, -53.2394,  50.3940, 188.3536, -53.2394,  0, 0, 240
L 50.4560, 184.8609, -53.2391,  46.3228, 184.8409, -53.2394,  0, 0, 240
L 46.3228, 184.8409, -53.2394,  46.3280, 178.2486, -53.9920,  0, 0, 240
L 46.3280, 178.2486, -53.9920,  50.4460, 178.2504, -53.2394,  0, 0, 240
L 50.4460, 178.2504, -53.2394,  50.2490, 175.1129, -52.5478,  0, 0, 240
L 50.2490, 175.1129, -52.5478,  54.4930, 175.8030, -53.2391,  0, 0, 240
L 54.4930, 175.8030, -53.2391,  54.4934, 161.8175, -53.2391,  0, 0, 240
L 54.4934, 161.8175, -53.2391,  49.7813, 161.8243, -53.2391,  0, 0, 240
L 49.7813, 161.8243, -53.2391,  49.7618, 158.5954, -53.2394,  0, 0, 240
L 49.7618, 158.5954, -53.2394,  46.7225, 158.5947, -53.1745,  0, 0, 240
L 46.7225, 158.5947, -53.1745,  46.7959, 154.1194, -53.2391,  0, 0, 240
L -44.4310, 184.8273, -53.1715,  -44.4390, 188.5809, -53.2394,  0, 0, 240
L -44.4390, 188.5809, -53.2394,  -49.7535, 188.6166, -53.2394,  0, 0, 240
L -44.4310, 184.8273, -53.2394,  -40.5777, 184.8269, -52.3001,  0, 0, 240
L -31.6743, 257.7940, -40.3875,  37.3363, 257.1048, -52.4917,  0, 0, 0
L 143.3306, 285.6612, -13.1295,  143.3637, 294.1879, -13.2386,  127, 64, 0
L 143.3637, 294.1879, -13.2386,  185.9560, 294.2595, 0.1649,  127, 64, 0
L 185.9560, 294.2595, 0.1649,  185.7480, 326.4700, 2.9807,  127, 64, 0
L 185.7480, 326.4700, 2.9807,  140.7641, 325.9508, -10.5515,  127, 64, 0
L 84.8434, 285.6623, -12.2820,  133.2487, 285.5692, -13.2386,  0, 0, 0
L 84.8413, 285.6621, -12.2830,  80.7373, 281.5479, -12.5030,  0, 0, 0
L 80.7373, 281.5479, -12.5030,  80.9286, 161.1432, -13.2386,  0, 0, 0
L 133.2125, 301.4445, -13.2386,  172.6234, 301.4660, 0.8939,  127, 64, 0
L 172.6234, 301.4660, 0.8939,  172.6522, 310.6813, 2.9813,  127, 64, 0
L 172.6522, 310.6813, 2.9813,  140.6148, 310.8439, -10.6475,  127, 64, 0
L 133.2125, 301.4445, -13.2386,  133.2487, 285.5692, -13.2386,  127, 64, 0
L 84.8365, 309.6766, -12.2800,  192.4225, 309.6768, -12.2740,  0, 0, 0
L 192.4225, 309.6768, -12.2740,  196.5372, 313.7916, -12.2740,  0, 0, 0
L 196.5372, 313.7916, -12.2740,  196.5387, 451.7570, -12.2830,  0, 0, 0
L 196.5387, 451.7570, -12.2830,  192.4247, 455.8711, -12.2950,  0, 0, 0
L 192.4247, 455.8711, -12.2950,  192.4241, 455.8580, -12.5500,  0, 0, 0
L 192.4241, 455.8580, -12.5500,  190.2478, 452.4560, -10.9370,  0, 0, 0
L 190.2478, 452.4560, -10.9370,  190.2497, 437.7558, -11.9370,  0, 0, 0
L 190.2497, 437.7558, -11.9370,  159.9174, 437.7142, -11.9370,  0, 0, 0
L 159.9174, 437.7142, -11.9370,  159.8703, 429.5722, -13.2260,  0, 0, 0
L 159.8703, 429.5722, -13.2260,  150.4379, 427.2393, -13.2260,  0, 0, 0
L 150.4379, 427.2393, -13.2260,  148.2822, 426.8369, -13.2254,  0, 0, 0
L 148.2822, 426.8369, -13.2254,  148.5030, 399.8213, -13.2258,  0, 0, 0
L 148.5030, 399.8213, -13.2258,  148.5030, 399.8213, -13.2258,  0, 0, 0
L 128.4285, 400.2855, -13.2260,  128.3588, 427.6450, -13.2260,  0, 0, 0
L 128.3588, 427.6450, -13.2260,  117.3070, 428.7604, -13.2260,  0, 0, 0
L 117.3070, 428.7604, -13.2260,  117.3659, 437.2712, -11.9360,  0, 0, 0
L 117.3659, 437.2712, -11.9360,  101.9467, 437.6523, -11.9360,  0, 0, 0
L 101.9467, 437.6523, -11.9360,  97.1976, 433.5885, -10.2256,  0, 0, 0
L 97.1976, 433.5885, -10.2256,  97.1737, 393.2042, -11.2251,  0, 0, 0
L 97.1737, 393.2042, -11.2251,  80.7233, 393.3808, -11.2256,  0, 0, 0
L 80.7225, 313.7984, -12.2820,  84.8388, 309.6773, -12.2800,  0, 0, 0
L 80.7259, 313.7912, -12.3360,  80.7233, 393.3808, -12.2860,  0, 0, 0
L -74.7287, 278.3050, -12.9800,  -74.9371, 229.3345, -12.6304,  0, 127, 127
L -74.9371, 229.3345, -12.6304,  -190.6858, 229.2999, -11.1035,  0, 127, 127
L -190.5429, 278.3065, -12.9840,  -190.6858, 229.2999, -12.8150,  0, 127, 127
L -186.4287, 282.4191, -12.1012,  -186.4287, 282.4191, -12.1012,  0, 127, 127
L -186.4287, 282.4191, -12.1012,  -190.5427, 278.3063, -12.9850,  0, 127, 127
L -186.4285, 282.4193, -12.1007,  -78.8438, 282.4207, -12.9800,  0, 127, 127
L -78.8438, 282.4207, -12.9800,  -74.7287, 278.3034, -12.9800,  0, 127, 127
L 233.7570, 144.2920, -12.7555,  236.1620, 141.4243, -11.2746,  127, 64, 0
L 236.1620, 141.4243, -11.2746,  240.6443, 135.8353, -9.3571,  127, 64, 0
L 240.6443, 135.8353, -9.3571,  242.8459, 130.7280, -7.7556,  127, 64, 0
L 242.8459, 130.7280, -7.7556,  243.6965, 126.1577, -6.7556,  127, 64, 0
L 243.6965, 126.1577, -6.7556,  244.1380, 115.4510, -3.7553,  127, 64, 0
L 244.1380, 115.4510, -3.7553,  243.1517, 110.2779, -2.2555,  127, 64, 0
L 243.1517, 110.2779, -2.2555,  240.3478, 105.3171, -0.7556,  127, 64, 0
L 240.3478, 105.3171, -0.7556,  233.3139, 97.4976, 2.2444,  127, 64, 0
L 233.3139, 97.4976, 2.2444,  227.2640, 93.6831, 4.2443,  127, 64, 0
L 227.2640, 93.6831, 4.2443,  219.4895, 91.9145, 6.2443,  127, 64, 0
L 219.4895, 91.9145, 6.2443,  208.6298, 91.9993, 9.2444,  127, 64, 0
L 208.6298, 91.9993, 9.2444,  200.3532, 97.2120, 12.8172,  127, 64, 0
L 200.3532, 97.2120, 12.8179,  197.7976, 91.9575, 12.2276,  127, 64, 0
L 197.7976, 91.9575, 12.2276,  206.4747, 87.6397, 9.7444,  127, 64, 0
L 206.4747, 87.6397, 9.7444,  218.8463, 87.4013, 6.7443,  127, 64, 0
L 218.8463, 87.4013, 6.7443,  227.4361, 89.4730, 4.7443,  127, 64, 0
L 227.4361, 89.4730, 4.7443,  235.8197, 93.5270, 2.2444,  127, 64, 0
L 235.8197, 93.5270, 2.2444,  244.4804, 103.2147, -0.7556,  127, 64, 0
L 244.4804, 103.2147, -0.7556,  247.9276, 108.4107, -2.2879,  127, 64, 0
L 247.9276, 108.4107, -2.2879,  248.7033, 113.5728, -3.2555,  127, 64, 0
L 248.7033, 113.5728, -3.2555,  249.3851, 120.7137, -5.2556,  127, 64, 0
L 249.3851, 120.7137, -5.2556,  248.6963, 128.6208, -7.2556,  127, 64, 0
L 248.6963, 128.6208, -7.2556,  245.5740, 137.1668, -9.2555,  127, 64, 0
L 245.5740, 137.1668, -9.2555,  241.2179, 142.6197, -10.7555,  127, 64, 0
L 241.2179, 142.6197, -10.7555,  236.1850, 147.4889, -12.7548,  127, 64, 0
L 236.1850, 147.4889, -12.7548,  233.7570, 144.2920, -12.7555,  127, 64, 0
L 234.1784, 143.3610, -12.2555,  237.1598, 146.5283, -12.2555,  127, 64, 0
L 238.4801, 145.2709, -11.7555,  235.4132, 142.2780, -11.7555,  127, 64, 0
L 236.9407, 140.5069, -11.2555,  240.6220, 143.7514, -11.2555,  127, 64, 0
L 241.8506, 141.9225, -10.7555,  238.2589, 138.9840, -10.7555,  127, 64, 0
L 239.5420, 137.2489, -9.8082,  243.3450, 140.1236, -10.2555,  127, 64, 0
L 244.4685, 138.5350, -9.3102,  240.7798, 135.8428, -9.2772,  127, 64, 0
L 241.9448, 133.3264, -8.7555,  245.9611, 134.7930, -8.7555,  127, 64, 0
L 247.3340, 131.7162, -7.7556,  243.1423, 130.6570, -7.7556,  127, 64, 0
L 243.8246, 126.7774, -6.7556,  248.8694, 126.6435, -6.7556,  127, 64, 0
L 248.2829, 129.3907, -7.2556,  243.4381, 128.4213, -7.2556,  127, 64, 0
L 249.3260, 123.8735, -5.7556,  243.7369, 123.7447, -13.2386,  127, 64, 0
L 200.9270, 96.6380, 12.8179,  198.4762, 91.6948, 11.7444,  127, 64, 0
L 199.4641, 91.2463, 11.7444,  201.7845, 96.1557, 12.8179,  127, 64, 0
L 200.5979, 90.6694, 11.2444,  202.9572, 95.4405, 12.8179,  127, 64, 0
L 204.1230, 94.7631, 12.8179,  201.7877, 90.1040, 10.7444,  127, 64, 0
L 7.9610, 144.2423, -13.2390,  7.9153, 150.4823, -13.2391,  127, 64, 0
L 7.9153, 150.4823, -13.2391,  11.5197, 154.4438, -10.8770,  127, 64, 0
L 8.5602, 144.2579, -13.2390,  7.9610, 144.2423, -13.2390,  127, 64, 0
L 81.4667, 317.7289, 20.4679,  82.3842, 317.6897, 20.4679,  127, 64, 0
L 82.3842, 317.6897, 20.4679,  84.6950, 318.5373, 20.4622,  127, 64, 0
L 84.6950, 318.5373, 20.4622,  86.8143, 320.6281, 20.4860,  127, 64, 0
L 86.8143, 320.6281, 20.4860,  88.1269, 322.7502, 20.5396,  127, 64, 0
L 88.1269, 322.7502, 20.5396,  88.8171, 325.9110, 20.4837,  127, 64, 0
L 88.8171, 325.9110, 20.4837,  88.8568, 327.2636, 20.4577,  127, 64, 0
L 88.8568, 327.2636, 20.4656,  88.1693, 329.4560, 20.4680,  127, 64, 0
L 88.1693, 329.4560, 20.4680,  87.1290, 331.2232, 20.4710,  127, 64, 0
L 87.1290, 331.2232, 20.4710,  84.7004, 333.3326, 20.5078,  127, 64, 0
L 84.7004, 333.3326, 20.5078,  82.4380, 334.7470, 20.4859,  127, 64, 0
L 82.4380, 334.7470, 20.4859,  80.7336, 334.5660, 20.4854,  127, 64, 0
L 80.7336, 334.5660, 20.4854,  80.7336, 334.5660, 20.4854,  127, 64, 0
L 80.7241, 334.2241, 20.4720,  80.6864, 331.1148, 19.2922,  127, 64, 0
L 80.6864, 331.1148, 19.2922,  70.5390, 331.1363, 17.7547,  127, 64, 0
L 70.5390, 331.1363, 17.7547,  70.5362, 338.6456, 17.7563,  127, 64, 0
L 70.5362, 338.6456, 17.7563,  79.3118, 338.6709, 17.7489,  127, 64, 0
L 79.3118, 338.6709, 17.7489,  79.3114, 368.3054, 17.7484,  127, 64, 0
L 80.7236, 317.7968, 20.4772,  80.7596, 321.5194, 18.7908,  127, 64, 0
P -100.0000, -120.0000, -25.0000,  0, 0, 0,  1,  Map_by_Goodurden<RoI>
