L -99.6368, 114.4548, 776.3532,  -99.6368, 114.4548, 776.3532,  0, 0, 0
P 788.3933, 926.7341, 36.6826,  0, 0, 0,  3,  Gnomish_Gizmo
P 62.1248, 158.3944, 238.1498,  240, 0, 0,  3,  Icky,_Sticky_and_Squishy
P -77.1929, 50.7964, 1165.1951,  0, 127, 127,  3,  Nature's_Corrupted
P 189.1971, 760.3551, 5.6741,  0, 0, 0,  3,  X
P -534.7226, 178.8752, 106.3463,  0, 0, 0,  3,  X
P -360.0276, -84.9456, 79.3321,  0, 0, 0,  3,  X
P 513.9404, -38.5402, 9.3843,  0, 0, 0,  3,  X
P 383.0528, 159.0665, 86.1207,  0, 0, 0,  3,  X
P 120.3849, -43.2766, 554.7070,  240, 0, 0,  3,  X
P -62.8831, -68.6926, 605.6372,  240, 0, 0,  3,  X
P 14.8411, -83.8704, 747.0623,  240, 0, 0,  3,  X
P -147.0011, 35.3744, 779.5989,  240, 0, 0,  3,  X
P -139.8432, -55.8974, 780.1423,  240, 0, 0,  3,  X
P -99.6368, 114.4548, 776.3532,  240, 0, 0,  3,  X
P 226.4966, 612.7309, 1164.1078,  0, 127, 127,  3,  X
P -84.5566, 223.2605, 1166.2375,  0, 127, 127,  3,  X
P -30.9817, 782.0918, 1164.2577,  0, 127, 127,  3,  X
P -192.5443, 707.4150, 1166.9186,  0, 127, 127,  3,  X
P -580.9760, 774.1663, 1164.1252,  0, 127, 127,  3,  X
P 464.2431, 774.3035, 1167.8195,  0, 127, 127,  3,  X
P 451.4030, 775.1318, 1166.0867,  0, 127, 127,  3,  X
P 342.8250, -281.6261, 1165.4819,  0, 127, 127,  3,  X
P 654.5245, 166.6378, 1164.0670,  0, 127, 127,  3,  X
P -544.8809, -276.7303, 1164.1055,  0, 127, 127,  3,  X
P -502.3553, -308.2714, 1170.0116,  0, 127, 127,  3,  X
P -1101.6421, 550.0208, -55.2081,  240, 0, 0,  3,  X
P -1060.0298, 357.3216, -57.0598,  240, 0, 0,  3,  X
P -194.4475, 1455.1670, -31.4615,  240, 0, 0,  3,  X
P 178.5074, 432.7657, 6.3621,  0, 0, 0,  3,  X
P 465.9618, 267.4312, 64.9607,  0, 0, 0,  3,  X
P 295.2384, 20.9125, 153.0607,  0, 0, 0,  3,  X
P -555.1520, 193.5045, 37.6408,  0, 0, 0,  3,  X
P -629.0569, 261.5546, -1.8015,  0, 0, 0,  3,  X
