P -47.6123, -614.3682, -0.2635,  100, 0, 100,  3,  X
P -22.2112, -2242.0481, 0.3114,  100, 0, 100,  3,  X
P -243.6021, -1345.6421, -35.5181,  100, 0, 100,  3,  X
P 134.4180, -1712.5546, 55.9263,  100, 0, 100,  3,  X
P 46.1503, -671.3867, -2.5184,  100, 0, 100,  3,  X
P -103.8667, -479.6092, -1.8201,  100, 0, 100,  3,  X
P -51.1119, -1426.2560, 42.5909,  100, 0, 100,  3,  X
P -27.6593, -1353.0485, 70.3659,  100, 0, 100,  3,  X
P 645.7319, -1831.0171, 33.0494,  240, 0, 0,  3,  X
P 650.9673, -1803.8350, 37.1307,  240, 0, 0,  3,  X
P 583.8193, -894.7745, 53.7654,  240, 0, 0,  3,  X
P 104.9342, -1831.8467, 63.8405,  100, 0, 100,  3,  X
P 343.5892, -1803.8615, 65.2920,  100, 0, 100,  3,  X
P -293.0232, -1343.6719, 65.5282,  100, 0, 100,  3,  X
P -20.4160, -1558.2134, 67.1463,  100, 0, 100,  3,  X
P -56.6794, -1941.2781, 67.2518,  100, 0, 100,  3,  X
P 641.5162, -1773.3119, 36.2149,  240, 0, 0,  3,  X
P 724.1111, -1162.5165, 64.4469,  240, 0, 0,  3,  X
P 137.5529, -1473.6803, 71.8638,  100, 0, 100,  3,  X
P 419.2179, -921.7889, 37.2640,  240, 0, 0,  3,  X
P 357.5234, -1166.1814, 37.6769,  240, 0, 0,  3,  X
P 568.9706, -1451.2439, 38.0228,  240, 0, 0,  3,  X
P 674.2516, -1532.5602, 41.6315,  240, 0, 0,  3,  X
P 1300.0000, -1569.0359, 0.0000,  240, 0, 0,  3,  Xnokiwan_Toys
P -750.7949, -999.6719, 0.0000,  100, 0, 100,  3,  Xournal_of_an_Original
P -243.9404, -1134.8765, 55.4460,  100, 0, 100,  3,  X
P 597.0842, -1389.6344, 38.6000,  240, 0, 0,  3,  X
P 1000.0000, -520.4446, 0.0000,  0, 0, 0,  3,  Firefall_Artifacts_Drops_from:_Firefall?, Insect?
P 258.5429, -3500.0000, 0.0000,  0, 0, 0,  3,  Hawk's_Pilfered_Trinkets_Drop_from:_Hawks
P -98.6051, -1198.0547, 63.9771,  100, 0, 100,  3,  X
P 797.1080, -1233.9540, 36.8730,  240, 0, 0,  3,  X
P 812.1708, -1340.3412, 62.7406,  240, 0, 0,  3,  X
P 84.0894, -1538.0259, 63.4169,  100, 0, 100,  3,  X
P -41.6437, -1756.9662, 63.0834,  100, 0, 100,  3,  X
P 594.7057, -1268.3987, 42.5234,  240, 0, 0,  3,  X
P 343.5206, -1029.2560, 34.4776,  240, 0, 0,  3,  X
P 623.9437, -1843.6769, 48.0180,  240, 0, 0,  3,  X
P 749.1814, -1451.2339, 38.6000,  240, 0, 0,  3,  X
P -198.9159, -363.7326, 0.5931,  0, 0, 0,  3,  X
