P -631.7933, -1138.3383, -34.0249,  240, 0, 0,  3,  X
P -218.0233, -649.9305, -14.4836,  240, 0, 0,  3,  X
P 1535.6166, -1063.8401, -15.3573,  240, 0, 0,  3,  X
P -466.2257, -435.4500, -172.1634,  0, 0, 0,  3,  X
P 1648.2748, -163.0467, -21.7286,  240, 0, 0,  3,  X
P 1715.0326, -1314.9677, -15.0071,  240, 0, 0,  3,  X
P 1552.5099, -827.7237, -17.7462,  240, 0, 0,  3,  X
P -955.2631, -851.8694, -7.2891,  240, 0, 0,  3,  X
P -724.9825, -448.8326, -175.5268,  100, 0, 100,  3,  X
P 395.0729, -1393.8844, -297.3782,  100, 0, 100,  3,  X
P 1206.1570, -680.5701, -231.6942,  100, 0, 100,  3,  X
P 1109.3224, 344.2427, -315.1059,  100, 0, 100,  3,  X
P -1885.5519, 65.9070, -37.6265,  240, 0, 0,  3,  X
P -1495.7511, 179.3499, -0.7668,  240, 0, 0,  3,  X
P 1486.6492, -490.6724, -39.5297,  240, 0, 0,  3,  X
P 1904.9551, -614.2757, -37.6353,  240, 0, 0,  3,  X
P 1182.9198, -188.5753, -205.2078,  240, 0, 0,  3,  X
P -316.0900, -1033.1034, -210.6770,  100, 0, 100,  3,  X
P -344.3649, -1110.6653, -28.8699,  240, 0, 0,  3,  X
P -1193.8661, -474.4873, -37.7898,  240, 0, 0,  3,  X
P -2400.0000, 600.0000, 0.0000,  240, 0, 0,  2,  Ancient_Fractures
P -2400.0000, 700.0000, 0.0000,  100, 0, 100,  2,  Even_Grand_Bone_Dragons_Fight
P -1200.0000, 600.0000, 0.0000,  0, 0, 0,  2,  Webber's_Dictionary:_Kill_spiders,_?
P -1200.0000, 700.0000, 0.0000,  0, 0, 127,  2,  Sparkly_Shinies:_Mission_Zlandicar
P 590.0944, -1631.5818, -9.4441,  240, 0, 0,  3,  X
P 2455.1182, 240.7835, -2.5074,  240, 0, 0,  3,  X
P -930.9850, -643.6385, -36.6328,  240, 0, 0,  3,  X
P 2081.4463, -13.2701, -3.1762,  240, 0, 0,  3,  X
P 1901.1128, -294.2907, -10.7948,  240, 0, 0,  3,  X
P 1296.9019, -1505.7100, 93.7066,  240, 0, 0,  3,  X
P 58.2034, -1331.8064, -11.8471,  240, 0, 0,  3,  X
P 1470.1863, -1456.6199, 12.0370,  240, 0, 0,  3,  X
P 2753.6829, 199.3728, 3.9063,  240, 0, 0,  3,  X
P 2571.4070, 33.8044, -6.7021,  240, 0, 0,  3,  X
P -31.0674, -746.5952, -11.6737,  240, 0, 0,  3,  X
P -136.9828, -574.8297, -11.6466,  240, 0, 0,  3,  X
P 1753.6172, -235.0083, -257.7457,  100, 0, 100,  3,  X
P 1803.4690, -41.9122, -243.1336,  100, 0, 100,  3,  X
P 434.3138, 323.0738, -277.2141,  100, 0, 100,  3,  X
P 787.7426, 355.5864, -236.7738,  100, 0, 100,  3,  X
P 1547.4583, -328.7206, -263.1808,  100, 0, 100,  3,  X
P 463.3950, -1398.2571, -254.8257,  100, 0, 100,  3,  X
P -981.7162, -1531.2555, -141.8988,  240, 0, 0,  3,  X
P -84.3236, -1011.3242, -220.0585,  100, 0, 100,  3,  X
P 594.7791, 496.5782, -236.6851,  100, 0, 100,  3,  X
P 1267.3456, 297.2076, -258.7659,  100, 0, 100,  3,  X
P -1030.6349, -915.2635, -13.7691,  240, 0, 0,  3,  X
P -195.2559, -479.4501, -235.3201,  100, 0, 100,  3,  X
P 85.3088, -1492.3268, -146.4829,  100, 0, 100,  3,  X
P 1024.2394, -793.4755, -234.3907,  100, 0, 100,  3,  X
P 1831.9363, 212.8567, -254.9375,  100, 0, 100,  3,  X
P 2087.8477, 86.6919, 24.7069,  240, 0, 0,  3,  X
P 2163.1990, -325.5982, -31.3007,  240, 0, 0,  3,  X
P 2316.2786, -61.4602, -13.5068,  240, 0, 0,  3,  X
P 879.2072, -950.1313, -29.9935,  240, 0, 0,  3,  X
P 353.2157, -1350.1355, -11.6596,  240, 0, 0,  3,  X
P 41.0760, -1633.9677, -5.1895,  240, 0, 0,  3,  X
P 220.2567, -1527.6366, -6.5964,  240, 0, 0,  3,  X
P -1330.4900, -792.5746, 67.3359,  240, 0, 0,  3,  X
P -1134.9258, -971.9210, -10.9758,  240, 0, 0,  3,  X
P -770.3494, -1132.2985, -25.8594,  240, 0, 0,  3,  X
P -91.8244, -1144.8644, -187.0628,  100, 0, 100,  3,  X
P -258.9621, -592.6553, -232.5889,  100, 0, 100,  3,  X
P 569.9620, -1116.6327, -230.4802,  100, 0, 100,  3,  X
P 375.1541, -1198.2981, -29.6910,  240, 0, 0,  3,  X
P 231.2957, -1256.1957, -12.9900,  240, 0, 0,  3,  X
P 2366.2715, 179.5432, -244.9652,  100, 0, 100,  3,  X
P 2137.4219, -92.7776, -238.7070,  100, 0, 100,  3,  X
P 193.4029, -1464.6122, -156.4643,  100, 0, 100,  3,  X
P 1470.9203, 263.0334, -249.4321,  100, 0, 100,  3,  X
P 1857.2594, -297.5175, -257.3670,  100, 0, 100,  3,  X
P 1441.6061, -1040.1332, -45.1748,  240, 0, 0,  3,  X
P -310.0471, -619.6755, -10.1628,  240, 0, 0,  3,  X
P -2085.6321, 66.6994, -6.9636,  240, 0, 0,  3,  X
P -959.3473, -385.0892, -4.0362,  240, 0, 0,  3,  X
