P -610.1697, -3442.0732, -4.7231,  0, 127, 127,  3,  X
P -384.5629, -3018.0310, -13.9832,  0, 127, 127,  3,  X
P -919.6530, -2690.5942, -31.7457,  0, 127, 127,  3,  X
P -1394.0399, -2484.1885, -31.8471,  0, 127, 127,  3,  X
P -1858.5125, -2138.3359, -25.5086,  0, 127, 127,  3,  X
P -2006.4579, -1991.2528, -14.9035,  0, 127, 127,  3,  X
P -2092.9041, -1887.0109, -10.2004,  0, 127, 127,  3,  X
P -2097.1248, -1526.4462, -27.2108,  0, 127, 127,  3,  X
P -1313.9001, -460.6082, -25.2092,  0, 127, 127,  3,  X
P -667.6877, 434.3798, -28.7524,  0, 127, 127,  3,  X
P -591.0994, 292.9133, -33.1214,  0, 127, 127,  3,  X
P 156.7486, 208.8387, -33.2740,  0, 127, 127,  3,  X
P 550.2025, 236.6456, -26.6716,  0, 127, 127,  3,  X
P 383.2564, 145.8493, -16.3808,  0, 127, 127,  3,  X
P 393.0333, 132.6005, -23.0832,  0, 127, 127,  3,  X
P 1296.9613, -966.1316, -29.6548,  0, 127, 127,  3,  X
P 1319.8030, -1902.8899, -23.6250,  0, 127, 127,  3,  X
P 1398.3445, -2720.6145, -22.8766,  0, 127, 127,  3,  X
P 1566.3413, -2433.4131, -23.7921,  0, 127, 127,  3,  X
P 407.1241, -3292.8467, -35.4810,  0, 127, 127,  3,  X
P 622.3094, -3211.9165, -38.8900,  0, 127, 127,  3,  X
P -755.8128, -1737.9612, 53.2637,  100, 0, 255,  3,  X
P -917.6898, -774.8138, -47.6050,  100, 0, 255,  3,  X
P -786.9910, -598.3506, -30.4907,  100, 0, 255,  3,  X
P -689.8203, -623.7900, -36.0624,  100, 0, 255,  3,  X
P 305.3415, -309.6498, -42.9716,  0, 127, 127,  3,  X
P 316.4754, -479.1071, -43.5585,  100, 0, 255,  3,  X
P 122.5912, -782.6594, -3.6514,  100, 0, 255,  3,  X
P -313.6671, -784.1290, -1.4209,  100, 0, 255,  3,  X
P 226.0007, -557.7734, -42.9266,  0, 127, 127,  3,  X
P -1473.0225, -1330.7045, -28.9447,  0, 127, 127,  3,  X
P -175.4271, -1.5979, -49.9315,  0, 127, 127,  3,  X
P 63.4864, -1041.7417, -24.1076,  100, 0, 255,  3,  X
P -423.2826, -1587.6505, -87.4648,  100, 0, 255,  3,  X
P 27.2141, -26.5759, -31.3599,  100, 0, 255,  3,  X
P -280.7151, -877.6388, 41.8535,  100, 0, 255,  3,  X
P -1084.7705, -902.0793, -35.9892,  100, 0, 255,  3,  X
P -660.0002, -716.2839, -44.2767,  100, 0, 255,  3,  X
P -897.7122, -1494.3282, 1.0285,  100, 0, 255,  3,  X
P -1112.4973, -1982.9622, -32.6829,  100, 0, 255,  3,  X
P 215.2569, -1132.5405, -15.5463,  100, 0, 255,  3,  X
P -444.6344, -1285.4883, -31.9734,  100, 0, 255,  3,  X
P -225.4841, -1055.1154, -29.5870,  100, 0, 255,  3,  X
P 469.0433, -547.8072, -28.6284,  100, 0, 255,  3,  X
P -73.8179, -1451.3729, 88.3855,  100, 0, 255,  3,  X
P -1191.4313, -1141.0187, -33.1251,  100, 0, 255,  3,  X
P -1279.1421, -1344.8834, -39.4303,  100, 0, 255,  3,  X
P -1314.2507, -1635.8594, -35.5465,  100, 0, 255,  3,  X
P -184.5711, -1311.7327, 28.8154,  100, 0, 255,  3,  X
P -455.7252, -1221.3724, 52.9762,  100, 0, 255,  3,  X
P -1350.6984, -1684.8809, -36.5595,  100, 0, 255,  3,  X
P -374.2235, -1407.8441, -29.0415,  100, 0, 255,  3,  X
P -587.7363, -1470.3206, -81.4969,  100, 0, 255,  3,  X
P -700.4421, -1489.7058, 57.6190,  100, 0, 255,  3,  X
P 385.0201, -1661.4973, -53.7535,  100, 0, 255,  3,  X
P -1428.4225, -1432.7930, -27.9322,  100, 0, 255,  3,  X
P -1356.2129, -1521.2313, -26.7586,  100, 0, 255,  3,  X
P -890.8677, -1733.0261, -11.1028,  240, 0, 0,  3,  X
P -1582.1949, -2157.1135, -23.3995,  240, 0, 0,  3,  X
P -613.7090, -3081.4141, -23.0871,  240, 0, 0,  3,  X
P -1271.6193, -2353.8975, -31.8167,  240, 0, 0,  3,  X
P -266.8230, -2944.6526, 0.4582,  240, 0, 0,  3,  X
P -459.8367, -1221.4899, 58.0279,  240, 0, 0,  3,  X
P -915.7147, -791.2230, -45.3849,  240, 0, 0,  3,  X
P 226.4442, -1302.5822, -26.2665,  240, 0, 0,  3,  X
P -228.7045, -1055.3278, -29.5055,  240, 0, 0,  3,  X
P -789.5403, -1204.0645, 27.4834,  100, 0, 255,  3,  X
P -732.4437, -1339.3412, -0.3306,  100, 0, 255,  3,  X
P -1035.6377, -1174.3658, 0.2284,  100, 0, 255,  3,  X
P -692.0308, -1043.4497, 25.6079,  100, 0, 255,  3,  Shard_of_Life
P -1485.9966, -2095.3345, -23.4988,  0, 127, 127,  3,  X
P -1316.2239, -2259.4492, -23.0937,  240, 0, 0,  3,  X
P -1423.1963, -2155.0435, -10.3157,  240, 0, 0,  3,  X
P -1416.7114, -2625.8193, -12.3087,  240, 0, 0,  3,  X
P 1394.2966, -2740.7629, -20.0225,  240, 0, 0,  3,  X
P -317.7252, -776.7479, -4.2470,  240, 0, 0,  3,  X
P -1181.6833, -3088.9424, -31.7680,  240, 0, 0,  3,  Ruins_of_Decay
P -1065.8763, -517.0136, -32.1686,  240, 0, 0,  3,  X
P 71.8298, -1043.9646, -29.3685,  240, 0, 0,  3,  X
P 356.9773, -885.0551, 30.0443,  240, 0, 0,  1,  X
P -772.2241, -3077.9346, -23.6982,  240, 0, 0,  3,  X
P -962.5942, 12.6596, -25.8100,  0, 127, 127,  3,  Grails
P -1036.5814, -1179.3502, -1.6418,  240, 0, 0,  3,  X
P -663.4434, -707.9361, -42.3318,  240, 0, 0,  3,  X
P 552.2451, 24.9825, 3.0915,  240, 0, 0,  3,  X
P 2060.2754, -1214.5840, -28.8071,  0, 127, 127,  3,  X
P 1979.4304, -977.8350, -29.2886,  0, 127, 127,  3,  X
P 1772.1896, -1105.0813, -16.4063,  0, 127, 127,  3,  X
P 222.7696, 391.2505, -25.3700,  0, 127, 127,  3,  X
P 102.2184, 96.6267, -34.9614,  0, 127, 127,  3,  X
P -460.2935, 294.7866, -23.4642,  0, 127, 127,  3,  X
P -1471.1136, -549.0663, -45.7421,  0, 127, 126,  3,  X
P 781.9671, -3185.7771, -31.7543,  0, 127, 127,  3,  X
P 1362.7368, -1818.3976, -8.3582,  0, 127, 127,  3,  X
P -1688.4236, -1879.7170, -32.2022,  0, 127, 127,  3,  X
P -568.4646, -2003.6714, 15.4739,  100, 0, 255,  3,  X
P -644.3841, -3215.4124, -16.7939,  240, 0, 0,  3,  X
P -77.1232, -3062.1135, -12.6938,  240, 0, 0,  3,  X
P -841.2148, -733.7086, -46.6928,  240, 0, 0,  3,  X
P -699.4579, -3121.9429, -26.2382,  240, 0, 0,  3,  X
P 248.2968, -3383.6667, -27.2282,  240, 0, 0,  3,  X
P -888.9694, -1733.7144, -5.7839,  100, 0, 255,  3,  X
P 160.7334, -3135.5989, -28.3006,  0, 127, 127,  3,  X
P -233.3354, -2963.4309, -14.7521,  0, 127, 127,  3,  X
P -898.7570, -2820.5339, -32.2195,  0, 127, 127,  3,  X
P -1067.1221, -518.9692, -31.7501,  0, 127, 127,  3,  X
P -2011.4321, -1169.4197, -30.2276,  0, 127, 127,  3,  X
P 1946.5913, -1732.1338, -18.3335,  0, 127, 127,  3,  X
P 1433.2994, 40.3259, -27.6365,  0, 127, 127,  3,  X
P -527.4214, -938.1118, 32.4889,  100, 0, 255,  3,  X
P -4.9368, -1124.1945, -18.5820,  100, 0, 255,  3,  X
P 225.7650, -1301.0729, -26.4216,  100, 0, 255,  3,  X
P -360.8500, -1297.4354, -29.8917,  100, 0, 255,  3,  X
P -77.9902, -1619.8966, 87.5402,  100, 0, 255,  3,  X
P -859.1354, -2930.7627, -35.0648,  240, 0, 0,  3,  X
P -545.1879, -3027.3816, -15.3360,  0, 127, 127,  3,  X
P 622.8868, -3241.7581, -15.4612,  240, 0, 0,  3,  X
P 1388.8896, -2577.0544, -27.0480,  240, 0, 0,  3,  X
P 254.2489, -1782.9879, -52.5827,  240, 0, 0,  3,  X
P -1181.8350, -1139.0369, -30.0602,  240, 0, 0,  3,  X
P -1135.5681, -1895.8392, -27.7326,  240, 0, 0,  3,  X
P -890.4837, -1513.8462, 10.8649,  240, 0, 0,  3,  X
P -596.9113, -1659.2660, -87.9906,  240, 0, 0,  3,  X
P 792.6404, -3333.8142, -32.2486,  240, 0, 0,  3,  X
P -772.8176, -3200.1775, -27.0079,  0, 127, 127,  3,  X
