P -798.4391, -427.1302, 37.3807,  127, 0, 0,  2,  Ramp_Up
P 1531.0000, 208.0000, 1.3952,  0, 0, 0,  1,  Succor
P -915.3752, 204.0166, 54.5595,  127, 0, 0,  2,  Ramp_up
P -768.0590, 174.1874, 41.9926,  127, 0, 0,  3,  X*
P 1429.8882, 456.4912, 17.4463,  127, 0, 0,  2,  Ramp_Up_*beware_see_invi*
P -897.7938, 324.4758, 43.2191,  127, 0, 0,  2,  Ramp_Up
P -883.0759, 70.7567, 96.4204,  127, 0, 0,  3,  X
P -853.5002, 413.1660, 45.1579,  127, 0, 0,  2,  Lev_over_to_bridge
P -1099.8257, 571.0981, 39.0252,  127, 0, 0,  2,  Lev_to_Ramp
P -296.6142, 456.7453, 34.4564,  127, 0, 0,  2,  Lev_to_Ramp_'beware_see_invi'
