P 574.4872, -492.2570, 51.9984,  240, 0, 0,  3,  X
P -959.0519, 224.2978, 40.6988,  240, 0, 0,  3,  X
P -1086.9711, 9.4947, 42.5219,  240, 0, 0,  3,  X
P -915.7837, -308.7919, 41.9943,  240, 0, 0,  3,  X
P -618.4586, -501.4155, 41.9825,  240, 0, 0,  3,  X
P 131.2969, -831.8392, 31.9838,  240, 0, 0,  3,  X
P -550.3111, -723.2491, 31.9920,  240, 0, 0,  3,  X
P -1070.6952, 611.9709, 41.9948,  240, 0, 0,  3,  X
P -596.3979, 933.4703, 61.4315,  240, 0, 0,  3,  X
P -124.3638, 894.4852, 61.9810,  240, 0, 0,  3,  X
P 1411.8278, 297.7730, 31.9824,  255, 0, 255,  3,  X
P 0.0000, -1104.9854, 0.0000,  240, 0, 0,  2,  Ravens_Gifts
P 0.0000, -1204.9854, 0.0000,  0, 0, 0,  2,  Shadowed_Remembrances:_Drop_from_Shadows,_Swarms,_Shades_
P 0.0000, 1300.0000, 0.0000,  0, 0, 0,  2,  Ancient_Halasian_Runes:_Drop_from_Terros,_Lurkers,_Oozes__
P 0.0000, 1200.0000, 0.0000,  255, 0, 255,  2,  Riven_Halasian_Weapons_and_Gear
P 1525.0978, -175.6728, 32.0013,  255, 0, 255,  3,  X
P 1067.3335, -93.6102, 3.7240,  255, 0, 255,  3,  X
P 267.2766, 68.6108, 2.0124,  255, 0, 255,  3,  X
P -33.9980, -450.2876, 11.4185,  255, 0, 255,  3,  X
P 571.5161, 246.5541, 4.2897,  255, 0, 255,  3,  X
P 550.6260, -51.6197, 3.4419,  255, 0, 255,  3,  X
P 1241.3047, -178.1638, 31.6298,  255, 0, 255,  3,  X
P 392.7415, 139.1729, 3.4534,  255, 0, 255,  3,  X
P 605.1595, -314.1812, 3.0237,  255, 0, 255,  3,  X
P 585.0536, -818.9135, 31.6095,  255, 0, 255,  3,  X
P 1338.1178, 481.2704, 1.7718,  255, 0, 255,  3,  X
P 875.8711, -105.0085, 1.6125,  255, 0, 255,  3,  X
P 845.0677, 65.9427, 3.1819,  255, 0, 255,  3,  X
P -1127.3136, 432.3819, 41.6249,  240, 0, 0,  3,  X
P 1068.6299, 79.6542, 1.6231,  255, 0, 255,  3,  X
P 766.4254, 479.1443, 2.8199,  255, 0, 255,  3,  X
P 249.2131, -869.8655, 31.6189,  255, 0, 255,  3,  X
P 470.3557, -879.4385, 31.6139,  240, 0, 0,  3,  X
P 1511.0293, 288.1487, 31.6374,  255, 0, 255,  3,  X
P -969.9396, -641.9752, 51.6233,  240, 0, 0,  3,  X
P 624.5586, 91.9712, 3.5979,  255, 0, 255,  3,  X
P -739.8163, 169.0022, 42.3803,  240, 0, 0,  3,  X
P -527.9372, 591.8105, 41.6371,  240, 0, 0,  3,  X
P -846.0999, -121.9290, 91.2385,  240, 0, 0,  3,  X
P -1115.7653, -546.5897, 61.6088,  240, 0, 0,  3,  X
P -1258.2217, -349.3137, 61.6175,  240, 0, 0,  3,  X
P -155.8907, 418.4271, 31.6229,  240, 0, 0,  3,  X
P 201.8315, 221.4938, 2.3159,  255, 0, 255,  3,  X
P 209.9029, -629.7565, 32.4776,  255, 0, 255,  3,  X
P 509.4993, -367.6374, 10.4763,  255, 0, 255,  3,  X
P 1291.7798, 373.5028, 43.6602,  255, 0, 255,  3,  X
P 307.2731, -169.7184, 2.4146,  255, 0, 255,  3,  X
P 212.2949, -268.5790, 2.2263,  255, 0, 255,  3,  X
P 298.2815, 283.6812, 32.0910,  255, 0, 255,  3,  X
P 1083.5386, 617.3502, 1.6093,  255, 0, 255,  3,  X
P 1340.4712, -11.5066, 3.3564,  255, 0, 255,  3,  X
P 613.0914, -456.4757, 31.6247,  255, 0, 255,  3,  X
P 789.6923, -562.2563, 31.6116,  255, 0, 255,  3,  X
P 448.3700, -516.6052, 31.8426,  255, 0, 255,  3,  X
P -438.0948, -827.0077, 51.6266,  240, 0, 0,  3,  X
P -719.7122, -699.2230, 51.6254,  240, 0, 0,  3,  X
P -1029.1194, -494.3084, 31.6295,  240, 0, 0,  3,  X
P -1087.3042, -190.5161, 32.4696,  240, 0, 0,  3,  X
P -0.4245, -940.0645, 32.8918,  240, 0, 0,  3,  X
P 111.0236, 556.7454, 51.8274,  240, 0, 0,  3,  X
P 116.8185, 424.0703, 52.3979,  240, 0, 0,  3,  X
P 549.0860, 425.9399, 32.5193,  255, 0, 255,  3,  X
P -1045.1996, 326.4432, 31.7484,  240, 0, 0,  3,  X
