P -60.0000, -400.0000, -34.1348,  0, 0, 0,  3,  Empty_Nester:_shrooms,_fiend,_
P 1723.3777, -450.4224, -50.3041,  240, 0, 0,  3,  The_Ax_Forgets,_But_The_Tree_Remembers
P -900.0000, 1400.0000, -34.1348,  100, 0, 100,  3,  The_Unbearable_Weight_of_Massive_Teachings
P 300.8647, 1550.0000, -34.5320,  0, 0, 0,  3,  Vestiges_of_Rampage:_spirit-touched,_
P 394.7683, 223.4098, -31.8419,  240, 0, 0,  3,  X
P 202.8062, 298.0388, -36.1394,  240, 0, 0,  3,  X
P -679.2175, -133.3622, -58.7768,  100, 0, 100,  3,  X
P -1149.9650, 213.5547, -49.4114,  100, 0, 100,  3,  X
P -1105.5463, 321.2883, -53.2976,  100, 0, 100,  3,  X
P -959.6912, 607.3430, -40.0348,  100, 0, 100,  3,  X
P -945.7842, 880.5522, -61.9924,  100, 0, 100,  3,  X
P -1056.5127, 628.8787, -55.5843,  100, 0, 100,  3,  X
P -1101.2948, 991.3643, -66.8099,  100, 0, 100,  3,  X
P -1185.3290, 1067.7804, -37.2870,  100, 0, 100,  3,  X
P 881.8450, -100.9742, -60.8311,  240, 0, 0,  3,  X
P 1041.8412, 145.0212, -19.9485,  240, 0, 0,  3,  X
P 888.2610, 246.6344, 16.9586,  240, 0, 0,  3,  X
P 811.1518, -1232.8794, -49.1405,  240, 0, 0,  3,  X
P 567.1689, -1224.1294, -50.3040,  240, 0, 0,  3,  X
P 1179.4845, -1112.7693, -50.2032,  240, 0, 0,  3,  X
P 922.6099, 160.0484, 17.1084,  240, 0, 0,  3,  X
P 515.5518, 115.3240, -3.3035,  240, 0, 0,  3,  X
P -945.1545, 398.3366, -57.7917,  100, 0, 100,  3,  X
P -1108.1143, 1074.1471, -77.8823,  100, 0, 100,  3,  X
P 597.3043, -900.4362, -45.6855,  240, 0, 0,  3,  X
P -351.1289, 23.9366, -57.1110,  100, 0, 100,  3,  X
P 165.4810, 78.6718, -31.9123,  240, 0, 0,  3,  X
P 876.5596, -895.1545, -48.9990,  240, 0, 0,  3,  X
P 828.1312, -1451.6517, -86.3688,  240, 0, 0,  3,  X
P 811.6964, -1287.2380, -107.0213,  240, 0, 0,  3,  X
P -863.3965, 83.0172, -108.1419,  0, 0, 0,  3,  X
P -977.3287, 152.0412, -108.8087,  0, 0, 0,  3,  X
P -981.7598, 216.4290, -36.5340,  0, 0, 0,  3,  X
P 301.5321, 76.9597, -28.8088,  240, 0, 0,  3,  X
P -597.2438, -46.7880, -58.6134,  0, 0, 0,  3,  X
P 798.4437, 3.4770, -31.9013,  240, 0, 0,  3,  X
