P 146.7877, -481.9166, -30.4927,  0, 127, 0,  3,  to_Sepulcher_of_Order
P 450.7690, 2107.8667, 4.5993,  0, 127, 0,  3,  to_City_of_Bronze
P 495.0000, 1965.0000, 2.1250,  0, 0, 0,  1,  Succor
P -234.5338, -955.9352, 5.5693,  0, 127, 0,  3,  to_Chapterhouse
P -440.1541, -601.7155, 5.5693,  0, 127, 0,  3,  to_Xorbb
P -365.5896, -199.1879, 5.5693,  0, 127, 0,  3,  to_East_Wastes
P -50.8316, 63.2411, 5.5693,  0, 127, 0,  3,  to_Breeding_Grounds
P 670.2938, -204.3403, 5.5693,  0, 127, 0,  3,  to_Grelleth
P 737.7355, -608.5660, 5.5693,  0, 127, 0,  3,  to_Evantil
P 150.4361, -1099.2090, 5.5693,  0, 127, 0,  3,  to_PoShadows
P 528.6648, -961.7607, 5.5693,  0, 127, 0,  3,  to_Chelsith
