P -897.1472, -647.0306, 61.7581,  240, 0, 0,  3,  X
P -659.0029, -386.9806, 35.7951,  240, 0, 0,  3,  X
P -333.8599, -273.9591, 38.0274,  240, 0, 0,  3,  X
P -656.8431, -512.0021, 204.7896,  240, 0, 0,  3,  X
P -1647.6227, -1670.0015, 9.0901,  100, 0, 100,  3,  X
P -2047.8505, -1921.0226, -160.1306,  100, 0, 100,  3,  X
P -1886.8937, -2028.9402, -164.2115,  100, 0, 100,  3,  X
P -1451.8125, -3104.7876, -156.0911,  100, 0, 100,  3,  X
P -1652.0669, -2225.1724, -159.8679,  100, 0, 100,  3,  X
P -204.7348, -836.1049, 193.2809,  240, 0, 0,  3,  X
P -2129.7378, -1042.2316, -35.9284,  100, 0, 100,  3,  X
P -1289.7166, -1907.2205, 0.7976,  100, 0, 100,  3,  X
P -1413.1122, -1270.0016, 0.7909,  100, 0, 100,  3,  X
P -2307.9949, -1979.9955, -59.2048,  100, 0, 100,  3,  X
P -2456.2039, -1567.7465, -164.2092,  100, 0, 100,  3,  X
P -2039.1028, -1698.8655, -259.2110,  100, 0, 100,  3,  X
P -2579.3433, -2359.9019, -164.2094,  100, 0, 100,  3,  X
P -549.0154, -150.9224, 193.3768,  240, 0, 0,  3,  X
P -1204.5673, -933.8470, 233.3769,  240, 0, 0,  3,  X
P -814.4420, -771.9753, 213.3773,  240, 0, 0,  3,  X
P -351.5026, -372.3310, 193.3767,  240, 0, 0,  3,  X
P -1177.1625, -953.4469, 42.3769,  240, 0, 0,  3,  X
P -612.1495, -499.7127, 34.3770,  240, 0, 0,  3,  X
P -101.9830, -416.5358, 193.3769,  240, 0, 0,  3,  X
P -354.1327, -209.5535, 193.3768,  240, 0, 0,  3,  X
P -682.0154, -994.4698, 219.3343,  240, 0, 0,  3,  X
P -1209.9131, -445.3603, 238.8293,  240, 0, 0,  3,  X
P -1539.8173, -975.9277, -28.8743,  100, 0, 100,  3,  X
P -1919.6891, -3132.3350, -152.6018,  100, 0, 100,  3,  X
P -2113.6775, -2581.6521, -162.6632,  100, 0, 100,  3,  X
P -1039.8539, -772.4155, 214.8630,  240, 0, 0,  3,  X
P -477.1576, -836.4416, 194.6885,  240, 0, 0,  3,  X
P -821.9308, -462.1598, 204.6713,  240, 0, 0,  3,  X
P -1289.6205, -983.6074, 58.8828,  240, 0, 0,  3,  X
P -1243.8738, -1273.6930, -0.2063,  100, 0, 100,  3,  X
P -1388.5453, -1910.3766, 4.8588,  100, 0, 100,  3,  X
P -2109.6038, -1574.4357, -40.2063,  100, 0, 100,  3,  X
P -1177.8688, -1475.1298, 54.3987,  100, 0, 100,  3,  X
P -500.0000, -1100.0000, 47.3685,  240, 0, 0,  2,  Drake_Scales
P -2000.0000, -3200.0000, -37.8369,  100, 0, 100,  2,  Crystallized_Anatomy
P -3000.0000, -130.0000, 1.1250,  0, 0, 127,  2,  Lost_Journals:_Mission:_The_Crusaders(Drakes_only)
P -3000.0000, -60.0000, 1.1250,  0, 0, 0,  2,  Draconic_Artifacts:_Kill
P -901.2875, -807.1443, 341.2488,  240, 0, 0,  3,  X
P -1475.3926, -1963.0149, -39.0374,  100, 0, 100,  3,  X
P -2484.8145, -969.7750, -32.2178,  100, 0, 100,  3,  X
P -974.9764, -780.8661, 214.9560,  240, 0, 0,  3,  X
P -973.0116, -350.3950, 294.9571,  240, 0, 0,  3,  X
P -581.1591, -337.6780, 294.9464,  240, 0, 0,  3,  X
P -1181.5459, -404.3767, 64.1171,  240, 0, 0,  3,  X
P -518.5330, -46.1134, 1.1217,  240, 0, 0,  3,  X
P -555.2137, -953.9114, 43.9637,  240, 0, 0,  3,  X
P -613.1729, -787.6459, 215.1183,  240, 0, 0,  3,  X
P -1031.8993, -296.2996, 321.1134,  240, 0, 0,  3,  X
P -209.8183, -673.3249, 21.3768,  240, 0, 0,  3,  X
P -1023.5814, -823.3422, 42.3768,  240, 0, 0,  3,  X
P -700.5067, -465.1595, 205.1504,  240, 0, 0,  3,  X
P -812.3167, -395.5925, 329.4081,  240, 0, 0,  3,  X
P -1755.7079, -1270.4347, 1.1143,  100, 0, 100,  3,  X
P -1753.1255, -1088.5082, 1.1315,  100, 0, 100,  3,  X
P -2484.8003, -1442.8622, -33.2178,  100, 0, 100,  3,  X
P -2568.2471, -2038.6216, -103.8420,  100, 0, 100,  3,  X
P -1923.9319, -1794.5568, -162.5217,  100, 0, 100,  3,  X
P -1075.6216, -46.6365, 290.9146,  240, 0, 0,  3,  X
P -2297.1902, -2869.3418, -157.0401,  100, 0, 100,  3,  X
P -2120.3235, -1700.4065, -163.0140,  100, 0, 100,  3,  X
P -1622.9303, -1069.5955, -29.0401,  100, 0, 100,  3,  X
P -1789.5092, -1405.4823, -40.1492,  100, 0, 100,  3,  X
P -1537.3174, -1313.4032, -36.5555,  100, 0, 100,  3,  X
P -1087.3738, -1898.3743, 8.7795,  100, 0, 100,  3,  X
P -2428.4500, -1899.6521, -39.0752,  100, 0, 100,  3,  X
P -2561.4771, -1685.4336, -154.0632,  100, 0, 100,  3,  X
P -2466.0718, -1905.6183, -164.0676,  100, 0, 100,  3,  X
P -2575.3052, -2703.7813, -159.3102,  100, 0, 100,  3,  X
P -1869.6725, -2068.6165, -156.0418,  100, 0, 100,  3,  X
P -1282.4712, -2154.3157, 1.2582,  100, 0, 100,  3,  X
P -122.0761, -460.0537, 23.2398,  240, 0, 0,  3,  X
P -1063.0132, -739.4982, 64.2250,  240, 0, 0,  3,  X
P -891.9099, -467.4471, 205.2318,  240, 0, 0,  3,  X
P -1282.3085, -1668.2085, 1.2367,  100, 0, 100,  3,  X
P -223.4279, 20.9926, 7.2486,  240, 0, 0,  3,  X
P -238.0885, -231.6597, 1.2477,  240, 0, 0,  3,  X
P -349.8381, -609.0435, 36.5001,  240, 0, 0,  3,  X
P -1177.1841, 21.5370, 84.2351,  240, 0, 0,  3,  X
P -209.0970, -495.2006, 200.7371,  240, 0, 0,  3,  X
