P 1966.9623, -246.3196, -50.8089,  240, 0, 0,  3,  X
P 1994.2815, 189.5768, -99.6996,  240, 0, 0,  3,  X
P 2120.7310, 851.0042, -31.9386,  240, 0, 0,  3,  X
P 1825.4688, -472.3332, -17.9650,  240, 0, 0,  3,  X
P -871.7841, -1695.0210, 87.8358,  240, 0, 0,  3,  X
P -486.9756, -2196.9480, 288.1109,  240, 0, 0,  3,  X
P -643.0984, -1534.6663, 25.4388,  0, 127, 0,  3,  X
P -21.9562, -509.2220, -51.4272,  0, 127, 0,  3,  X
P 618.9402, 1552.1989, 5.3300,  0, 127, 0,  3,  X
P 113.1799, 219.2151, -47.1045,  0, 127, 0,  3,  X
P -284.4235, 30.8459, -43.4145,  0, 127, 0,  3,  X
P -793.1354, -1024.1803, 26.1376,  240, 0, 0,  3,  X
P -1400.5116, -843.5685, 64.5588,  240, 0, 0,  3,  X
P 543.2318, -1393.5514, 75.8660,  0, 127, 0,  3,  X
P -600.7324, -1003.7047, -55.0506,  0, 127, 0,  3,  X
P -717.7332, -1173.4004, -19.1053,  0, 127, 0,  3,  X
P -364.5503, 1282.4258, 14.4938,  0, 127, 0,  3,  X
P 449.1529, 840.2772, -45.1465,  0, 127, 0,  3,  X
P 417.3815, -16.2943, -37.1046,  0, 127, 0,  3,  X
P 432.1848, 295.7006, -33.5748,  0, 127, 0,  3,  X
P -725.4103, -1931.9740, 174.0042,  240, 0, 0,  3,  X
P 2077.5862, 908.5815, -37.0591,  240, 0, 0,  3,  X
P 1976.6554, 679.7281, -67.9159,  240, 0, 0,  3,  X
P 1989.5154, 561.8657, -89.0670,  240, 0, 0,  3,  X
P 1950.4280, 372.9509, -123.5704,  240, 0, 0,  3,  X
P -473.2975, -2299.2168, 287.6386,  240, 0, 0,  3,  X
P 356.0939, -1061.5999, 30.4187,  0, 127, 0,  3,  X
P 1872.6791, -365.1253, -56.4986,  240, 0, 0,  3,  X
P 1939.9203, -38.5982, -28.9429,  240, 0, 0,  3,  X
P 2334.1575, -205.6868, -103.1927,  240, 0, 0,  3,  X
P 2295.1702, -345.8085, -111.6914,  240, 0, 0,  3,  X
P 646.4626, 985.3157, -38.1076,  0, 127, 0,  3,  X
P -1141.4507, 1204.9225, 40.6425,  0, 127, 0,  3,  X
P -1590.9795, 406.1138, 21.8827,  0, 127, 0,  3,  X
P 2678.2129, -533.9625, 0.0000,  0, 0, 0,  2,  Crude_Fyr_Jen_Tools:_Drop_from_Syl_ren,_Shak,_Fyr_jen_
P 2678.2129, -433.9625, 0.0000,  240, 0, 0,  2,  Bountiful_poisonous_Webcaps
P 455.3566, -2000.0000, 0.0000,  0, 0, 0,  2,  Elysians_Bone_Relics:Drop_from_Gantru,_Akhevas,_Earth_Elemental
P 455.3566, -1850.0000, 0.0000,  0, 127, 0,  2,  Twilight_Orchid_Medleys
P -90.0233, 327.5078, -45.4165,  0, 127, 0,  3,  X
P -1028.1576, 385.5737, -28.3279,  0, 127, 0,  3,  X
P -1580.2349, 527.4948, 24.6917,  0, 127, 0,  3,  X
P 607.8304, -872.1829, -5.7047,  0, 127, 0,  3,  X
P 455.5151, 675.1187, -49.6216,  0, 127, 0,  3,  X
P 281.8504, 39.9844, -46.0061,  0, 127, 0,  3,  X
P -167.0406, 931.0723, -16.9882,  0, 127, 0,  3,  X
P -862.3647, -1001.2477, 39.9752,  0, 127, 0,  3,  X
P -196.8664, 499.7408, -50.1344,  0, 127, 0,  3,  X
P 57.0422, 345.0790, -48.1934,  0, 127, 0,  3,  X
P -1124.0529, -566.3448, 12.5667,  0, 127, 0,  3,  X
P -817.2042, 509.0648, -33.2835,  240, 0, 0,  3,  X
P -567.2137, 1057.5740, 6.9338,  0, 127, 0,  3,  X
P -1464.3290, 501.1601, -2.8136,  240, 0, 0,  3,  X
P -680.7818, 499.5213, -39.7142,  240, 0, 0,  3,  X
P 2382.5557, -323.2540, -116.6470,  240, 0, 0,  3,  X
P 1355.1957, -1025.7383, 64.8887,  240, 0, 0,  3,  X
P 1662.6818, -458.6840, 38.9914,  240, 0, 0,  3,  X
P 554.5103, 649.6310, -35.5942,  0, 127, 0,  3,  X
P 2000.4668, -102.3319, -24.7640,  240, 0, 0,  3,  X
P 1991.1780, 826.2579, -44.6470,  240, 0, 0,  3,  X
P -690.3760, -367.0366, -27.5845,  0, 127, 0,  3,  X
P -1453.2426, -346.3451, 68.1215,  0, 127, 0,  3,  X
P 612.8898, 903.4236, -37.3545,  240, 0, 0,  3,  X
P -703.9551, -2147.9983, 214.4467,  240, 0, 0,  3,  X
P -323.0611, 21.9015, -41.6232,  0, 127, 0,  3,  X
P 1270.5276, 718.3094, 43.7012,  240, 0, 0,  3,  X
P 1676.2721, -406.0418, 49.2659,  240, 0, 0,  3,  X
P 2042.4446, -274.5199, -29.7912,  240, 0, 0,  3,  X
P 2060.2493, 631.0250, -50.3615,  240, 0, 0,  3,  X
P 500.7685, -1604.9296, 106.9418,  240, 0, 0,  3,  X
P -768.7759, -954.1683, 19.4485,  240, 0, 0,  3,  X
P -855.3817, -1765.6427, 101.9570,  240, 0, 0,  3,  X
P -45.7931, -1027.2941, 25.3746,  240, 0, 0,  3,  X
P 1806.2039, -396.4207, 9.6468,  240, 0, 0,  3,  X
P -227.1553, -493.3618, -47.9532,  240, 0, 0,  3,  X
P -424.4746, 533.2975, -48.0999,  0, 127, 0,  3,  X
P 918.0692, -1411.1250, 59.4405,  0, 127, 0,  3,  X
P 473.2242, 1685.0116, 2.2778,  0, 127, 0,  3,  X
P 1147.7726, -1197.1165, 67.5614,  0, 127, 0,  3,  X
P 691.2155, -1242.8263, 48.1395,  0, 127, 0,  3,  X
