P -1922.2271, -15.5977, 0.4293,  240, 0, 0,  3,  X
P -1117.0094, 900.0000, 1.9767,  240, 0, 0,  2,  Reliefs_of_Vex_Thall
P -1623.2029, 14.1762, 0.3160,  240, 0, 0,  3,  X
P -1697.1841, -84.3077, -1.2373,  240, 0, 0,  3,  X
P -1107.8820, -694.9297, 0.4293,  240, 0, 0,  3,  X
P -1063.3821, -316.2611, 59.7986,  100, 0, 255,  2,  X
P -1117.5774, -275.9166, 59.7997,  100, 0, 255,  2,  X
P -1117.0094, -800.0000, 59.8006,  100, 0, 255,  2,  Vex_Thal_Librarian
P -384.3632, 20.6023, -0.2049,  240, 0, 0,  3,  X
P -277.5812, 76.7940, 3.7909,  240, 0, 0,  3,  X
P -984.7773, 464.3925, -0.2049,  240, 0, 0,  3,  X
P -1111.5691, 489.1123, 3.2955,  240, 0, 0,  3,  X
P -1179.4341, 399.2636, 59.8002,  100, 0, 255,  2,  X
P -1609.1917, 38.4228, -1.2381,  240, 0, 0,  3,  X
P -1713.3572, 9.5984, 3.2955,  240, 0, 0,  3,  X
P -1850.8932, -35.4501, 0.4292,  240, 0, 0,  3,  X
P -1627.9679, 59.4412, 59.8002,  100, 0, 255,  2,  X
P -1469.7350, -433.9903, 128.7916,  240, 0, 0,  3,  X
P -969.2972, 417.5385, 128.7909,  100, 0, 255,  2,  X
P -760.1302, -89.9213, 120.7978,  100, 0, 255,  2,  X
P -1829.6515, -39.9530, 0.3156,  240, 0, 0,  3,  X
P -1695.6011, -2.2082, 65.7877,  0, 0, 0,  2,  X
P 259.4849, -24.8463, 0.2531,  240, 0, 0,  3,  X
P -1117.0094, 1000.0000, 1.9767,  0, 0, 0,  2,  Captured_Glimpses:_Drop_from_Shades,_
P -1117.0094, -900.0000, 59.8006,  0, 0, 0,  2,  Akheva_Insignia:_Drop_from_Akhevas,_
P -551.8185, -59.3083, 5.1164,  240, 0, 0,  3,  X
P -1117.0270, -488.1648, 67.1211,  100, 0, 255,  2,  X
P -1128.2216, -575.5641, 2.1339,  240, 0, 0,  3,  X
P -1159.6100, -372.2914, 0.0773,  240, 0, 0,  3,  X
P -1473.1115, -517.6536, 1.1284,  240, 0, 0,  3,  X
P -1029.5259, 562.6935, 126.1140,  100, 0, 255,  2,  X
P -1048.8219, 542.4731, 61.0034,  100, 0, 255,  2,  X
P -1178.2466, 566.8958, 60.9533,  100, 0, 255,  2,  X
P -1743.0634, 288.2938, 0.9610,  240, 0, 0,  3,  X
P -1626.1780, -35.6895, 60.9670,  100, 0, 255,  2,  X
P -1786.4966, -323.9481, 4.9565,  240, 0, 0,  3,  X
P -1187.9419, -541.6299, 61.3825,  100, 0, 255,  2,  X
P -1048.7035, -544.5857, 60.9561,  0, 0, 0,  1,  V
P -1154.7367, -562.7318, 61.4123,  100, 0, 255,  2,  X
P -1205.2748, -512.4042, 60.9560,  100, 0, 255,  2,  X
P -771.3199, -369.5698, -0.0422,  240, 0, 0,  3,  X
